0 0 0.24212725422892103
5 0 0.16483557992727446
6 0 -0.24062952818088987
7 0 -2.5920047853443675
0 1 0.010684900100016353
5 1 1.2791962255635234
6 1 1.2791962255635234
7 1 -0.37903185104000886
0 2 0.2983669725517973
0 3 -0.394780208008148
1 3 3.3586377672433594
5 3 1.2791962255635234
6 3 1.2791962255635234
0 4 -0.1070981355563671
2 4 3.3586377672433594
6 5 2.665490586683414
7 5 1.7004096906398272
7 6 2.0633151843291957
8 6 1.2791962255635234
0 7 -3.439302645731571
1 7 1.7004096906398272
3 7 2.1058747987479913
4 7 -0.37903185104000886
5 7 -1.0721790315999542
7 7 1.639040744263535
8 7 2.0188634217583616
9 7 1.7004096906398272
10 7 0.159964649692678
2 8 1.9723434061234688
4 8 2.665490586683414
9 8 3.3586377672433594
10 8 3.0221655306221464
0 9 -2.186539677236203
2 9 2.665490586683414
4 9 2.665490586683414
10 9 3.3586377672433594
0 10 -1.647543176503516
2 10 3.0221655306221464
4 10 3.3586377672433594
10 10 2.6448712994806782
