0 0 1.6104487770936398
1 0 -1.7165414998248734
2 0 0.2113501437277615
3 0 0.06616813388326344
4 0 -1.8523430409839352
6 0 0.2113501437277615
9 0 1.2353515686046965
10 0 -2.2309968916414427
12 0 0.5080820516994603
13 0 -1.7984114773140845
14 0 -2.7461609170060317
15 0 0.6168152518359259
16 0 -2.2735565060602387
17 0 -3.254385759071965
18 0 1.6776872125211888
19 0 -0.07633192872401946
20 0 -0.194114964380403
21 0 -1.7201712678754522
22 0 -2.6218632003284545
23 0 0.2113501437277615
0 1 1.2824225366258377
1 1 -1.1706245562476127
3 1 0.32440300500874336
4 1 -1.3064260974066746
6 1 1.4504142678649676
9 1 1.7670838771900008
10 1 -1.685079948064182
12 1 1.1319605367464332
13 1 -1.0448551689585794
14 1 -2.200243973428771
15 1 0.06411990674507703
16 1 -1.7276395624829781
18 1 1.044949159756803
19 1 0.06411990674507703
20 1 0.6394840516486388
21 1 -0.9919327675042369
0 2 1.776523717450634
9 2 1.7262618826697458
0 3 0.06272578969229081
1 3 1.4951010204498074
3 3 1.1443018912078327
4 3 -1.5851394998756951
6 3 1.8648480459558925
9 3 1.0240648665898826
10 3 1.7250861035807337
11 3 1.171700865395947
12 3 1.0355686910713668
13 3 -1.10042502011339
14 3 -1.0926630147779008
15 3 1.171700865395947
16 3 -1.3132057843920533
17 3 -1.600887856843834
18 3 0.7662357572877826
19 3 1.8648480459558925
20 3 0.36077064917961815
21 3 -0.5774989894133121
23 3 1.171700865395947
0 4 0.5645827434755211
1 4 1.7320172942403664
3 4 0.8997671499123054
4 4 -1.0187440249548936
9 4 0.7330101096594624
10 4 1.5644328462659083
12 4 0.908816985432223
13 4 -1.4503202770667438
14 4 -1.6248798285252093
15 4 1.044949159756803
16 4 -1.8454225981393617
18 4 0.23401894354047423
19 4 1.332631232208584
20 4 0.9271661241004195
21 4 -2.2083280918287302
23 4 1.332631232208584
24 4 -1.4082087917166168
25 4 -3.074088015055669
1 5 1.3506497377112623
3 5 1.747065010299509
4 5 -0.17144616456769007
9 5 1.1384752177676267
10 5 2.340271742670967
12 5 1.0629676652594815
16 5 0.10048755091595182
20 5 2.4676111650475687
0 6 0.9010549800967339
1 6 1.468432773367646
2 6 4.782618778040171
3 6 1.8648480459558925
11 6 4.089471597480226
1 7 1.468432773367646
3 7 1.8648480459558925
11 7 4.782618778040171
16 7 1.6045649476922257
20 7 3.2785413812638975
0 8 0.9010549800967339
2 8 4.782618778040171
3 8 1.8648480459558925
10 8 1.6471245621110218
11 8 4.089471597480226
0 9 -1.932158363959482
1 9 0.4269788985394848
3 9 1.1911189512530487
4 9 0.17339432172403954
6 9 1.5439403258757909
9 9 -0.5961258376204797
10 9 0.01788402238074188
12 9 1.84067223384749
13 9 0.5801472600166327
14 9 -1.413570734858002
15 9 0.8507931453158456
16 9 -0.024675592038054153
19 9 1.7670838771900006
20 9 1.4261572902194075
21 9 0.40087627463684755
22 9 -1.289273018180425
23 9 0.8507931453158456
24 9 -0.09828740938130018
0 10 -0.9816762673370478
1 10 0.635523650432542
3 10 2.0251906960310717
4 10 -0.011103514492510562
7 10 1.6471245621110218
9 10 -0.8984067094934133
10 10 1.2842190684216535
12 10 1.5910350954599783
13 10 -0.03721465849619624
14 10 -1.3103864986227716
16 10 -0.43231697956881415
17 10 -1.8186113406887048
20 10 1.752485077768848
21 10 0.052075387129021135
22 10 -1.1860887819451942
24 10 -0.17742472994002395
25 10 -3.4527418657131763
0 11 -0.4852393810231567
1 11 1.468432773367646
3 11 2.270313154064057
5 11 2.585394200703952
9 11 0.8507931453158456
10 11 0.9539773815510765
12 11 0.7752855928077007
16 11 0.9114177671322805
20 11 2.585394200703952
0 12 -2.0076659164676274
1 12 -0.23631531887077942
3 12 -0.35072567004852356
4 12 0.7910339497758397
7 12 1.468432773367646
9 12 -1.7702456787967347
10 12 0.4123800991183322
11 12 0.7752855928077007
12 12 -1.1526060507449343
13 12 1.1278282994615225
14 12 -2.182225467926093
15 12 0.08213841224775538
16 12 0.08213841224775538
17 12 -1.3041559488721353
19 12 0.08213841224775538
20 12 -0.0356446234086283
21 12 1.1463492741985326
22 12 -1.36478057068857
24 12 0.43234084168087017
25 12 -1.6855235054012392
0 13 -1.5942144567268128
1 13 0.477240733320373
3 13 -0.7639527834921772
4 13 1.1399468883790829
5 13 -0.60302241667954
8 13 0.2079077995367886
9 13 -1.0848605035722785
10 13 0.25046741395558453
12 13 -1.1603680560804235
13 13 0.9464028000751931
14 13 -1.140165348762904
15 13 -1.178386561583102
16 13 0.3620584793640469
17 13 -1.3119179542076247
19 13 0.4310513508509984
20 13 -1.2961695972394853
21 13 1.0977652743427881
22 13 -1.015867632085327
23 13 0.2079077995367886
24 13 0.4874926617559504
25 13 -2.1839084271851994
0 14 -1.650990972528895
1 14 0.6509878761301234
3 14 -1.7858101953378462
4 14 1.147708893714572
5 14 0.32103032053010405
9 14 -2.1067179154179474
10 14 -0.057623530127403316
12 14 -2.182225467926093
13 14 1.111126449843591
14 14 -1.132403343427415
16 14 0.03334824807832329
17 14 -0.5420158968252385
18 14 0.03334824807832329
19 14 -0.2543338243734576
20 14 -0.37211686002984123
21 14 0.9582970426955928
24 14 0.33703066187654546
25 14 -2.358467978643665
4 15 0.6394840516486388
13 15 0.9010549800967339
14 15 1.6915763246818556
21 15 0.548512273442912
22 15 0.5631110728640647
24 15 1.0609495011032442
25 15 -1.7035420109039174
1 16 0.2362890920750136
3 16 -0.620058603832108
4 16 0.3518019791968578
5 16 1.709925463350052
7 16 1.6045649476922257
9 16 -0.9409663239122092
10 16 -0.1446349071170332
11 16 0.9114177671322805
13 16 0.2879505072103251
14 16 1.4504142678649676
16 16 0.7290962103383261
17 16 -1.8611709551075009
20 16 0.10048755091595182
21 16 0.2608302009911312
22 16 1.6617233615321745
24 16 0.47316283620112537
25 16 -1.885863567697872
1 17 -0.61100876831219
3 17 -0.9077406762838889
4 17 0.5059526590241161
5 17 1.1990998395840615
9 17 -1.9217955769239357
10 17 -0.20917342825460436
12 17 -1.9973031294320804
13 17 0.5488343865073818
14 17 1.4948660304358012
16 17 0.6237356946804996
17 17 -0.762558666439391
21 17 0.17381882400150142
22 17 1.5747119845425448
24 17 0.5909458718575089
25 17 -1.9912240833556987
0 18 -0.890704489131321
2 18 3.6840064893720617
6 18 3.6840064893720617
13 18 -0.1975573085713757
14 18 1.1319605367464332
15 18 3.6840064893720617
17 18 0.21827058657233517
21 18 0.1430471653347478
22 18 1.5439403258757909
23 18 2.9908593088121163
24 18 0.25001928488691544
3 19 0.4785536848360018
6 19 3.396324416920281
11 19 2.7031772363603355
13 19 -0.07977427291499227
14 19 1.1319605367464332
15 19 3.396324416920281
17 19 1.029200802788664
21 19 -0.14463490711703333
22 19 0.5631110728640647
23 19 3.8017895250284455
25 19 -1.0103948303439723
1 20 -0.0356446234086283
5 20 1.7744639844876233
13 20 -0.1975573085713757
14 20 1.2373210524042593
16 20 2.179929092595788
17 20 0.5059526590241161
21 20 -0.2624179427734166
22 20 1.1384752177676267
24 20 0.9431664654468608
25 20 -1.8213250465603008
1 21 -2.0725265506696684
4 21 -0.8220337307088394
5 21 1.123876418346474
7 21 1.2416594540028574
8 21 1.2416594540028574
10 21 -0.7952224732581825
11 21 1.2416594540028574
13 21 -1.3871413754452122
14 21 0.8098770375773197
16 21 1.3958101338301157
17 21 0.9114177671322805
20 21 -0.2624179427734166
21 21 -0.9130055089145661
22 21 0.8063413827450119
24 21 1.6363136460068062
25 21 -0.029565577332245917
3 22 -0.9683652981003238
4 22 -0.8074349312876866
5 22 0.4453280372076813
7 22 2.6425526145439004
11 22 1.25625825342401
13 22 -0.8335460752913725
14 22 0.8636965501517538
16 22 1.7670838771900008
17 22 0.6808941085204483
21 22 -1.5915538900533586
22 22 1.0621022389830528
24 22 1.4598572086652497
25 22 -0.1547287202862518
14 23 0.43881335618648776
16 23 0.9114177671322805
17 23 2.01003005580039
22 23 2.3548705420921197
24 23 0.65548439299508
25 23 -0.31724764978402686
3 24 -1.5691391585292538
4 24 -2.1013559722765622
5 24 0.5377013573386965
8 24 1.3486315735550252
10 24 -1.7868626423741243
11 24 0.65548439299508
13 24 -1.028854827612138
14 24 0.8334675481904364
16 24 -1.1362750762329752
17 24 1.5464573168849454
21 24 -0.5828898380481882
22 24 0.7126428068350287
24 24 -0.9867433422620112
25 24 0.7374015154629668
0 25 -4.8919586282874095
1 25 -3.6314336544565524
2 25 0.3758995307759184
4 25 -2.3809408344957235
5 25 -0.21188713412620067
8 25 0.7813646388840828
10 25 -2.759594685153231
13 25 -1.9475196491209692
14 25 -0.16124340130744558
16 25 -1.885863567697872
17 25 0.694353261894453
21 25 -2.47191261270145
22 25 -0.31724764978402686
24 25 -1.9594753850411182
25 25 1.244740662937086
