0 0 0.1798146378072615
3 0 0.20391218938632205
5 0 -0.42469647003605215
6 0 -2.875701568148371
0 1 0.20391218938632205
0 2 -0.42469647003605215
1 2 3.312973148247316
4 2 3.312973148247316
5 2 1.7035352358132159
6 2 -0.054322681739157656
5 3 3.312973148247316
6 3 2.248262411254888
2 4 3.312973148247316
5 4 3.312973148247316
6 4 1.5551152306949427
1 5 1.9266787871274256
2 5 1.7035352358132159
6 5 2.5106266757223787
0 6 -2.875701568148371
1 6 2.114731018630365
2 6 2.248262411254888
4 6 2.248262411254888
5 6 -0.054322681739157656
6 6 1.851381046838115
9 6 2.6537275193630525
10 6 2.248262411254888
11 6 0.45650294202683284
2 7 3.0252910757955354
6 7 2.3660454469112713
6 8 2.248262411254888
7 8 3.536116699561526
10 9 3.536116699561526
11 9 3.1306515914533617
8 10 2.1498223384416355
11 10 3.449105322571896
6 11 0.45650294202683284
7 11 3.1306515914533617
8 11 3.449105322571896
11 11 2.5175471185669527
