0 0 0.12630550436654384
1 0 -3.429135619335026
3 0 -0.2510817889870803
6 0 0.15438331912108405
7 0 -0.2510817889870803
8 0 -2.541088099774266
0 1 0.15438331912108405
0 2 0.15438331912108405
0 3 -0.2510817889870803
1 3 3.6840064893720617
0 4 -0.2510817889870803
1 4 3.6840064893720617
0 5 -0.25108178898708017
2 5 4.5594752267259615
0 6 -3.777442313603242
1 6 0.8507931453158456
3 6 3.335699795103846
7 6 3.335699795103846
8 6 2.431987845436551
8 7 2.833539054223579
11 7 2.192351612594345
0 8 -2.915781549215677
1 8 2.4056010902633562
4 8 2.8980775753611505
8 8 2.1662158826205147
11 8 2.792717059703324
12 8 2.492612467252986
13 8 0.7347545497006124
8 9 2.8980775753611505
8 10 2.492612467252986
9 10 4.5594752267259615
12 11 3.866328046166016
13 11 3.4947644897335333
5 12 2.256890133731916
13 12 3.866328046166016
0 13 -2.7020868870993993
2 13 3.4947644897335333
5 13 3.831236726354746
8 13 0.041607369140667046
9 13 3.4947644897335333
10 13 3.900229597841698
13 13 2.766525989362318
