2 0 4.74493212836325
3 0 4.74493212836325
4 0 4.74493212836325
0 1 4.74493212836325
1 1 3.3586377672433594
2 1 4.051784947803305
3 1 4.74493212836325
4 2 4.74493212836325
33 2 4.74493212836325
291 2 4.74493212836325
2 3 4.74493212836325
4 3 4.74493212836325
291 3 4.74493212836325
32 4 4.74493212836325
33 4 4.74493212836325
291 4 4.74493212836325
1 5 4.74493212836325
6 5 4.74493212836325
0 6 4.74493212836325
1 6 4.74493212836325
8 7 4.74493212836325
9 7 4.74493212836325
95 7 4.74493212836325
9 8 4.74493212836325
10 8 3.3586377672433594
95 8 4.74493212836325
10 9 4.051784947803305
95 9 4.74493212836325
10 10 4.457250055911469
38 11 4.74493212836325
39 11 4.74493212836325
66 11 4.74493212836325
12 12 3.3586377672433594
87 12 4.74493212836325
120 12 4.051784947803305
12 13 4.74493212836325
13 13 3.3586377672433594
87 13 3.3586377672433594
11 14 4.74493212836325
15 14 4.74493212836325
16 14 4.74493212836325
11 15 4.74493212836325
16 15 4.74493212836325
38 15 4.74493212836325
11 16 4.74493212836325
38 16 4.74493212836325
39 16 4.74493212836325
14 17 4.74493212836325
15 17 4.74493212836325
16 17 4.74493212836325
19 18 5.84354441703136
21 18 4.138796324792935
21 19 4.544261432901099
121 20 4.74493212836325
134 20 4.74493212836325
281 20 4.74493212836325
14 21 4.051784947803305
15 21 3.3586377672433594
17 21 4.457250055911469
21 21 3.8511142523411537
122 22 4.74493212836325
123 22 4.74493212836325
130 22 4.74493212836325
22 23 4.74493212836325
122 23 4.74493212836325
130 23 4.74493212836325
26 24 4.051784947803305
29 24 3.1354942159291497
37 24 4.74493212836325
24 25 4.74493212836325
26 25 4.74493212836325
24 26 4.051784947803305
26 26 3.3586377672433594
29 26 3.1354942159291497
37 26 4.051784947803305
286 26 4.051784947803305
27 27 3.3586377672433594
29 27 3.8286413964890946
64 27 4.051784947803305
27 28 4.051784947803305
29 28 3.8286413964890946
27 29 3.8286413964890946
29 29 2.624668592163159
37 29 3.1354942159291497
64 29 3.8286413964890946
65 29 3.8286413964890946
112 29 2.4423470353692043
286 29 3.1354942159291497
292 29 3.1354942159291497
25 30 4.051784947803305
30 30 3.3586377672433594
283 30 4.74493212836325
284 30 4.74493212836325
31 31 3.3586377672433594
128 31 4.051784947803305
136 31 4.74493212836325
285 31 4.74493212836325
31 32 4.74493212836325
285 32 4.74493212836325
31 33 4.74493212836325
32 33 4.74493212836325
30 34 4.74493212836325
284 34 4.74493212836325
30 35 3.3586377672433594
34 35 4.74493212836325
35 35 3.3586377672433594
36 35 4.74493212836325
30 36 4.74493212836325
34 36 4.74493212836325
28 37 4.74493212836325
286 37 4.74493212836325
292 37 4.74493212836325
39 38 4.74493212836325
66 38 4.74493212836325
67 38 4.051784947803305
66 39 4.74493212836325
67 39 4.74493212836325
41 40 4.74493212836325
43 40 4.74493212836325
44 40 4.74493212836325
43 41 4.74493212836325
44 41 4.74493212836325
46 41 4.74493212836325
40 42 4.74493212836325
41 42 4.74493212836325
44 42 4.74493212836325
46 43 4.74493212836325
47 43 4.74493212836325
48 43 4.74493212836325
43 44 4.74493212836325
46 44 4.74493212836325
47 44 4.74493212836325
35 45 4.74493212836325
36 45 4.74493212836325
45 46 4.74493212836325
47 46 4.74493212836325
48 46 4.74493212836325
35 47 4.051784947803305
45 47 4.74493212836325
48 47 4.74493212836325
35 48 4.74493212836325
45 48 4.74493212836325
40 49 4.74493212836325
41 49 4.74493212836325
42 49 4.74493212836325
22 50 4.74493212836325
23 50 4.74493212836325
130 50 4.74493212836325
59 51 4.74493212836325
83 51 4.051784947803305
149 51 4.74493212836325
55 52 4.74493212836325
77 52 4.74493212836325
71 53 4.74493212836325
75 53 4.74493212836325
76 53 4.74493212836325
53 54 4.74493212836325
56 54 4.74493212836325
75 54 4.74493212836325
72 55 4.74493212836325
77 55 4.74493212836325
53 56 4.74493212836325
75 56 4.74493212836325
76 56 4.74493212836325
53 57 4.74493212836325
54 57 4.74493212836325
56 57 4.74493212836325
52 58 4.74493212836325
55 58 4.74493212836325
77 58 4.051784947803305
83 59 4.051784947803305
149 59 4.74493212836325
290 59 4.051784947803305
115 60 4.74493212836325
145 60 4.74493212836325
148 60 4.74493212836325
109 61 4.74493212836325
143 61 4.74493212836325
144 61 4.74493212836325
54 62 4.74493212836325
56 62 4.74493212836325
57 62 4.74493212836325
54 63 4.74493212836325
57 63 4.74493212836325
62 63 4.74493212836325
65 64 4.74493212836325
112 64 4.74493212836325
111 65 4.74493212836325
112 65 4.74493212836325
67 66 4.74493212836325
68 66 4.74493212836325
67 67 3.3586377672433594
68 67 4.74493212836325
107 67 4.74493212836325
108 67 4.051784947803305
107 68 4.74493212836325
108 68 4.74493212836325
155 68 4.74493212836325
40 69 4.74493212836325
42 69 4.74493212836325
49 69 4.74493212836325
42 70 4.74493212836325
49 70 4.74493212836325
69 70 4.74493212836325
133 71 4.74493212836325
135 71 4.74493212836325
177 71 4.74493212836325
138 72 4.74493212836325
162 72 4.74493212836325
179 72 4.74493212836325
51 73 4.74493212836325
59 73 4.74493212836325
149 73 4.74493212836325
51 74 4.74493212836325
59 74 4.74493212836325
73 74 4.74493212836325
71 75 4.74493212836325
76 75 4.74493212836325
135 75 4.74493212836325
71 76 4.74493212836325
133 76 4.74493212836325
135 76 4.74493212836325
72 77 4.74493212836325
77 77 3.3586377672433594
138 77 4.74493212836325
179 77 4.051784947803305
60 78 4.74493212836325
79 78 4.74493212836325
60 79 4.74493212836325
79 79 3.3586377672433594
145 79 4.74493212836325
148 79 4.051784947803305
61 80 4.74493212836325
143 80 4.74493212836325
144 80 4.74493212836325
61 81 4.74493212836325
80 81 4.74493212836325
144 81 4.74493212836325
96 82 4.74493212836325
212 82 4.74493212836325
274 82 4.74493212836325
83 83 3.3586377672433594
91 83 3.3586377672433594
92 83 3.3586377672433594
124 83 4.051784947803305
290 83 4.051784947803305
85 84 4.051784947803305
86 84 4.74493212836325
85 85 3.581781318557569
86 85 4.051784947803305
116 85 3.3586377672433594
117 85 4.051784947803305
118 85 4.051784947803305
85 86 4.051784947803305
118 86 4.74493212836325
87 87 3.3586377672433594
119 87 4.051784947803305
120 87 4.74493212836325
273 87 4.74493212836325
90 88 4.74493212836325
100 88 4.051784947803305
221 88 4.051784947803305
88 89 4.74493212836325
90 89 4.74493212836325
221 89 4.051784947803305
100 90 4.051784947803305
213 90 4.74493212836325
220 90 4.74493212836325
92 91 4.051784947803305
93 91 3.3586377672433594
124 91 4.051784947803305
228 91 4.051784947803305
229 91 4.051784947803305
93 92 4.051784947803305
124 92 4.051784947803305
208 92 3.3586377672433594
228 92 4.051784947803305
229 92 4.051784947803305
91 93 4.051784947803305
92 93 4.051784947803305
93 93 3.3586377672433594
229 93 4.051784947803305
131 94 4.74493212836325
227 94 4.051784947803305
288 94 4.74493212836325
10 95 4.457250055911469
97 96 4.74493212836325
98 96 4.74493212836325
106 96 4.74493212836325
13 97 4.051784947803305
98 97 4.74493212836325
106 97 4.74493212836325
13 98 4.74493212836325
106 98 4.74493212836325
23 99 4.74493212836325
50 99 4.74493212836325
129 99 4.74493212836325
101 100 4.051784947803305
211 100 4.051784947803305
213 100 4.051784947803305
220 100 4.051784947803305
221 100 3.3586377672433594
277 100 4.051784947803305
219 101 4.74493212836325
221 101 4.051784947803305
277 101 4.74493212836325
110 102 4.74493212836325
113 102 4.74493212836325
114 102 4.74493212836325
100 103 4.051784947803305
101 103 4.74493212836325
132 103 4.74493212836325
102 104 4.74493212836325
230 104 4.74493212836325
289 104 4.74493212836325
236 105 4.74493212836325
252 105 4.74493212836325
12 106 4.051784947803305
13 106 4.74493212836325
108 107 4.74493212836325
155 107 4.74493212836325
157 107 4.74493212836325
155 108 4.74493212836325
157 108 4.74493212836325
218 108 4.74493212836325
104 109 4.74493212836325
230 109 4.74493212836325
289 109 4.74493212836325
113 110 4.74493212836325
114 110 4.74493212836325
234 110 4.051784947803305
156 111 4.74493212836325
158 111 4.74493212836325
254 111 4.74493212836325
111 112 4.74493212836325
112 112 3.3586377672433594
156 112 4.051784947803305
158 112 4.74493212836325
114 113 4.74493212836325
234 113 4.74493212836325
234 114 4.74493212836325
235 114 4.74493212836325
226 115 4.74493212836325
250 115 4.74493212836325
100 116 4.051784947803305
103 116 4.74493212836325
132 116 4.74493212836325
103 117 4.74493212836325
116 117 4.74493212836325
132 117 4.74493212836325
103 118 4.74493212836325
116 118 4.74493212836325
117 118 4.74493212836325
7 119 4.74493212836325
8 119 4.74493212836325
9 119 4.74493212836325
7 120 4.74493212836325
119 120 4.74493212836325
273 120 4.74493212836325
99 121 4.74493212836325
127 121 4.74493212836325
129 121 4.74493212836325
52 122 4.74493212836325
58 122 4.74493212836325
123 122 4.74493212836325
52 123 4.74493212836325
55 123 4.74493212836325
58 123 4.74493212836325
91 124 4.051784947803305
93 124 4.74493212836325
69 125 4.74493212836325
70 125 4.74493212836325
126 125 4.74493212836325
49 126 4.74493212836325
69 126 4.74493212836325
70 126 4.74493212836325
50 127 4.74493212836325
99 127 4.74493212836325
129 127 4.74493212836325
20 128 4.74493212836325
134 128 4.74493212836325
281 128 4.74493212836325
22 129 4.74493212836325
23 129 4.74493212836325
50 129 4.74493212836325
58 130 4.74493212836325
122 130 4.74493212836325
123 130 4.74493212836325
5 131 4.74493212836325
137 131 4.74493212836325
287 131 4.74493212836325
100 132 4.051784947803305
101 132 4.74493212836325
221 132 4.051784947803305
173 133 4.74493212836325
177 133 4.74493212836325
121 134 4.74493212836325
127 134 4.74493212836325
281 134 4.74493212836325
133 135 4.74493212836325
173 135 4.051784947803305
177 135 4.74493212836325
20 136 4.74493212836325
128 136 4.74493212836325
134 136 4.74493212836325
1 137 4.051784947803305
5 137 4.74493212836325
6 137 4.74493212836325
162 138 4.74493212836325
163 138 4.74493212836325
179 138 4.74493212836325
51 139 4.74493212836325
73 139 4.74493212836325
74 139 4.74493212836325
73 140 4.74493212836325
74 140 4.74493212836325
139 140 4.74493212836325
74 141 4.74493212836325
139 141 4.74493212836325
140 141 4.74493212836325
139 142 4.74493212836325
140 142 4.74493212836325
141 142 4.74493212836325
104 143 4.74493212836325
109 143 4.74493212836325
289 143 4.74493212836325
104 144 4.74493212836325
109 144 4.74493212836325
143 144 4.74493212836325
115 145 4.74493212836325
148 145 4.74493212836325
250 145 4.74493212836325
81 146 4.74493212836325
153 146 4.74493212836325
154 146 4.74493212836325
146 147 4.74493212836325
153 147 4.74493212836325
154 147 4.74493212836325
115 148 4.74493212836325
226 148 4.051784947803305
250 148 4.74493212836325
83 149 4.051784947803305
290 149 4.74493212836325
78 150 4.74493212836325
79 150 4.051784947803305
152 150 4.74493212836325
78 151 4.74493212836325
150 151 4.74493212836325
152 151 4.74493212836325
78 152 4.74493212836325
79 152 4.74493212836325
80 153 4.74493212836325
81 153 4.74493212836325
154 153 4.74493212836325
61 154 4.74493212836325
80 154 4.74493212836325
81 154 4.74493212836325
157 155 4.74493212836325
218 155 4.74493212836325
244 155 4.74493212836325
253 156 4.74493212836325
254 156 4.74493212836325
257 156 4.74493212836325
210 157 4.74493212836325
218 157 4.74493212836325
244 157 4.74493212836325
156 158 4.74493212836325
254 158 4.74493212836325
257 158 4.74493212836325
70 159 4.74493212836325
125 159 4.74493212836325
126 159 4.74493212836325
125 160 4.74493212836325
126 160 4.74493212836325
159 160 4.74493212836325
161 161 3.3586377672433594
169 161 4.051784947803305
180 161 4.051784947803305
193 161 4.74493212836325
197 161 4.051784947803305
161 162 4.051784947803305
163 162 4.74493212836325
169 162 4.74493212836325
161 163 4.74493212836325
169 163 4.74493212836325
165 164 4.74493212836325
168 164 4.74493212836325
165 165 3.3586377672433594
166 165 4.74493212836325
174 165 4.457250055911469
174 166 4.74493212836325
175 166 3.64631983969514
194 167 4.74493212836325
195 167 4.74493212836325
196 167 4.74493212836325
165 168 4.74493212836325
166 168 4.74493212836325
161 169 4.051784947803305
193 169 4.74493212836325
197 169 4.74493212836325
142 170 4.74493212836325
185 170 4.74493212836325
170 171 4.74493212836325
185 171 4.74493212836325
170 172 4.74493212836325
171 172 4.74493212836325
185 172 4.051784947803305
167 173 4.051784947803305
173 173 3.3586377672433594
186 173 4.74493212836325
187 173 4.74493212836325
174 174 3.3586377672433594
175 174 4.562610571569295
171 175 3.64631983969514
172 175 4.339467020255086
175 175 3.64631983969514
176 175 4.74493212836325
170 176 4.74493212836325
171 176 4.74493212836325
172 176 4.74493212836325
173 177 4.74493212836325
186 177 4.74493212836325
189 178 4.74493212836325
190 178 4.74493212836325
191 178 4.74493212836325
161 179 4.051784947803305
162 179 4.74493212836325
163 179 4.74493212836325
178 180 4.74493212836325
181 180 4.74493212836325
182 180 4.74493212836325
178 181 4.74493212836325
182 181 4.74493212836325
191 181 4.74493212836325
178 182 4.74493212836325
190 182 4.74493212836325
191 182 4.74493212836325
147 183 4.74493212836325
188 183 4.74493212836325
192 183 4.74493212836325
183 184 4.74493212836325
188 184 4.74493212836325
192 184 4.74493212836325
140 185 4.051784947803305
141 185 4.74493212836325
142 185 4.74493212836325
185 185 3.3586377672433594
167 186 4.74493212836325
187 186 4.74493212836325
196 186 4.74493212836325
167 187 4.74493212836325
195 187 4.74493212836325
196 187 4.74493212836325
146 188 4.74493212836325
147 188 4.74493212836325
153 188 4.74493212836325
183 189 4.74493212836325
184 189 4.74493212836325
199 189 4.74493212836325
184 190 4.74493212836325
189 190 4.74493212836325
199 190 4.74493212836325
189 191 4.74493212836325
190 191 4.74493212836325
199 191 4.74493212836325
146 192 4.74493212836325
147 192 4.74493212836325
188 192 4.74493212836325
180 193 4.74493212836325
181 193 4.74493212836325
197 193 4.74493212836325
164 194 4.74493212836325
165 194 4.051784947803305
168 194 4.74493212836325
164 195 4.74493212836325
168 195 4.74493212836325
194 195 4.74493212836325
164 196 4.74493212836325
194 196 4.74493212836325
195 196 4.74493212836325
180 197 4.74493212836325
181 197 4.74493212836325
182 197 4.74493212836325
200 198 4.74493212836325
202 198 4.051784947803305
222 198 4.74493212836325
183 199 4.74493212836325
184 199 4.74493212836325
192 199 4.74493212836325
201 200 4.74493212836325
202 200 4.74493212836325
151 201 4.74493212836325
203 201 4.74493212836325
207 201 4.74493212836325
201 202 4.74493212836325
202 202 3.3586377672433594
203 202 4.74493212836325
207 202 4.051784947803305
150 203 4.74493212836325
151 203 4.74493212836325
207 203 4.74493212836325
198 204 4.74493212836325
200 204 4.74493212836325
222 204 4.74493212836325
198 205 4.74493212836325
204 205 4.74493212836325
222 205 4.74493212836325
231 206 4.74493212836325
251 206 4.74493212836325
259 206 4.74493212836325
150 207 4.74493212836325
151 207 4.74493212836325
152 207 4.74493212836325
84 208 4.74493212836325
85 208 3.3586377672433594
208 208 3.3586377672433594
209 208 4.051784947803305
84 209 4.74493212836325
85 209 3.3586377672433594
208 209 4.051784947803305
214 210 4.051784947803305
216 210 4.74493212836325
217 210 4.74493212836325
82 211 4.74493212836325
212 211 4.74493212836325
274 211 4.74493212836325
96 212 4.74493212836325
97 212 4.74493212836325
274 212 4.74493212836325
82 213 4.74493212836325
211 213 4.74493212836325
212 213 4.74493212836325
214 214 3.3586377672433594
215 214 4.74493212836325
237 214 4.051784947803305
242 214 4.74493212836325
232 215 4.74493212836325
237 215 4.74493212836325
238 215 4.74493212836325
214 216 4.74493212836325
242 216 4.74493212836325
214 217 4.74493212836325
216 217 4.74493212836325
210 218 4.74493212836325
217 218 4.74493212836325
244 218 4.74493212836325
88 219 4.74493212836325
89 219 4.74493212836325
221 219 4.051784947803305
82 220 4.74493212836325
211 220 4.74493212836325
213 220 4.74493212836325
89 221 4.051784947803305
90 221 4.051784947803305
100 221 3.3586377672433594
219 221 4.051784947803305
220 221 4.051784947803305
277 221 4.051784947803305
200 222 4.74493212836325
202 222 4.74493212836325
198 223 4.74493212836325
204 223 4.74493212836325
205 223 4.74493212836325
204 224 4.74493212836325
205 224 4.74493212836325
223 224 4.74493212836325
205 225 4.051784947803305
223 225 4.74493212836325
224 225 4.74493212836325
225 225 3.3586377672433594
94 226 4.74493212836325
226 226 3.3586377672433594
227 226 4.457250055911469
94 227 4.051784947803305
131 227 4.051784947803305
227 227 3.3586377672433594
287 227 4.051784947803305
288 227 4.74493212836325
208 228 4.74493212836325
209 228 4.74493212836325
208 229 4.051784947803305
209 229 4.74493212836325
228 229 4.74493212836325
102 230 4.74493212836325
110 230 4.74493212836325
113 230 4.74493212836325
62 231 4.74493212836325
63 231 4.74493212836325
249 231 4.74493212836325
238 232 4.74493212836325
265 232 4.74493212836325
268 232 4.74493212836325
239 233 4.74493212836325
240 233 4.74493212836325
261 233 4.74493212836325
105 234 4.74493212836325
234 234 3.3586377672433594
235 234 4.74493212836325
236 234 4.051784947803305
105 235 4.74493212836325
236 235 4.74493212836325
252 235 4.051784947803305
252 236 4.74493212836325
260 236 4.74493212836325
232 237 4.74493212836325
238 237 4.74493212836325
268 237 4.74493212836325
265 238 4.74493212836325
266 238 4.74493212836325
268 238 4.74493212836325
240 239 4.74493212836325
241 239 4.74493212836325
248 239 4.74493212836325
241 240 4.74493212836325
245 240 3.64631983969514
248 240 4.74493212836325
245 241 4.339467020255086
248 241 4.74493212836325
215 242 4.74493212836325
232 242 4.74493212836325
237 242 4.74493212836325
270 243 4.74493212836325
271 243 4.74493212836325
272 243 4.74493212836325
210 244 4.74493212836325
216 244 4.74493212836325
217 244 4.74493212836325
245 245 3.64631983969514
246 245 4.051784947803305
243 246 4.051784947803305
246 246 3.764102875351524
247 246 4.457250055911469
270 246 3.3586377672433594
243 247 4.74493212836325
270 247 4.74493212836325
272 247 4.74493212836325
245 248 4.74493212836325
57 249 4.74493212836325
62 249 4.74493212836325
63 249 4.74493212836325
226 250 4.74493212836325
227 250 4.051784947803305
231 251 4.74493212836325
249 251 4.74493212836325
259 251 4.74493212836325
206 252 4.74493212836325
251 252 4.051784947803305
252 252 3.3586377672433594
260 252 4.74493212836325
255 253 4.74493212836325
256 253 4.74493212836325
258 253 4.74493212836325
253 254 4.74493212836325
257 254 4.74493212836325
258 254 4.74493212836325
225 255 4.74493212836325
256 255 4.74493212836325
224 256 4.74493212836325
225 256 4.74493212836325
253 257 4.74493212836325
255 257 4.74493212836325
258 257 4.74493212836325
225 258 4.051784947803305
255 258 4.74493212836325
256 258 4.74493212836325
63 259 4.74493212836325
231 259 4.74493212836325
249 259 4.74493212836325
206 260 4.74493212836325
251 260 4.74493212836325
259 260 4.74493212836325
239 261 4.74493212836325
240 261 4.74493212836325
241 261 4.74493212836325
233 262 4.74493212836325
264 262 4.74493212836325
262 263 4.74493212836325
267 263 4.74493212836325
269 263 4.74493212836325
233 264 4.74493212836325
239 264 4.051784947803305
261 264 4.74493212836325
264 264 3.3586377672433594
263 265 4.74493212836325
266 265 4.74493212836325
267 265 4.74493212836325
263 266 4.74493212836325
267 266 4.74493212836325
269 266 4.74493212836325
262 267 4.74493212836325
264 267 4.051784947803305
269 267 4.74493212836325
263 268 4.74493212836325
265 268 4.74493212836325
266 268 4.74493212836325
262 269 4.74493212836325
264 269 4.74493212836325
271 270 4.74493212836325
272 270 4.74493212836325
276 270 4.74493212836325
275 271 4.74493212836325
276 271 4.74493212836325
280 271 4.74493212836325
271 272 4.74493212836325
275 272 4.74493212836325
276 272 4.74493212836325
7 273 4.74493212836325
8 273 4.74493212836325
119 273 4.74493212836325
96 274 4.74493212836325
97 274 4.74493212836325
98 274 4.74493212836325
278 275 4.74493212836325
279 275 4.74493212836325
280 275 4.74493212836325
275 276 4.74493212836325
279 276 4.74493212836325
280 276 4.74493212836325
88 277 4.74493212836325
89 277 4.74493212836325
219 277 4.74493212836325
159 278 4.74493212836325
160 278 4.74493212836325
282 278 4.74493212836325
160 279 4.74493212836325
278 279 4.74493212836325
282 279 4.74493212836325
278 280 4.74493212836325
279 280 4.74493212836325
282 280 4.74493212836325
99 281 4.74493212836325
121 281 4.74493212836325
127 281 4.74493212836325
125 282 4.74493212836325
159 282 4.74493212836325
160 282 4.74493212836325
24 283 4.74493212836325
25 283 4.74493212836325
26 283 4.051784947803305
25 284 4.74493212836325
26 284 4.051784947803305
283 284 4.74493212836325
20 285 4.74493212836325
128 285 4.74493212836325
136 285 4.74493212836325
28 286 4.74493212836325
29 286 3.1354942159291497
292 286 4.74493212836325
5 287 4.74493212836325
6 287 4.74493212836325
137 287 4.74493212836325
131 288 4.74493212836325
137 288 4.74493212836325
287 288 4.74493212836325
102 289 4.74493212836325
110 289 4.74493212836325
230 289 4.74493212836325
83 290 4.051784947803305
91 290 4.051784947803305
92 290 3.3586377672433594
290 290 3.3586377672433594
31 291 4.051784947803305
32 291 4.74493212836325
33 291 4.74493212836325
28 292 4.74493212836325
29 292 3.8286413964890946
