0 0 0.5343506298236922
3 0 0.5786056388277329
4 0 0.17314053071956834
5 0 -2.599448191520213
0 1 0.5786056388277329
0 2 0.17314053071956853
1 2 3.312973148247316
4 3 3.312973148247316
5 3 1.9266787871274256
5 4 2.33214389523559
5 5 1.587703420288094
6 5 -0.4712164856709448
7 5 1.2335316065674804
8 5 -0.15276275455241028
9 5 1.8621402659898545
10 5 0.540384426007535
11 5 1.441170971345725
12 5 -1.0102129864036316
5 6 1.5436865348713198
6 6 0.12662051508467573
7 6 1.608225056008891
9 6 1.6978372146985783
11 6 1.5690043428556097
12 6 -0.5665266654752695
5 7 1.2335316065674804
6 7 2.3013722365688363
9 7 1.2335316065674804
10 7 2.6198259676873707
11 7 1.441170971345725
12 7 -0.8766815937791091
5 8 0.9458495341156995
6 8 2.524515787883046
7 8 1.9266787871274256
9 8 1.6798187091958996
10 8 2.1498223384416355
11 8 0.9711673420999893
5 9 -0.8459099351123556
6 9 1.3613649780773653
7 9 1.9266787871274256
8 9 1.1689930854299093
9 9 -0.6227663837981459
10 9 1.45667515788169
11 9 2.1498223384416355
12 9 0.9046065755816504
5 10 0.540384426007535
6 10 1.8313686073231008
7 10 2.6198259676873707
11 10 1.6643145226599347
12 10 0.7327563186549911
5 11 -0.638270570334111
6 11 1.0581787190896192
8 11 1.3766324502081537
12 11 1.6017941656786008
0 12 -3.1002234794327017
1 12 1.4259034992149364
2 12 1.831368607323101
5 12 -2.262975954899
6 12 0.53208562319284
7 12 -0.8766815937791091
8 12 1.4259034992149364
9 12 -0.9412201149166803
10 12 0.7327563186549911
12 12 1.448376355066995
