0 0 0.258446967923363
3 0 -2.507564673680584
6 0 0.19043519156812425
9 0 -0.5515021531612531
10 0 -2.967780296560157
0 1 0.29579570722595067
6 2 3.0910424533583156
9 2 2.7545702167371027
10 2 1.2827536821790504
0 3 -0.4281231320007483
1 3 2.8779492378976075
7 3 2.995732273553991
9 3 1.455287232606842
10 3 -0.016529301951210582
0 4 -0.10966940088221372
1 4 3.196402969016142
2 5 4.700480365792417
6 5 2.3978952727983702
8 5 4.700480365792417
9 5 2.7545702167371027
10 5 0.589606501619105
1 6 1.5869650565820417
3 6 1.3862943611198906
9 6 2.7545702167371027
10 6 1.7527573114247859
9 7 2.7545702167371027
10 7 1.9759008627389956
9 8 2.7545702167371027
10 8 1.9759008627389956
0 9 -2.7487267304974723
1 9 1.250492819960829
3 9 1.0498221244986776
10 9 2.2272152910199017
0 10 -3.3042525331813697
1 10 1.3881141978368765
3 10 2.0629122397286253
7 10 1.9759008627389956
9 10 -0.2576913587680987
10 10 1.566328972678178
12 10 -0.663156466876263
13 10 2.38136597084716
14 10 1.9759008627389956
15 10 0.14331939899068555
0 11 -2.5945760506702142
1 11 1.404643499788087
3 11 1.203972804325936
10 11 2.1990444140532053
0 12 -2.7487267304974723
1 12 1.9436400005207741
3 12 1.0498221244986776
4 12 3.447717397297048
10 12 1.6394286261177826
11 12 3.447717397297048
11 13 1.404643499788087
12 13 1.9436400005207741
14 13 3.196402969016142
15 13 2.6855773452501515
10 14 -0.9144708951571692
11 14 2.0977906803480324
12 14 1.9436400005207741
15 14 3.068569597506257
1 15 -0.02247285585205863
2 15 2.8678989020441064
3 15 -0.22314355131420957
4 15 2.8678989020441064
5 15 3.2733640101522705
6 15 -0.12783337150988489
8 15 2.8678989020441064
9 15 -0.46430560813109784
10 15 -0.5498277815692598
11 15 2.580216829592325
12 15 3.0014302946686287
15 15 2.3570732782781154
