0 0 0.542651072057548
3 0 0.404979789001332
4 0 -4.8531910683224347E-4
5 0 -2.6154450971430303
0 1 0.4049797890013322
3 1 1.3388921222253065
4 1 1.3388921222253065
5 1 -0.582920475250946
0 2 -4.8531910683224347E-4
1 2 3.1306515914533617
3 2 1.3388921222253065
4 2 1.3388921222253065
4 3 3.1306515914533617
5 3 1.901986174537054
5 4 2.3074512826452187
5 5 1.301929417043121
6 5 -1.3561103634844278
7 5 0.8033738858689445
8 5 0.11022670530899928
9 5 1.927961660940315
11 5 1.49652106642889
12 5 -0.643545097067381
5 6 1.6884120742389952
6 6 -0.20748765424165685
7 6 1.2588494145517701
8 6 0.5657022339918248
9 6 1.2047821932814944
11 6 1.0765278577578157
12 6 -0.47575164083633625
5 7 0.8033738858689445
6 7 2.35746170321988
9 7 1.572506973406812
11 7 1.6265741946770875
5 8 1.208838993977109
6 8 2.2704503262302502
7 8 2.0320393027852517
9 8 0.8793597928468666
10 8 2.4375044108934163
11 8 0.9334270141171422
12 8 -1.4943212218309094
5 9 -1.7355999851893316
6 9 1.3589328731087529
7 9 1.572506973406812
8 9 1.2848249009550308
9 9 -0.9664668976514643
10 9 1.2848249009550308
11 9 1.9208136676750274
12 9 1.1371889021489663
6 10 1.6643145226599347
7 10 3.1306515914533617
9 10 1.2848249009550308
11 10 1.3388921222253065
12 10 0.9905854279570908
5 11 -0.29523840279916513
6 11 1.0765278577578155
8 11 1.3388921222253065
9 11 -0.9123996763811885
10 11 1.3388921222253065
11 11 -0.8583324551109128
12 11 1.683732608517036
0 12 -2.833698663163048
1 12 1.683732608517036
2 12 2.0891977166252005
3 12 -0.8011740412709641
5 12 -2.0298394581872716
6 12 0.7282211634895998
7 12 -0.10802686071101882
8 12 1.3960505360652553
9 12 -0.8552412625412398
10 12 0.9905854279570908
12 12 1.4532089499052039
