0 0 0.5302259878891858
3 0 0.5742859776832163
4 0 0.16882086957505205
5 0 -2.6284604652551007
0 1 0.5742859776832163
0 2 0.16882086957505205
1 2 3.312973148247316
4 3 3.312973148247316
5 3 1.9019861745370543
5 4 2.3074512826452187
5 5 1.4842509738370757
7 5 0.11022670530899928
8 5 -0.257498074816318
9 5 1.997296354341379
10 5 -0.29523840279916513
11 5 1.3629896738043672
12 5 -0.582920475250946
5 6 1.796625658879228
7 6 1.5212136790192612
8 6 0.0548766102258343
9 6 1.5212136790192614
11 6 0.8280664984593159
12 6 -1.25137504322052
5 7 0.8033738858689445
6 7 2.2143608595792066
9 7 1.5212136790192612
10 7 1.6265741946770875
11 7 1.3388921222253065
12 7 -0.047402238894584024
5 8 0.8411142138517916
6 8 2.35746170321988
7 8 1.9519965951117155
9 8 0.34255868267761513
10 8 2.106147274938974
11 8 0.8533843064436059
12 8 -0.4151270190199013
6 9 1.0103880552532707
7 9 1.115748570911097
8 9 1.0357058632375604
10 9 1.115748570911097
11 9 2.032039302785252
12 9 1.2335316065674804
5 10 0.11022670530899907
6 10 1.8088957514710422
7 10 2.319721375237033
8 10 0.1602371258836605
9 10 0.017136282242987237
11 10 1.4442526378831329
12 10 1.0512100497735257
5 11 -0.5829204752509463
6 11 0.8280664984593161
8 11 1.2588494145517704
10 11 0.5279619060089779
11 11 -0.8583324551109128
12 11 1.8243999380070075
0 12 -2.786089409458684
1 12 1.7443572303334711
2 12 2.1498223384416355
5 12 -1.9692148363708366
6 12 0.5403844260075351
7 12 0.6457449416653613
8 12 1.6643145226599347
9 12 -1.6568401513286843
10 12 1.2518807452356768
11 12 -1.1460145275626936
12 12 1.3388921222253065
