0 0 0.03203655287626742
3 0 0.03708706866233605
4 0 -0.3683780394458286
5 0 -3.14096676168561
0 1 0.03708706866233605
0 2 -0.3683780394458286
1 2 4.922411060681417
4 3 4.922411060681417
5 3 3.536116699561526
5 4 3.9415818076696905
5 5 3.6538997352179097
6 5 3.9415818076696905
7 5 3.536116699561526
8 5 2.8429695190015805
2 6 4.922411060681417
7 6 4.922411060681417
8 6 4.922411060681417
1 7 4.922411060681417
2 7 4.922411060681417
8 7 4.922411060681417
0 8 -1.0615252200057739
1 8 4.922411060681417
2 8 4.922411060681417
