0 0 0.40893008425490934
3 0 0.4425063797885135
4 0 0.037041271680349076
5 0 -2.8045403220463836
0 1 0.4425063797885133
0 2 0.037041271680349076
1 2 3.447717397297048
4 3 3.447717397297048
5 3 1.992430164690206
5 4 2.3978952727983707
5 5 1.8588987720656835
6 5 -1.0986122886681096
7 5 0.7884573603642703
8 5 0.04652001563489291
9 5 2.0198291388783205
10 5 -0.780158557549575
11 5 1.3458029997651537
12 5 -1.0174867438557413
5 6 1.6739764335716716
6 6 0.5978370007556205
7 6 2.0794415416798357
9 6 1.8971199848858813
11 6 1.3375041969504586
12 6 0.11934675763256623
5 7 0.7884573603642703
6 7 2.0794415416798357
7 7 2.174751721484161
9 7 0.8938178760220964
10 7 3.0910424533583156
11 7 1.4328143767547834
12 7 0.21465693743689115
5 8 0.7396671961948382
6 8 2.5538995212749516
7 8 1.8382794848629478
9 8 1.4736363712750384
10 8 2.466888144285322
11 8 1.7894893206935159
12 8 -0.12181529918432198
5 9 -0.8979415932059586
6 9 1.7147984280919266
7 9 1.9924301646902063
8 9 1.250492819960829
10 9 1.1169614273363062
11 9 2.2313220729725547
12 9 1.3316183647731974
7 10 2.803360380906535
10 10 1.927891643552635
11 10 2.2155737160044158
12 10 1.5364127774192105
5 11 -0.6466271649250526
6 11 1.0498221244986776
7 11 0.739667196194838
8 11 1.0963421401335705
10 11 0.2696635669491026
12 11 2.0182508643119488
0 12 -2.972875636865598
1 12 1.8240948498709915
2 12 2.2295599579791556
5 12 -2.9633968929110543
6 12 1.217959046300676
8 12 1.893087721357943
9 12 -0.14998617615101822
10 12 1.130947669311046
11 12 -0.5272804072924863
12 12 1.5777979935820647
