0 0 0.1289038970924745
3 0 0.14660347419187544
4 0 -0.258861633916289
5 0 -2.897918963531547
0 1 0.14660347419187544
0 2 -0.258861633916289
1 2 3.784189633918261
4 3 3.784189633918261
5 3 2.5314266654228934
5 4 2.9368917735310576
0 5 -2.8979189635315477
1 5 2.531426665422893
2 5 2.531426665422893
5 5 2.1949544288016805
8 5 2.9368917735310576
9 5 2.531426665422893
10 5 0.7396671961948382
2 6 3.784189633918261
5 6 2.5314266654228934
5 7 2.5314266654228934
6 7 3.784189633918261
9 8 3.784189633918261
10 8 3.378724525810097
10 9 3.784189633918261
5 10 0.7396671961948382
6 10 3.378724525810097
7 10 3.784189633918261
10 10 2.6855773452501515
