0 0 0.03692832391128998
3 0 0.04277202206020091
4 0 -0.36269308604796363
5 0 -3.1352818082877447
0 1 0.04277202206020091
0 2 -0.36269308604796363
1 2 4.782618778040171
4 3 4.782618778040171
5 3 3.396324416920281
5 4 3.8017895250284455
5 5 3.5141074525766642
6 5 3.8017895250284455
7 5 3.396324416920281
8 5 2.7031772363603355
2 6 4.782618778040171
7 6 4.782618778040171
8 6 4.782618778040171
1 7 4.782618778040171
2 7 4.782618778040171
8 7 4.782618778040171
0 8 -1.055840266607909
1 8 4.782618778040171
2 8 4.782618778040171
