0 0 0.2050749569037096
5 0 0.26759531388504365
6 0 -0.13786979422312065
7 0 -2.083779943278434
0 1 0.2675953138850435
0 2 0.2675953138850435
0 3 -0.13786979422312065
1 3 3.3586377672433594
0 4 -0.13786979422312065
2 4 3.3586377672433594
6 5 2.665490586683414
7 5 2.1058747987479913
7 6 2.511339906856156
0 7 -2.7769271238383793
1 7 2.1058747987479913
3 7 2.511339906856156
7 7 1.664042046468952
8 7 2.511339906856156
9 7 2.1058747987479913
10 7 0.23407262184639982
9 8 3.3586377672433594
10 8 2.8731299514616584
10 9 3.278595059569823
0 10 -2.009671971124712
2 10 2.8731299514616584
4 10 3.278595059569823
10 10 2.3230836145423863
