0 0 0.9269756319741714
3 0 0.9915141531117426
4 0 0.5860490450035782
5 0 -2.247164299052638
0 1 0.9915141531117426
0 2 0.5860490450035782
1 2 3.3586377672433594
4 3 3.3586377672433594
5 3 1.9117187843070338
5 4 2.317183892415198
5 5 1.786555641353028
6 5 -1.1793236690512818
7 5 1.9117187843070338
9 5 1.5062536761988699
10 5 -0.5731878654809663
11 5 0.5767177175746937
12 5 -1.5847887771594464
5 6 0.9001178726285541
8 6 -0.3610133455373305
9 6 1.836211231798889
11 6 1.5998224537346584
12 6 -0.4563235253416555
6 7 1.6538896750049341
9 7 1.3437347467010947
10 7 2.26002547857525
11 7 1.8004931491968095
12 7 -0.5433349023312852
5 8 0.3022808718729337
6 8 1.9415717474567153
9 8 1.4082732678386658
10 8 1.8545603704670854
11 8 1.49033822089297
12 8 -0.9488000104394495
6 9 0.33213383502261484
7 9 2.03688192726104
8 9 0.021978906718775167
9 9 -0.6711682738411702
10 9 0.2451224580329849
11 9 1.731500277709858
12 9 0.5772562930555997
11 10 1.8004931491968095
12 10 0.8429594587886053
5 11 -1.7258673754193519
6 11 0.09574505695838414
8 11 0.19105523676270922
12 11 1.1371989317865454
0 12 -3.3159236245710666
1 12 0.8429594587886053
2 12 1.2484245668967697
5 12 -2.2779359577193916
6 12 0.5851303494865057
8 12 1.1053237232560964
9 12 -0.766478453645495
10 12 0.6606379019946508
11 12 -1.18518878850368
12 12 0.8173826169989555
