1 0 4.700480365792417
4 0 5.393627546352362
0 1 4.700480365792417
1 1 4.007333185232471
4 1 5.10594547390058
39 1 4.700480365792417
0 2 5.393627546352362
1 2 4.700480365792417
3 2 5.393627546352362
0 3 5.393627546352362
1 3 5.393627546352362
4 4 4.007333185232471
23 4 4.700480365792417
39 4 5.393627546352362
6 5 4.988162438244197
7 5 5.393627546352362
6 6 4.295015257684252
9 6 4.700480365792417
11 6 5.393627546352362
6 7 5.393627546352362
1 8 4.700480365792417
2 8 5.393627546352362
3 8 5.393627546352362
2 9 4.700480365792417
8 9 5.393627546352362
9 9 4.007333185232471
10 9 5.393627546352362
2 10 5.393627546352362
3 10 5.393627546352362
8 10 5.393627546352362
9 11 5.393627546352362
10 11 5.393627546352362
31 12 5.393627546352362
35 12 5.393627546352362
12 13 5.393627546352362
31 13 4.700480365792417
35 13 5.393627546352362
12 14 4.140864577856994
13 14 4.546329685965158
14 14 4.209857449343945
35 14 3.447717397297048
16 15 4.189654742026425
45 15 -1.3156767939059373
49 15 1.632427430658799
16 16 4.37197629882038
87 16 4.882801922586371
88 16 4.477336814478206
90 16 3.784189633918261
17 17 4.007333185232471
18 17 4.700480365792417
19 17 5.393627546352362
21 17 5.393627546352362
20 18 5.393627546352362
43 18 4.140864577856994
18 19 5.393627546352362
20 19 5.393627546352362
21 19 5.393627546352362
43 20 4.546329685965158
18 21 5.393627546352362
20 21 5.393627546352362
43 21 3.447717397297048
22 22 3.0265039322207445
24 22 3.3141860046725258
45 22 -0.9102116857977728
74 22 2.6210388241125804
75 22 3.3141860046725258
76 22 3.71965111278069
23 23 4.295015257684252
45 23 -0.6225296133459919
46 23 5.393627546352362
24 24 4.295015257684252
30 24 4.295015257684252
17 25 4.007333185232471
25 25 4.007333185232471
28 25 5.393627546352362
29 25 5.393627546352362
45 26 0.4760826753221178
45 27 -0.6225296133459919
50 27 4.700480365792417
53 27 4.700480365792417
17 28 5.393627546352362
29 28 5.393627546352362
17 29 5.393627546352362
19 29 5.393627546352362
22 30 0.8292793548845252
30 30 4.007333185232471
32 30 4.295015257684252
33 30 4.700480365792417
34 30 3.6018680771243066
45 30 -1.7211419020141019
22 31 2.6210388241125804
30 31 3.6018680771243066
31 31 4.007333185232471
45 31 -1.3156767939059373
14 32 3.447717397297048
34 32 5.393627546352362
36 32 5.393627546352362
32 33 5.393627546352362
34 33 5.393627546352362
36 33 5.393627546352362
14 34 4.140864577856994
36 34 5.393627546352362
30 35 3.6018680771243066
31 35 5.393627546352362
14 36 4.546329685965158
37 37 4.007333185232471
108 37 5.211305989558407
37 38 5.393627546352362
108 38 4.295015257684252
23 39 5.393627546352362
41 40 5.393627546352362
42 40 5.393627546352362
42 41 5.393627546352362
55 41 5.393627546352362
42 42 4.007333185232471
49 42 2.0378925387669637
55 42 5.393627546352362
40 43 4.546329685965158
41 43 4.140864577856994
42 43 2.7545702167371027
43 43 4.209857449343945
57 44 5.393627546352362
58 44 5.393627546352362
22 45 -0.5047465776896085
37 45 -0.2170645052378275
38 45 0.4760826753221178
44 45 0.07061756721395342
45 45 0.41316884991154834
47 45 0.4760826753221178
48 45 0.4760826753221178
49 45 -1.2926872756812386
51 45 0.4760826753221178
52 45 0.4760826753221178
57 45 0.07061756721395342
58 45 -1.3156767939059373
45 46 0.4760826753221178
45 47 0.4760826753221178
44 48 5.393627546352362
45 48 0.07061756721395342
15 49 2.0378925387669637
16 49 1.1216018068928084
25 49 2.5487181625329542
28 49 1.632427430658799
45 49 -1.3879974554855634
49 49 2.382086821482087
54 49 2.325574611218744
26 50 4.700480365792417
45 50 0.293761118528163
22 51 3.0265039322207445
45 51 -0.2170645052378275
45 52 0.4760826753221177
26 53 4.700480365792417
45 53 -0.2170645052378275
50 53 4.700480365792417
5 54 5.393627546352362
6 54 3.196402969016142
7 54 4.988162438244197
54 54 4.295015257684252
45 55 -0.6225296133459919
49 55 2.325574611218744
49 56 2.7310397193269087
58 57 5.393627546352362
60 57 5.393627546352362
58 58 4.007333185232471
60 58 5.393627546352362
64 58 4.700480365792417
65 58 5.393627546352362
49 59 2.325574611218744
56 59 5.393627546352362
62 60 5.393627546352362
64 60 5.393627546352362
65 60 5.393627546352362
59 61 5.393627546352362
63 61 5.393627546352362
66 61 5.393627546352362
67 62 5.393627546352362
70 62 5.393627546352362
49 63 1.632427430658799
56 63 5.393627546352362
59 63 5.393627546352362
62 64 5.393627546352362
67 64 5.393627546352362
70 64 4.700480365792417
62 65 5.393627546352362
64 65 5.393627546352362
67 65 5.393627546352362
56 66 5.393627546352362
59 66 5.393627546352362
63 66 5.393627546352362
70 67 5.393627546352362
71 67 5.393627546352362
61 68 5.393627546352362
66 68 5.393627546352362
69 68 4.295015257684252
61 69 4.988162438244197
63 69 4.295015257684252
66 69 4.295015257684252
68 69 4.988162438244197
69 69 4.295015257684252
69 70 4.700480365792417
70 70 4.007333185232471
71 70 5.393627546352362
68 71 5.393627546352362
69 71 4.988162438244197
73 72 4.700480365792417
80 72 4.700480365792417
81 72 4.700480365792417
72 73 4.700480365792417
73 73 4.295015257684252
80 73 4.700480365792417
72 74 4.700480365792417
73 74 4.988162438244197
72 75 4.700480365792417
73 75 4.295015257684252
74 75 5.393627546352362
72 76 4.700480365792417
74 76 5.393627546352362
75 76 5.393627546352362
50 77 4.700480365792417
53 77 4.700480365792417
78 77 5.393627546352362
26 78 5.393627546352362
50 78 4.700480365792417
53 78 4.700480365792417
53 79 4.700480365792417
77 79 5.393627546352362
78 79 5.393627546352362
80 80 4.007333185232471
81 80 5.393627546352362
95 80 5.393627546352362
98 80 4.700480365792417
95 81 5.393627546352362
97 81 5.393627546352362
98 81 5.393627546352362
77 82 5.393627546352362
79 82 5.393627546352362
83 82 5.393627546352362
77 83 5.393627546352362
78 83 5.393627546352362
79 83 5.393627546352362
109 84 5.393627546352362
110 84 5.393627546352362
111 84 5.393627546352362
84 85 5.393627546352362
109 85 5.393627546352362
111 85 5.393627546352362
84 86 5.393627546352362
85 86 5.393627546352362
111 86 5.393627546352362
88 87 5.393627546352362
89 87 5.393627546352362
90 87 5.393627546352362
86 88 5.393627546352362
89 88 5.393627546352362
90 88 5.393627546352362
84 89 5.393627546352362
85 89 5.393627546352362
86 89 5.393627546352362
85 90 5.393627546352362
86 90 5.393627546352362
89 90 5.393627546352362
27 91 5.393627546352362
50 91 4.700480365792417
53 91 4.700480365792417
27 92 5.393627546352362
53 92 4.700480365792417
91 92 5.393627546352362
27 93 5.393627546352362
91 93 5.393627546352362
92 93 5.393627546352362
15 94 4.700480365792417
49 94 2.325574611218744
97 95 5.393627546352362
98 95 5.393627546352362
99 95 5.393627546352362
79 96 5.393627546352362
82 96 5.393627546352362
83 96 5.393627546352362
99 97 5.393627546352362
100 97 5.393627546352362
101 97 5.393627546352362
97 98 5.393627546352362
99 98 5.393627546352362
101 98 5.393627546352362
100 99 5.393627546352362
101 99 5.393627546352362
102 99 5.393627546352362
102 100 5.393627546352362
103 100 5.393627546352362
104 100 4.700480365792417
100 101 5.393627546352362
102 101 5.393627546352362
103 101 5.393627546352362
103 102 5.393627546352362
104 102 5.393627546352362
104 103 5.393627546352362
107 103 5.393627546352362
104 104 4.007333185232471
105 104 5.393627546352362
106 104 4.700480365792417
107 104 5.393627546352362
82 105 5.393627546352362
96 105 5.393627546352362
106 105 5.393627546352362
82 106 5.393627546352362
83 106 5.393627546352362
96 106 5.393627546352362
96 107 5.393627546352362
105 107 5.393627546352362
106 107 5.393627546352362
108 108 4.295015257684252
128 108 4.295015257684252
130 108 4.988162438244197
131 108 5.393627546352362
110 109 5.393627546352362
115 109 5.393627546352362
115 110 5.393627546352362
116 110 5.393627546352362
109 111 5.393627546352362
110 111 5.393627546352362
115 111 4.700480365792417
92 112 5.393627546352362
93 112 5.393627546352362
113 112 5.393627546352362
91 113 5.393627546352362
92 113 5.393627546352362
93 113 5.393627546352362
93 114 5.393627546352362
112 114 5.393627546352362
113 114 5.393627546352362
115 115 4.007333185232471
116 115 5.393627546352362
117 115 5.393627546352362
118 115 4.700480365792417
117 116 5.393627546352362
118 116 5.393627546352362
121 116 5.393627546352362
118 117 5.393627546352362
120 117 5.393627546352362
121 117 5.393627546352362
119 118 5.393627546352362
120 118 5.393627546352362
121 118 5.393627546352362
114 119 5.393627546352362
122 119 5.393627546352362
123 119 5.393627546352362
119 120 5.393627546352362
122 120 5.393627546352362
123 120 5.393627546352362
119 121 5.393627546352362
120 121 5.393627546352362
122 121 5.393627546352362
112 122 5.393627546352362
114 122 5.393627546352362
123 122 5.393627546352362
112 123 5.393627546352362
113 123 5.393627546352362
114 123 5.393627546352362
94 124 4.295015257684252
124 124 4.295015257684252
126 124 5.393627546352362
127 124 4.988162438244197
124 125 4.477336814478206
125 125 4.37197629882038
15 126 4.700480365792417
94 126 5.393627546352362
127 126 5.393627546352362
15 127 4.700480365792417
49 127 1.632427430658799
94 127 5.393627546352362
125 128 4.477336814478206
129 128 5.393627546352362
125 129 4.882801922586371
125 130 3.784189633918261
128 130 5.393627546352362
129 130 5.393627546352362
128 131 5.393627546352362
129 131 5.393627546352362
130 131 5.393627546352362
