0 0 0.038372716494451585
3 0 0.044451762570833796
4 0 -0.3610133455373306
5 0 -3.1336020677771117
0 1 0.044451762570833796
0 2 -0.3610133455373306
1 2 4.74493212836325
4 3 4.74493212836325
5 3 3.3586377672433594
5 4 3.764102875351524
5 5 3.4764208028997428
6 5 3.764102875351524
7 5 3.3586377672433594
8 5 2.665490586683414
2 6 4.74493212836325
7 6 4.74493212836325
8 6 4.74493212836325
1 7 4.74493212836325
2 7 4.74493212836325
8 7 4.74493212836325
0 8 -1.054160526097276
1 8 4.74493212836325
2 8 4.74493212836325
