0 0 0.4112106329707172
3 0 0.44486765597419325
4 0 0.03940254786602904
5 0 -2.7682774941850226
0 1 0.44486765597419314
0 2 0.03940254786602904
1 2 3.447717397297048
4 3 3.447717397297048
5 3 2.0263317163658874
5 4 2.4317968244740515
5 5 1.9267018754170462
6 5 -0.2762533766281581
7 5 0.9967122991847293
8 5 -0.34079189776572943
9 5 2.0263317163658874
10 5 -1.2317648216555945
11 5 1.0880620777729573
12 5 -1.0494432648616399
5 6 1.595548800273433
6 6 0.7884573603642703
7 6 1.8382794848629478
9 6 2.049588578530155
11 6 1.3418425985490567
12 6 0.3029495445825694
5 7 0.9967122991847293
6 7 2.243744592971112
7 7 1.5018072482417348
9 7 0.6145040532408321
10 7 2.492205952269612
11 7 1.410835470036008
12 7 0.3719424160695208
5 8 -0.053109825313948526
6 8 2.264363880173848
7 8 1.7737409637253767
9 8 1.3972633924904643
10 8 2.4539847394494143
11 8 1.8834398809818012
12 8 0.39256170327225637
5 9 -0.4014165195821642
6 9 1.8672670217362
7 9 2.0007984143607227
8 9 0.8864377687244739
10 9 0.6886120253945539
11 9 2.0639773159822545
12 9 1.3817592059544992
7 10 2.2690624009554017
8 10 0.7492366472109887
10 10 1.3623411200973978
11 10 2.1780906227496755
12 10 1.5446626768913523
5 11 -1.109162499563262
6 11 0.6486954179891115
7 11 0.3122231813678986
8 11 1.094982520617531
10 11 0.7917962616297848
12 11 2.109097751262724
0 12 -2.8822217535342403
1 12 1.9123874570166697
2 12 2.3178525651248343
6 12 1.2192402764567245
7 12 -0.7266698725985888
8 12 2.0019996157063566
9 12 -0.004535155165391374
10 12 1.2933482486104464
11 12 0.029656209582888237
12 12 1.4393021612335264
