0 0 0.14346366395103358
1 0 -3.420137603615465
3 0 -0.24208377326751973
6 0 0.08333862716710805
8 0 -0.4091378579306861
9 0 -3.142505867017186
0 1 0.1633813348406447
6 2 3.6039637816985253
8 2 3.6039637816985253
9 2 1.5637429531719707
0 3 -0.24208377326751973
1 3 3.6840064893720617
0 4 -0.2420837732675196
1 4 3.6840064893720617
2 5 5.475765958600117
6 5 2.91081660113858
7 5 5.475765958600117
8 5 3.6039637816985253
9 5 0.8705957726120255
0 6 -3.500180311289002
1 6 1.1190571319105251
3 6 3.6039637816985253
8 6 3.523921074024989
9 6 2.1768474260583797
8 7 3.6039637816985253
9 7 2.256890133731916
9 8 2.6623552418400807
0 9 -3.142505867017186
1 9 2.1698787567422864
4 9 2.4980521905488042
9 9 2.1459585730246347
10 9 -0.5156985885078652
11 9 2.256890133731916
13 9 2.6623552418400807
14 9 2.256890133731916
15 9 0.4651306645038611
4 10 3.301014237115956
9 10 2.4287403906585756
9 11 2.256890133731916
10 11 4.089471597480226
9 12 2.256890133731916
10 12 4.089471597480226
9 13 -0.7388421398220748
10 13 1.7868865044861804
11 13 3.866328046166016
14 13 3.866328046166016
15 13 3.460862938057852
15 14 3.971688561823843
2 15 3.5662234537156783
5 15 3.971688561823843
6 15 0.3081269156941964
7 15 3.5662234537156783
8 15 0.3081269156941964
9 15 0.21381623622295512
10 15 3.4326920610911555
12 15 3.971688561823843
15 15 2.873076273155733
