0 0 0.09512754808068702
3 0 0.10873320013646559
4 0 -0.2967319079716989
5 0 -2.822460552279954
0 1 0.10873320013646559
0 2 -0.2967319079716989
1 2 4.007333185232471
4 3 4.007333185232471
5 3 2.8678989020441064
5 4 3.2733640101522705
0 5 -2.822460552279954
1 5 2.580216829592325
2 5 2.580216829592325
5 5 2.511223958105374
8 5 3.2733640101522705
9 5 2.8678989020441064
10 5 1.163150809805681
1 6 3.3141860046725258
2 6 4.007333185232471
5 6 2.580216829592325
2 7 3.3141860046725258
5 7 2.580216829592325
6 7 4.007333185232471
9 8 4.007333185232471
10 8 3.6888794541139363
7 9 2.6210388241125804
10 9 4.007333185232471
5 10 1.163150809805681
6 10 3.6888794541139363
7 10 4.007333185232471
10 10 2.900422093749666
