0 0 0.5058276309610178
3 0 0.5487526756780517
4 0 0.14328756756988723
5 0 -2.70162181624952
0 1 0.5487526756780517
0 2 0.14328756756988742
1 2 3.312973148247316
4 3 3.312973148247316
5 3 1.8543581255477997
5 4 2.259823233655964
5 5 1.4943553915163925
6 5 -1.1413741480061914
7 5 0.8735288725360733
8 5 -0.1380720391424066
9 5 1.9795212685018055
10 5 -0.4482269674462462
11 5 1.384354496302064
12 5 -0.8049019113849786
5 6 1.803064831160249
6 6 0.3172408746933253
7 6 1.9266787871274256
9 6 1.2980701277050517
11 6 0.540384426007535
12 6 -0.5990498571808297
5 7 0.8735288725360733
6 7 1.9266787871274256
9 7 0.8280664984593161
10 7 2.6198259676873707
11 7 1.45667515788169
12 7 0.3172408746933253
5 8 1.0659007651835295
6 8 2.3013722365688363
7 8 1.8313686073231008
8 8 0.12662051508467573
9 8 0.9150778754489458
10 8 2.3013722365688363
11 8 1.1382214267631554
12 8 -1.3875072175450998
5 9 -0.8536920755544105
6 9 1.5212136790192614
7 9 1.9266787871274258
8 9 0.9150778754489458
10 9 0.6049229471451064
11 9 2.006721494800962
12 9 1.1927096120472254
6 10 1.0103880552532707
7 10 1.9266787871274256
8 10 1.608225056008891
10 10 1.7035352358132159
11 10 2.1498223384416355
12 10 1.0103880552532707
5 11 -0.2250834161320365
6 11 1.2335316065674804
8 11 1.3613649780773653
10 11 0.540384426007535
12 11 1.7641598576296509
0 12 -2.852444705984104
1 12 1.7035352358132159
2 12 2.1090003439213802
5 12 -2.7508120604402917
6 12 0.7872445039390609
7 12 -0.37590630586662
8 12 1.5569317616213407
9 12 -0.5990498571808297
10 12 1.0103880552532707
11 12 -1.0690534864265653
12 12 1.4928142044975634
