0 0 0.37375553294008024
5 0 -0.02194875490438754
6 0 -0.3584209915256004
7 0 -2.649577388696023
0 1 0.29650497621414684
5 1 1.1382214267631554
6 1 0.4450742462032102
5 2 2.524515787883046
6 2 2.524515787883046
7 2 0.8619680501349973
0 3 -0.03996726040706587
1 3 2.8429695190015805
5 3 0.4450742462032102
2 4 3.823798772013307
5 4 2.524515787883046
6 4 2.524515787883046
3 5 0.4450742462032102
6 5 2.5245157878830464
7 5 1.5085952150600497
1 6 0.4450742462032102
3 6 0.4450742462032102
7 6 1.8652701589987823
10 6 0.5786056388277329
0 7 -2.783108781320546
1 7 1.347475865916698
3 7 1.7269654876216018
7 7 1.3448198218585818
10 7 1.911790174633675
11 7 1.5551152306949427
12 7 -0.18785407436368037
0 8 -2.0548702809493307
1 8 1.45667515788169
3 8 1.45667515788169
7 8 1.672898266351326
1 9 1.45667515788169
3 9 1.45667515788169
7 9 1.2674331582431617
8 9 3.536116699561526
9 10 1.5902065505062126
11 10 2.976500911626103
12 10 2.545717995533649
8 11 1.5902065505062126
9 11 1.5902065505062126
12 11 2.9252076172385526
2 12 2.6198259676873707
3 12 -0.15276275455241028
4 12 3.0252910757955354
5 12 0.6273958029971649
7 12 -1.035151934750884
8 12 2.486294575062848
9 12 2.8429695190015805
12 12 1.9754689512968575
