0 0 0.09668436651339375
5 0 0.12390782512405037
6 0 -0.2815572829841142
7 0 -2.0535141249159894
0 1 0.12390782512405037
0 2 0.12390782512405037
0 3 -0.2815572829841142
1 3 3.971688561823843
0 4 -0.2815572829841142
2 4 4.089471597480226
6 5 3.335699795103846
7 5 2.889412692475427
11 5 1.7262618826697456
7 6 3.1613464079590683
11 6 2.979024851165114
12 6 1.831622398327572
0 7 -2.689502891635986
1 7 2.8928789004519126
3 7 3.2785413812638975
7 7 2.256890133731916
8 7 1.5637429531719707
9 7 2.9500373142918614
11 7 2.9988274784612936
12 7 2.832254278635478
13 7 1.1960181730466535
1 8 3.2785413812638975
3 8 3.2785413812638975
7 8 2.9500373142918614
7 9 2.9500373142918614
8 9 5.475765958600117
3 10 3.971688561823843
7 10 2.256890133731916
8 10 5.475765958600117
7 11 -0.04569495926212955
8 11 3.173180865606071
9 11 3.866328046166016
12 11 3.866328046166016
13 11 3.4986032660406994
10 12 3.971688561823843
13 12 3.971688561823843
0 13 -2.1533594598857055
2 13 3.6039637816985253
4 13 4.009428889806689
7 13 -1.0012064042895659
8 13 2.91081660113858
10 13 3.6039637816985253
13 13 2.8715958879852987
