0 0 0.1739467551383502
5 0 0.20810567394966914
6 0 -0.19735943415849522
7 0 -2.3568436835118676
0 1 0.20810567394966914
0 2 0.20810567394966914
0 3 -0.1973594341584951
1 3 3.447717397297048
0 4 -0.19735943415849522
2 4 4.700480365792417
6 5 3.196402969016142
7 5 2.4232130807826606
7 6 2.828678188890825
0 7 -2.7623087916200317
1 7 2.269062400955402
3 7 2.617369095223618
7 7 1.755383708207005
9 7 1.7300659002227152
11 7 2.828678188890825
12 7 0.6314536115546056
13 7 2.1355310083308794
14 7 0.6314536115546056
0 8 -2.499944527152541
1 8 1.8382794848629478
3 8 2.531426665422893
7 8 2.5185232605869854
7 9 1.7300659002227152
8 9 3.0910424533583156
12 9 3.6018680771243066
13 9 2.6210388241125804
14 9 1.8101086078962514
1 10 1.6559579280689933
3 10 1.6559579280689933
7 10 1.7300659002227152
8 10 3.6018680771243066
9 10 2.908720896564361
12 10 3.196402969016142
13 10 1.5224265354444706
14 10 0.7114963192281417
9 11 2.7545702167371027
10 11 2.3491051086289385
12 11 2.3491051086289385
13 11 3.3141860046725253
14 11 2.859930732394929
7 12 0.6314536115546056
8 12 2.6855773452501515
9 12 3.6018680771243066
10 12 3.196402969016142
13 12 2.908720896564361
14 12 2.0977906803480324
8 13 2.3978952727983702
10 13 2.908720896564361
12 13 2.908720896564361
14 13 3.196402969016142
0 14 -3.08773119205466
2 14 3.196402969016142
3 14 0.5573456394008836
4 14 3.6018680771243066
7 14 -0.06169356900533978
8 14 2.6855773452501515
9 14 1.8101086078962514
10 14 3.0140814122221875
12 14 2.0977906803480324
13 14 0.42381424677636087
14 14 2.5032557884561966
