5 0 4.74493212836325
7 0 4.051784947803305
32 0 4.74493212836325
69 1 4.051784947803305
74 1 4.339467020255086
3 2 4.74493212836325
4 2 4.74493212836325
40 2 4.74493212836325
4 3 4.74493212836325
40 3 4.74493212836325
83 3 4.74493212836325
16 4 4.74493212836325
39 4 4.74493212836325
83 4 4.74493212836325
2 5 4.74493212836325
3 5 4.74493212836325
32 5 4.74493212836325
7 6 4.051784947803305
8 6 3.3586377672433594
9 6 4.74493212836325
2 7 4.051784947803305
5 7 4.051784947803305
8 7 2.665490586683414
9 7 4.051784947803305
10 7 4.051784947803305
32 7 4.051784947803305
0 8 4.051784947803305
7 8 3.3586377672433594
8 8 3.3586377672433594
9 8 3.3586377672433594
10 8 3.3586377672433594
13 8 4.051784947803305
8 9 4.051784947803305
10 9 4.74493212836325
8 10 4.051784947803305
13 10 4.74493212836325
133 11 4.74493212836325
134 11 4.74493212836325
135 11 4.74493212836325
70 12 4.74493212836325
72 12 4.74493212836325
132 12 4.74493212836325
0 13 4.74493212836325
5 13 4.74493212836325
7 13 4.051784947803305
11 14 4.74493212836325
133 14 4.74493212836325
134 14 4.74493212836325
6 15 4.74493212836325
8 15 3.3586377672433594
86 15 4.74493212836325
45 16 4.74493212836325
46 16 4.339467020255086
11 17 4.74493212836325
14 17 4.74493212836325
134 17 4.74493212836325
6 18 4.74493212836325
15 18 4.74493212836325
86 18 4.74493212836325
15 19 4.74493212836325
18 19 4.74493212836325
86 19 4.74493212836325
21 20 4.74493212836325
267 20 4.74493212836325
290 20 4.74493212836325
267 21 4.74493212836325
268 21 4.74493212836325
290 21 4.74493212836325
24 22 4.74493212836325
34 22 4.74493212836325
38 22 4.74493212836325
269 23 4.74493212836325
270 23 4.74493212836325
288 23 4.74493212836325
49 24 4.74493212836325
50 24 4.74493212836325
51 24 4.74493212836325
25 25 3.3586377672433594
271 25 3.3586377672433594
272 25 4.74493212836325
273 25 4.74493212836325
20 26 4.74493212836325
21 26 4.74493212836325
290 26 4.74493212836325
20 27 4.74493212836325
21 27 4.74493212836325
26 27 4.74493212836325
20 28 4.74493212836325
26 28 4.74493212836325
27 28 4.74493212836325
26 29 4.74493212836325
27 29 4.74493212836325
28 29 4.74493212836325
28 30 4.74493212836325
29 30 4.74493212836325
31 30 4.74493212836325
27 31 4.74493212836325
28 31 4.74493212836325
29 31 4.74493212836325
2 32 4.74493212836325
3 32 4.74493212836325
40 32 4.74493212836325
22 33 4.74493212836325
34 33 4.74493212836325
38 33 4.74493212836325
24 34 4.74493212836325
50 34 4.74493212836325
51 34 4.74493212836325
25 35 4.74493212836325
37 35 4.74493212836325
25 36 4.051784947803305
35 36 4.74493212836325
37 36 4.74493212836325
25 37 4.74493212836325
273 37 4.74493212836325
24 38 4.74493212836325
34 38 4.74493212836325
50 38 4.74493212836325
16 39 4.74493212836325
45 39 4.74493212836325
46 39 3.64631983969514
4 40 4.74493212836325
39 40 4.74493212836325
83 40 4.74493212836325
41 41 3.3586377672433594
136 41 4.051784947803305
139 41 4.74493212836325
141 41 4.74493212836325
41 42 4.74493212836325
139 42 4.74493212836325
44 43 4.74493212836325
47 43 4.051784947803305
41 44 3.3586377672433594
42 44 4.74493212836325
44 44 3.3586377672433594
47 44 4.051784947803305
46 45 4.74493212836325
43 46 3.64631983969514
46 46 3.64631983969514
47 46 4.051784947803305
48 46 4.339467020255086
41 47 4.051784947803305
42 47 4.051784947803305
43 47 4.051784947803305
44 47 3.3586377672433594
48 47 4.051784947803305
43 48 4.74493212836325
44 48 4.74493212836325
35 49 4.74493212836325
36 49 4.74493212836325
37 49 4.74493212836325
36 50 4.74493212836325
49 50 4.74493212836325
51 50 4.74493212836325
35 51 4.74493212836325
36 51 4.74493212836325
49 51 4.74493212836325
53 52 4.051784947803305
96 52 4.051784947803305
97 52 4.74493212836325
52 53 4.051784947803305
53 53 3.3586377672433594
96 53 4.051784947803305
97 53 4.74493212836325
22 54 4.74493212836325
33 54 4.74493212836325
38 54 4.74493212836325
33 55 4.74493212836325
54 55 4.74493212836325
57 55 4.74493212836325
62 56 4.74493212836325
63 56 4.74493212836325
64 56 4.74493212836325
22 57 4.74493212836325
33 57 4.74493212836325
54 57 4.74493212836325
59 58 4.74493212836325
60 58 4.051784947803305
61 58 4.74493212836325
60 59 4.74493212836325
61 59 4.74493212836325
60 60 3.3586377672433594
61 60 4.051784947803305
65 60 4.051784947803305
67 60 4.457250055911469
60 61 4.051784947803305
65 61 4.74493212836325
67 61 4.051784947803305
58 62 4.74493212836325
59 62 4.74493212836325
63 62 4.74493212836325
58 63 4.74493212836325
59 63 4.74493212836325
60 63 4.051784947803305
58 64 4.74493212836325
62 64 4.74493212836325
63 64 4.74493212836325
55 65 4.74493212836325
66 65 4.74493212836325
67 65 4.051784947803305
54 66 4.74493212836325
55 66 4.74493212836325
57 66 4.74493212836325
55 67 4.051784947803305
57 67 4.051784947803305
65 67 4.051784947803305
66 67 4.74493212836325
67 67 3.3586377672433594
1 68 4.74493212836325
69 68 4.051784947803305
74 68 3.64631983969514
1 69 4.051784947803305
68 69 4.051784947803305
73 69 4.051784947803305
74 69 4.051784947803305
72 70 4.74493212836325
146 70 4.051784947803305
154 70 4.74493212836325
75 71 4.74493212836325
84 71 4.74493212836325
91 71 4.74493212836325
146 72 4.74493212836325
154 72 4.74493212836325
1 73 4.74493212836325
68 73 4.74493212836325
69 73 4.051784947803305
71 74 4.74493212836325
74 74 3.64631983969514
75 74 4.339467020255086
84 74 3.64631983969514
84 75 4.74493212836325
91 75 4.74493212836325
94 75 4.74493212836325
77 76 4.74493212836325
78 76 4.74493212836325
79 76 4.74493212836325
99 77 4.74493212836325
106 77 4.74493212836325
107 77 4.74493212836325
77 78 4.74493212836325
99 78 4.74493212836325
106 78 4.74493212836325
77 79 4.74493212836325
78 79 4.74493212836325
99 79 4.74493212836325
119 80 4.74493212836325
294 80 4.74493212836325
296 80 4.74493212836325
81 81 3.3586377672433594
100 81 4.74493212836325
101 81 4.051784947803305
102 81 4.74493212836325
15 82 4.74493212836325
18 82 4.74493212836325
19 82 4.74493212836325
16 83 4.74493212836325
39 83 4.74493212836325
45 83 4.74493212836325
91 84 4.74493212836325
93 84 4.74493212836325
94 84 4.74493212836325
112 85 4.74493212836325
113 85 4.74493212836325
165 85 4.74493212836325
6 86 4.74493212836325
7 86 4.051784947803305
8 86 3.3586377672433594
81 87 4.74493212836325
88 87 4.74493212836325
81 88 4.74493212836325
100 88 4.74493212836325
117 89 4.74493212836325
120 89 4.74493212836325
150 89 4.74493212836325
89 90 4.74493212836325
120 90 4.74493212836325
150 90 4.74493212836325
85 91 4.74493212836325
93 91 4.74493212836325
94 91 4.74493212836325
11 92 4.74493212836325
14 92 4.74493212836325
17 92 4.74493212836325
85 93 4.74493212836325
112 93 4.74493212836325
113 93 4.74493212836325
85 94 4.74493212836325
93 94 4.74493212836325
112 94 4.74493212836325
137 95 4.74493212836325
140 95 4.74493212836325
174 95 4.74493212836325
95 96 4.74493212836325
96 96 3.3586377672433594
137 96 4.051784947803305
140 96 4.74493212836325
95 97 4.74493212836325
96 97 4.74493212836325
56 98 4.74493212836325
62 98 4.74493212836325
64 98 4.74493212836325
106 99 4.74493212836325
107 99 4.74493212836325
158 99 4.74493212836325
101 100 4.74493212836325
102 100 4.74493212836325
160 100 4.74493212836325
159 101 4.74493212836325
160 101 4.74493212836325
190 101 3.64631983969514
101 102 4.74493212836325
159 102 4.74493212836325
160 102 4.74493212836325
19 103 4.74493212836325
82 103 4.74493212836325
104 103 4.74493212836325
18 104 4.74493212836325
19 104 4.74493212836325
82 104 4.74493212836325
82 105 4.74493212836325
103 105 4.74493212836325
104 105 4.74493212836325
107 106 4.74493212836325
158 106 4.74493212836325
180 106 4.74493212836325
158 107 4.74493212836325
180 107 4.74493212836325
186 107 4.74493212836325
89 108 4.74493212836325
90 108 4.74493212836325
150 108 4.74493212836325
14 109 4.74493212836325
17 109 4.74493212836325
92 109 4.74493212836325
17 110 4.051784947803305
92 110 4.74493212836325
109 110 4.74493212836325
110 110 3.3586377672433594
89 111 4.74493212836325
90 111 4.74493212836325
108 111 4.74493212836325
113 112 4.74493212836325
165 112 4.74493212836325
233 112 4.74493212836325
165 113 4.74493212836325
233 113 4.74493212836325
235 113 4.051784947803305
179 114 4.74493212836325
285 114 4.590781448535992
124 115 4.74493212836325
129 115 4.74493212836325
114 116 4.74493212836325
285 116 4.590781448535992
118 117 4.74493212836325
121 117 4.74493212836325
149 117 4.74493212836325
121 118 4.74493212836325
149 118 4.74493212836325
289 118 4.74493212836325
81 119 4.051784947803305
87 119 4.74493212836325
88 119 4.74493212836325
117 120 4.74493212836325
118 120 4.74493212836325
121 120 4.74493212836325
149 121 4.74493212836325
289 121 4.74493212836325
291 121 4.74493212836325
69 122 4.051784947803305
73 122 4.74493212836325
125 122 4.74493212836325
69 123 4.051784947803305
122 123 4.74493212836325
125 123 4.74493212836325
124 124 3.3586377672433594
127 124 4.051784947803305
129 124 4.74493212836325
130 124 4.051784947803305
68 125 4.74493212836325
69 125 4.051784947803305
73 125 4.74493212836325
90 126 4.74493212836325
108 126 4.74493212836325
111 126 4.74493212836325
127 127 3.3586377672433594
128 127 4.051784947803305
130 127 4.051784947803305
131 127 4.74493212836325
128 128 5.150397236471415
127 129 4.74493212836325
130 129 4.74493212836325
127 130 4.051784947803305
128 130 4.051784947803305
131 130 4.74493212836325
128 131 5.150397236471415
70 132 4.74493212836325
72 132 4.74493212836325
154 132 4.74493212836325
12 133 4.74493212836325
132 133 4.74493212836325
135 133 4.74493212836325
12 134 4.74493212836325
133 134 4.74493212836325
135 134 4.74493212836325
12 135 4.74493212836325
70 135 4.74493212836325
132 135 4.74493212836325
76 136 4.74493212836325
79 136 4.74493212836325
142 136 4.74493212836325
166 137 4.74493212836325
174 137 4.74493212836325
237 137 4.74493212836325
98 138 4.74493212836325
143 138 4.74493212836325
144 138 4.74493212836325
136 139 4.74493212836325
141 139 4.74493212836325
142 139 4.74493212836325
137 140 4.74493212836325
166 140 4.74493212836325
174 140 4.74493212836325
76 141 4.74493212836325
136 141 4.74493212836325
142 141 4.74493212836325
76 142 4.74493212836325
78 142 4.74493212836325
79 142 4.74493212836325
56 143 4.74493212836325
98 143 4.74493212836325
144 143 4.74493212836325
56 144 4.74493212836325
64 144 4.74493212836325
98 144 4.74493212836325
151 145 4.74493212836325
152 145 4.74493212836325
293 145 4.051784947803305
146 146 3.3586377672433594
147 146 4.457250055911469
153 146 4.74493212836325
145 147 4.74493212836325
147 147 3.3586377672433594
151 147 4.051784947803305
152 147 4.74493212836325
122 148 4.74493212836325
123 148 4.74493212836325
125 148 4.74493212836325
23 149 4.74493212836325
289 149 4.74493212836325
291 149 4.74493212836325
117 150 4.74493212836325
118 150 4.74493212836325
120 150 4.74493212836325
292 151 4.74493212836325
293 151 4.051784947803305
295 151 4.74493212836325
151 152 4.74493212836325
292 152 4.74493212836325
293 152 4.051784947803305
145 153 4.74493212836325
147 153 4.74493212836325
146 154 4.74493212836325
153 154 4.74493212836325
105 155 4.74493212836325
156 155 4.74493212836325
157 155 4.74493212836325
103 156 4.74493212836325
104 156 4.74493212836325
105 156 4.74493212836325
103 157 4.74493212836325
105 157 4.74493212836325
156 157 4.74493212836325
180 158 4.74493212836325
183 158 4.74493212836325
186 158 4.74493212836325
190 159 3.64631983969514
198 159 4.74493212836325
206 159 4.74493212836325
159 160 4.74493212836325
190 160 3.64631983969514
206 160 4.74493212836325
110 161 4.74493212836325
163 161 4.74493212836325
108 162 4.74493212836325
111 162 4.74493212836325
126 162 4.74493212836325
109 163 4.74493212836325
110 163 4.74493212836325
111 164 4.74493212836325
126 164 4.74493212836325
162 164 4.74493212836325
233 165 4.74493212836325
235 165 4.74493212836325
237 166 4.74493212836325
239 166 4.74493212836325
281 166 4.74493212836325
168 167 4.74493212836325
169 167 4.74493212836325
216 167 4.74493212836325
161 168 4.74493212836325
163 168 4.74493212836325
170 168 4.74493212836325
161 169 4.74493212836325
168 169 4.74493212836325
170 169 4.74493212836325
110 170 4.051784947803305
161 170 4.74493212836325
163 170 4.74493212836325
126 171 4.74493212836325
162 171 4.74493212836325
164 171 4.74493212836325
164 172 4.74493212836325
171 172 4.74493212836325
173 172 4.74493212836325
162 173 4.74493212836325
164 173 4.74493212836325
171 173 4.74493212836325
166 174 4.74493212836325
237 174 4.74493212836325
281 174 4.74493212836325
138 175 4.74493212836325
143 175 4.051784947803305
175 175 3.3586377672433594
176 175 4.74493212836325
138 176 4.74493212836325
143 176 4.74493212836325
144 176 4.74493212836325
175 177 4.74493212836325
176 177 4.74493212836325
155 178 4.74493212836325
156 178 4.74493212836325
157 178 4.74493212836325
80 179 4.74493212836325
204 179 4.74493212836325
294 179 4.74493212836325
183 180 4.74493212836325
185 180 4.74493212836325
186 180 4.74493212836325
187 181 4.74493212836325
188 181 4.74493212836325
189 181 4.74493212836325
181 182 4.74493212836325
187 182 4.74493212836325
189 182 4.74493212836325
182 183 4.74493212836325
184 183 4.74493212836325
185 183 4.74493212836325
181 184 4.74493212836325
182 184 4.74493212836325
189 184 4.74493212836325
181 185 4.74493212836325
182 185 4.74493212836325
184 185 4.74493212836325
183 186 4.74493212836325
184 186 4.74493212836325
185 186 4.74493212836325
188 187 4.74493212836325
215 187 4.74493212836325
215 188 4.74493212836325
261 188 4.74493212836325
187 189 4.74493212836325
188 189 4.74493212836325
215 189 4.051784947803305
190 190 2.5477075510270306
191 190 3.64631983969514
198 190 3.64631983969514
202 190 2.9531726591351948
206 190 3.64631983969514
217 190 4.339467020255086
218 190 3.64631983969514
220 190 3.64631983969514
190 191 3.64631983969514
217 191 4.74493212836325
218 191 4.74493212836325
192 192 3.64631983969514
194 192 3.64631983969514
202 192 3.64631983969514
203 192 3.64631983969514
223 192 3.64631983969514
192 193 4.339467020255086
194 193 4.74493212836325
192 194 4.339467020255086
203 194 4.051784947803305
190 195 3.64631983969514
191 195 4.051784947803305
192 195 2.9531726591351948
193 195 4.051784947803305
194 195 4.051784947803305
192 196 3.64631983969514
193 196 4.74493212836325
195 196 4.051784947803305
199 197 4.74493212836325
203 197 4.051784947803305
205 197 4.74493212836325
200 198 4.74493212836325
201 198 4.74493212836325
202 198 4.051784947803305
195 199 4.051784947803305
196 199 4.74493212836325
203 199 4.051784947803305
197 200 4.74493212836325
199 200 4.74493212836325
205 200 4.74493212836325
197 201 4.74493212836325
200 201 4.74493212836325
205 201 4.74493212836325
197 202 4.051784947803305
200 202 4.051784947803305
201 202 4.051784947803305
219 202 4.051784947803305
222 202 4.051784947803305
223 202 4.051784947803305
193 203 4.051784947803305
195 203 3.3586377672433594
196 203 4.051784947803305
202 203 3.3586377672433594
219 203 4.051784947803305
223 203 4.051784947803305
80 204 4.74493212836325
294 204 4.74493212836325
296 204 4.74493212836325
196 205 4.74493212836325
199 205 4.74493212836325
203 205 4.051784947803305
198 206 4.74493212836325
201 206 4.74493212836325
202 206 4.051784947803305
208 207 4.74493212836325
212 207 4.74493212836325
211 208 4.74493212836325
212 208 4.74493212836325
155 209 4.74493212836325
157 209 4.74493212836325
178 209 4.74493212836325
155 210 4.74493212836325
178 210 4.74493212836325
209 210 4.74493212836325
209 211 4.74493212836325
210 211 4.74493212836325
213 211 4.74493212836325
210 212 4.051784947803305
211 212 4.74493212836325
212 212 3.3586377672433594
213 212 4.74493212836325
178 213 4.74493212836325
209 213 4.74493212836325
210 213 4.74493212836325
167 214 4.74493212836325
259 214 4.74493212836325
260 214 4.74493212836325
214 215 4.74493212836325
215 215 3.3586377672433594
260 215 4.051784947803305
261 215 4.74493212836325
168 216 4.74493212836325
169 216 4.74493212836325
170 216 4.74493212836325
218 217 4.74493212836325
220 217 4.74493212836325
263 217 4.74493212836325
220 218 4.74493212836325
262 218 4.74493212836325
263 218 4.74493212836325
195 219 4.051784947803305
221 219 4.74493212836325
222 219 4.74493212836325
225 220 4.74493212836325
262 220 4.74493212836325
263 220 4.74493212836325
190 221 3.64631983969514
191 221 4.74493212836325
195 221 4.051784947803305
190 222 3.64631983969514
195 222 4.051784947803305
221 222 4.74493212836325
219 223 4.74493212836325
221 223 4.74493212836325
222 223 4.74493212836325
264 224 4.74493212836325
265 224 4.74493212836325
266 224 4.74493212836325
224 225 4.74493212836325
264 225 4.74493212836325
266 225 4.74493212836325
207 226 4.74493212836325
208 226 4.74493212836325
212 226 4.051784947803305
207 227 4.74493212836325
208 227 4.74493212836325
226 227 4.74493212836325
207 228 4.74493212836325
226 228 4.74493212836325
227 228 4.74493212836325
172 229 4.74493212836325
278 229 4.74493212836325
279 229 4.74493212836325
226 230 4.74493212836325
227 230 4.74493212836325
228 230 4.74493212836325
227 231 4.74493212836325
228 231 4.74493212836325
230 231 4.74493212836325
228 232 4.74493212836325
230 232 4.74493212836325
231 232 4.74493212836325
234 233 4.74493212836325
235 233 4.74493212836325
231 234 4.74493212836325
232 234 4.74493212836325
236 234 4.74493212836325
232 235 4.051784947803305
234 235 4.74493212836325
235 235 3.3586377672433594
236 235 4.74493212836325
230 236 4.74493212836325
231 236 4.74493212836325
232 236 4.74493212836325
239 237 4.74493212836325
240 237 4.74493212836325
281 237 4.74493212836325
242 238 4.74493212836325
244 238 4.74493212836325
240 239 4.74493212836325
241 239 4.74493212836325
241 240 4.74493212836325
258 240 4.74493212836325
241 241 3.3586377672433594
248 241 4.74493212836325
251 241 4.051784947803305
258 241 4.74493212836325
242 242 3.3586377672433594
244 242 4.74493212836325
280 242 4.051784947803305
282 242 3.3586377672433594
245 243 4.74493212836325
246 243 4.051784947803305
247 243 4.74493212836325
280 244 4.051784947803305
282 244 4.74493212836325
246 245 4.74493212836325
247 245 4.74493212836325
238 246 4.74493212836325
242 246 4.457250055911469
246 246 3.3586377672433594
238 247 4.74493212836325
246 247 4.74493212836325
249 248 4.74493212836325
251 248 4.74493212836325
243 249 4.74493212836325
245 249 4.74493212836325
247 249 4.051784947803305
249 249 3.3586377672433594
254 250 4.74493212836325
257 250 4.74493212836325
243 251 4.74493212836325
249 251 4.74493212836325
283 252 4.74493212836325
286 252 3.64631983969514
287 252 4.74493212836325
253 253 3.64631983969514
256 253 4.74493212836325
276 253 4.339467020255086
277 253 3.64631983969514
253 254 4.051784947803305
254 254 3.3586377672433594
257 254 4.74493212836325
115 255 4.74493212836325
124 255 4.051784947803305
274 255 4.74493212836325
255 256 4.74493212836325
276 256 4.74493212836325
277 256 4.74493212836325
253 257 4.74493212836325
248 258 4.74493212836325
249 258 4.051784947803305
251 258 4.74493212836325
167 259 4.74493212836325
169 259 4.74493212836325
216 259 4.74493212836325
167 260 4.74493212836325
216 260 4.74493212836325
259 260 4.74493212836325
214 261 4.74493212836325
259 261 4.74493212836325
260 261 4.74493212836325
224 262 4.74493212836325
225 262 4.74493212836325
264 262 4.74493212836325
224 263 4.74493212836325
225 263 4.74493212836325
262 263 4.74493212836325
265 264 4.74493212836325
266 264 4.74493212836325
275 264 4.74493212836325
229 265 4.74493212836325
275 265 4.74493212836325
279 265 4.74493212836325
229 266 4.74493212836325
265 266 4.74493212836325
275 266 4.74493212836325
250 267 4.74493212836325
254 267 4.051784947803305
268 267 4.74493212836325
250 268 4.74493212836325
254 268 4.74493212836325
252 269 4.74493212836325
283 269 4.74493212836325
288 269 4.74493212836325
252 270 4.74493212836325
269 270 4.74493212836325
288 270 4.74493212836325
29 271 4.051784947803305
30 271 4.74493212836325
31 271 4.74493212836325
271 271 3.3586377672433594
30 272 4.74493212836325
271 272 4.74493212836325
271 273 4.74493212836325
272 273 4.74493212836325
115 274 4.74493212836325
124 274 4.74493212836325
229 275 4.74493212836325
278 275 4.74493212836325
279 275 4.74493212836325
255 276 4.74493212836325
274 276 4.74493212836325
277 276 4.74493212836325
115 277 4.74493212836325
255 277 4.74493212836325
274 277 4.74493212836325
171 278 4.74493212836325
172 278 4.74493212836325
173 278 4.74493212836325
172 279 4.74493212836325
173 279 4.74493212836325
278 279 4.74493212836325
175 280 4.051784947803305
177 280 4.051784947803305
280 280 3.3586377672433594
282 280 4.051784947803305
239 281 4.74493212836325
240 281 4.74493212836325
241 281 4.051784947803305
175 282 3.3586377672433594
177 282 4.74493212836325
280 282 4.051784947803305
282 282 3.3586377672433594
286 283 4.339467020255086
287 283 4.74493212836325
114 284 4.74493212836325
116 284 5.150397236471415
285 284 3.8976342679760463
80 285 3.64631983969514
114 285 3.64631983969514
116 285 4.051784947803305
179 285 4.339467020255086
204 285 4.339467020255086
285 285 3.492169159867882
122 286 3.64631983969514
123 286 4.339467020255086
148 286 4.74493212836325
286 286 3.64631983969514
286 287 4.74493212836325
252 288 4.74493212836325
283 288 4.74493212836325
287 288 4.74493212836325
23 289 4.74493212836325
270 289 4.74493212836325
291 289 4.74493212836325
250 290 4.74493212836325
267 290 4.74493212836325
268 290 4.74493212836325
23 291 4.74493212836325
269 291 4.74493212836325
270 291 4.74493212836325
53 292 4.051784947803305
293 292 4.051784947803305
295 292 4.74493212836325
52 293 4.051784947803305
53 293 4.051784947803305
292 293 4.051784947803305
293 293 3.3586377672433594
295 293 4.051784947803305
87 294 4.74493212836325
119 294 4.74493212836325
296 294 4.74493212836325
52 295 4.74493212836325
53 295 4.051784947803305
293 295 4.051784947803305
87 296 4.74493212836325
88 296 4.74493212836325
119 296 4.74493212836325
