0 0 1.5956445903017646
1 0 -1.626861002617015
2 0 0.22769936785007047
3 0 -1.7494633247093474
5 0 1.5086332133121347
8 0 1.2366994978284929
9 0 -1.9571026894875918
11 0 0.3454824035064538
12 0 -2.142025027981604
15 0 -1.9777219766903276
17 0 1.9140983214202991
18 0 -0.28312625591592033
19 0 0.5923424814379796
20 0 -1.8586626166743392
23 0 -1.8586626166743392
0 1 1.288530192353999
2 1 1.1741198411762548
8 1 1.793159049582478
9 1 0.19329058816452852
11 1 0.7041162119305192
12 1 -2.0710732920093196
19 1 1.7619065060783738
20 1 0.004048588526000111
23 1 -1.0945637001421096
0 2 -0.30010459245033827
1 2 1.159521041755102
2 2 0.9991783916799226
3 2 -0.0616935690053399
8 2 0.8450277118526642
9 2 2.3697243958316743
11 2 1.8101086078962514
12 2 0.23889190828234888
0 3 0.75928698306449
1 3 1.9957690659557208
2 3 1.0369187196627696
3 3 -1.1225655296906027
8 3 1.1704501122872923
9 3 1.442383827770934
11 3 0.9033873270382471
12 3 -1.1096621248546947
19 3 1.2192402764567245
23 3 -1.2317648216555945
1 4 0.8718389693033212
2 4 2.5032557884561966
8 4 0.9628107475090479
9 4 2.6210388241125804
11 4 1.5224265354444706
12 4 -0.3364722366212129
20 4 0.6400373552459968
13 5 1.9596403418672153
14 5 4.700480365792417
18 5 4.295015257684252
10 6 4.700480365792417
11 6 1.5224265354444706
12 6 0.3566749439387324
18 6 3.6018680771243066
22 6 4.700480365792417
24 6 -0.5827233629455725
13 7 1.9596403418672153
14 7 4.700480365792417
18 7 4.295015257684252
0 8 -1.5528675609457063
1 8 0.5999052538196795
2 8 1.9436400005207741
3 8 0.18962085927556613
9 8 0.6751286750572669
11 8 1.8101086078962514
12 8 -0.048790164169432056
13 8 -1.0848820958562078
15 8 0.9421914603063121
16 8 -1.0181907213575354
19 8 2.125961557314729
20 8 0.9277194276977776
23 8 0.5912471910765648
24 8 -2.240951439549105
1 9 0.5841568968515402
2 9 1.8101086078962514
3 9 0.4615545747592079
8 9 -0.4234836136108427
9 9 0.9470623905409088
11 9 2.082042323379893
12 9 0.8421827597204332
15 9 -0.17216918532993677
19 9 1.0116009116784797
20 9 0.3523552827942159
23 9 -0.7462570058738939
24 9 -2.6621649046254086
11 10 2.2155737160044158
12 10 1.742969305058623
0 11 -1.6863989535702288
1 11 0.6895174125093665
3 11 0.7492366472109889
8 11 -0.13580154115906176
9 11 -0.5570150062353654
12 11 1.2390641241372058
13 11 0.16788087263916016
15 11 1.214125175789954
20 11 1.2461731588163123
23 11 0.23457224713783234
24 11 -2.3744828321736273
0 12 -1.1474024528375417
1 12 0.9100601821235191
2 12 -1.1474024528375417
3 12 1.3752445249333056
4 12 -0.24946085963158313
8 12 -1.3015531326648
9 12 0.4744579795951159
11 12 -0.7419373447293773
12 12 1.1603639988985015
13 12 -1.691017899426523
15 12 0.5591992080502063
16 12 -1.2188614168196867
20 12 0.9406228325336855
21 12 -0.4165149442947494
23 12 0.08042156731057422
24 12 -2.441622135011256
0 13 -2.6354795082673745
1 13 0.7700562749933791
2 13 -0.2375842354690041
3 13 1.26649316130727
6 13 1.26649316130727
8 13 -1.0848820958562078
9 13 -0.11980119981262065
12 13 1.1123424814800118
13 13 -1.4743468626179308
15 13 0.2650446210928082
16 13 -0.3090431994511489
18 13 0.8610280531991055
19 13 0.35020242943311497
20 13 1.157293869342278
21 13 0.08783816496562395
23 13 0.7895690892169606
24 13 -3.3235633868707732
12 14 1.0498221244986776
13 14 1.9596403418672153
15 14 1.9072723563498992
20 14 1.333184535805942
2 15 0.36318962495992607
3 15 -0.004535155165391374
4 15 1.95427839872583
6 15 1.8672670217362
9 15 0.8864377687244739
11 15 -0.6176396280518002
12 15 0.5191938734365074
13 15 1.3236515751472189
15 15 -0.23279380714637157
16 15 -0.11373444713038328
20 15 0.29173066097778116
21 15 1.941374993889922
23 15 0.9848778415377265
24 15 -1.6241772377737336
1 16 -0.010550210895152486
3 16 0.7141453273997187
4 16 1.4201959127955721
6 16 1.333184535805942
8 16 -1.0181907213575354
9 16 -0.053109825313948526
10 16 2.0263317163658874
11 16 -1.1517221139820584
12 16 0.45511501675198496
13 16 1.6368669496041646
15 16 0.3317359955914802
16 16 -1.3409641136205865
20 16 0.8562604637156327
21 16 1.407292507959664
23 16 0.7384774280592494
24 16 -1.8705776512522105
5 17 5.393627546352362
14 17 4.700480365792417
18 17 4.295015257684252
12 18 -0.048790164169432056
13 18 1.5541752337590509
14 18 4.295015257684252
20 18 0.9277194276977776
22 18 4.295015257684252
24 18 -0.2950412904937914
13 19 1.0433496099930604
15 19 0.9909816244757442
16 19 1.1100409844917325
20 19 0.4168938039317872
23 19 1.803188165051678
24 19 0.11042381761437285
3 20 -1.2656663733312759
4 20 1.791759469228055
6 20 1.2992829841302609
9 20 -0.08701137698962969
12 20 -0.7419373447293772
13 20 0.8610280531991057
15 20 1.9072723563498992
16 20 0.4168938039317872
18 20 0.8938178760220964
20 20 -1.3748656652962679
21 20 1.3733909562839828
22 20 1.9924301646902063
23 20 1.5695733138701726
24 20 -0.40040180615161763
6 21 2.1355310083308794
10 21 2.828678188890825
11 21 -0.3493756414571209
12 21 -1.5151272329628591
13 21 0.4933032730737882
15 21 0.7286173600082531
16 21 1.0708202713384511
21 21 0.9568760119892332
23 21 1.8592776317027213
24 21 0.030381109940836502
24 22 1.2090361062824826
1 23 -1.109162499563262
3 23 -0.5386176410956492
4 23 0.7270487322356267
7 23 2.0263317163658874
12 23 -1.624326524927851
13 23 0.6717860535605773
15 23 -0.7668762930766295
16 23 1.4316246086191948
20 23 -0.6478169330606411
21 23 0.8476767200242414
23 23 -0.6478169330606411
24 23 0.5932755893379575
3 24 -3.147672720407109
4 24 -0.49571198595594246
6 24 -0.5827233629455725
7 24 0.8035709981743182
9 24 -2.6621649046254086
12 24 -1.9307965112452652
13 24 -0.06546684884929115
14 24 -0.5827233629455725
16 24 0.6143289985357899
18 24 -0.2950412904937914
20 24 -2.158259723703991
21 24 -0.5086153907918505
23 24 -2.158259723703991
24 24 1.0093049955930162
