0 0 0.06396311340446596
4 0 0.0771428758488758
5 0 -0.32832223225928864
6 0 -2.9310119177036724
0 1 0.0771428758488758
0 2 -0.32832223225928864
1 2 4.007333185232471
0 3 -0.32832223225928864
1 3 4.007333185232471
5 4 4.007333185232471
6 4 2.790937860907978
6 5 3.196402969016142
0 6 -3.218693990155453
1 6 2.5032557884561966
2 6 3.196402969016142
6 6 2.8450050821782535
8 6 3.196402969016142
9 6 2.790937860907978
10 6 0.9991783916799226
0 7 -1.0214694128192339
1 7 4.007333185232471
3 7 5.393627546352362
9 8 5.393627546352362
10 8 4.988162438244197
10 9 5.393627546352362
1 10 2.908720896564361
3 10 4.988162438244197
7 10 5.393627546352362
10 10 4.295015257684252
