0 0 0.4122724047994934
5 0 -0.08400481787213063
7 0 -0.47639784441294253
8 0 -2.527668509126082
0 1 0.06259865631974455
5 1 1.7135855716667172
7 1 1.6265741946770875
8 1 -1.3691580788769033
0 2 -1.323695704800146
5 2 2.524515787883046
7 2 2.4375044108934163
8 2 0.13491931789937084
0 3 -0.36818425977270963
1 3 2.6198259676873707
5 3 1.608225056008891
6 3 2.6198259676873707
7 3 0.8280664984593159
8 3 -1.4745185945347294
0 4 -1.323695704800146
2 4 4.229263880121471
5 4 2.524515787883046
7 4 1.7443572303334711
7 5 2.4375044108934163
8 5 1.5212136790192614
7 6 2.4375044108934163
8 6 1.5212136790192614
8 7 1.9266787871274258
0 8 -2.6454515447824654
1 8 1.5212136790192614
3 8 1.9266787871274258
5 8 -1.5698287743390544
6 8 1.5212136790192614
7 8 -1.6568401513286843
8 8 1.164538735080529
11 8 -0.7813714139747843
12 8 1.7725281073001673
14 8 1.367062999192003
15 8 -0.6070180268300067
8 9 1.7035352358132159
12 9 1.367062999192003
14 9 1.367062999192003
15 9 0.2684507105238932
8 10 1.5212136790192614
9 10 3.312973148247316
8 11 1.0103880552532707
9 11 3.312973148247316
10 11 3.312973148247316
12 11 1.367062999192003
13 11 3.312973148247316
14 11 1.367062999192003
9 12 1.367062999192003
11 12 1.367062999192003
14 12 2.976500911626103
15 12 2.4168851236906805
8 13 0.8280664984593161
9 13 3.312973148247316
10 13 4.922411060681417
8 14 -1.1178436505959972
9 14 1.367062999192003
11 14 1.367062999192003
15 14 2.8223502317988447
0 15 -3.6750709619636237
2 15 2.571035803517939
4 15 2.976500911626103
5 15 -0.5200066498403769
8 15 -1.5233087587041616
9 15 2.060210179751948
10 15 1.8778886229579936
11 15 2.7533573603118935
12 15 -0.06802152609731976
13 15 2.571035803517939
15 15 2.1292030512388993
