0 0 0.16258356268139723
3 0 0.19105523676270922
4 0 -0.2144098713454552
5 0 -2.9869985935852363
0 1 0.19105523676270922
0 2 -0.2144098713454552
1 2 3.3586377672433594
4 3 3.3586377672433594
5 3 1.9723434061234688
5 4 2.377808514231633
5 5 2.0901264417798524
6 5 2.377808514231633
7 5 1.9723434061234688
8 5 1.2791962255635234
2 6 3.3586377672433594
7 6 3.3586377672433594
8 6 3.3586377672433594
1 7 3.3586377672433594
2 7 3.3586377672433594
8 7 3.3586377672433594
0 8 -0.9075570519054005
1 8 3.3586377672433594
2 8 3.3586377672433594
