0 0 0.1786917887433757
5 0 0.06899287148695121
6 0 -0.33647223662121306
7 0 -2.341805806147327
0 1 0.22314355131420957
0 2 -0.1823215567939547
5 2 1.7004096906398272
6 2 1.7004096906398272
7 2 0.38822330167365826
0 3 -0.1823215567939547
1 3 3.3586377672433594
0 4 -0.587786664902119
2 4 3.64631983969514
5 4 1.7004096906398272
6 4 1.7004096906398272
6 5 2.7990219793079367
7 5 2.179982770901713
7 6 2.5854478790098776
0 7 -2.7472709142554916
1 7 2.179982770901713
3 7 2.5854478790098776
7 7 1.8122579907763958
8 7 2.5854478790098776
9 7 2.179982770901713
10 7 0.38822330167365826
9 8 3.64631983969514
10 8 3.240854731586976
10 9 3.64631983969514
0 10 -2.379546134130174
2 10 3.240854731586976
4 10 3.64631983969514
5 10 0.6017974019717174
10 10 2.5477075510270306
