0 0 1.5611302864247039
1 0 -1.9538535512093496
2 0 -0.39570893316279976
3 0 -0.39570893316279976
4 0 -1.9538535512093496
6 0 1.683732608517036
9 0 1.085895607761416
12 0 0.6339104840183587
13 0 -1.8997863299390738
14 0 -1.8997863299390738
15 0 0.9905854279570908
16 0 -1.3119996650369548
18 0 1.683732608517036
19 0 0.5851203198489265
20 0 -1.9538535512093496
0 1 1.3076395787212023
3 1 0.540384426007535
4 1 -0.3246130114790694
9 1 1.415853163361435
12 1 1.0103880552532707
13 1 -1.3691580788769033
15 1 1.2335316065674804
18 1 0.8280664984593159
19 1 0.8280664984593159
21 1 0.540384426007535
22 1 -0.712378542487833
0 2 0.6834852696482083
1 2 0.5916777203950855
3 2 2.1498223384416355
9 2 1.6389967146756448
12 2 1.2335316065674804
13 2 -1.1460145275626936
20 2 0.5916777203950855
0 3 0.9711673420999893
1 3 1.6902900090631952
9 3 1.2335316065674804
10 3 1.9266787871274256
12 3 0.540384426007535
20 3 0.5916777203950855
0 4 0.7347785640357587
1 4 1.806121824588317
3 4 0.5916777203950855
9 4 1.0616813496408213
10 4 1.7548285302007665
12 4 1.0616813496408213
13 4 -2.011011965049298
15 4 1.2848249009550308
18 4 0.8793597928468666
19 4 0.8793597928468666
10 5 3.312973148247316
12 5 1.9266787871274256
13 5 0.2402798335571969
2 6 3.536116699561526
9 6 1.9266787871274256
12 6 1.9266787871274256
2 7 2.8429695190015805
3 7 2.8429695190015805
9 7 1.2335316065674804
11 7 3.536116699561526
19 7 3.1306515914533617
22 7 1.5902065505062126
0 8 0.5657022339918248
1 8 0.8793597928468666
2 8 3.1306515914533617
3 8 2.4375044108934163
9 8 0.8280664984593159
11 8 3.1306515914533617
12 8 0.8280664984593159
0 9 -1.3314177508940563
1 9 0.5916777203950855
3 9 1.2335316065674804
4 9 0.08085209662909477
12 9 1.7035352358132159
13 9 0.1889865391696464
16 9 -0.37590630586662
19 9 1.5212136790192612
20 9 0.5916777203950855
21 9 0.540384426007535
22 9 0.3862337461802767
23 9 -2.292828918048681
3 10 1.9266787871274256
4 10 1.0616813496408213
10 10 1.7035352358132159
12 10 1.9266787871274256
13 10 0.017136282242987237
16 10 1.0103880552532707
20 10 0.3685341690808759
0 11 0.278020161540044
1 11 1.2848249009550308
3 11 2.8429695190015805
19 11 3.1306515914533617
22 11 1.5902065505062126
23 11 0.009756174945364656
0 12 -2.0245649314540017
1 12 0.08085209662909477
4 12 0.5916777203950855
9 12 -0.37590630586662
10 12 1.0103880552532707
13 12 0.6785347644883523
14 12 -0.963692970768739
16 12 0.3172408746933253
17 12 -0.4712164856709448
20 12 0.9281499570162983
22 12 0.6739158186320575
23 12 -2.292828918048681
0 13 -1.9192044157961752
1 13 0.2915731279447473
2 13 -1.1460145275626936
3 13 -1.1460145275626936
4 13 0.761576757190483
7 13 0.6457449416653613
9 13 -1.1460145275626936
10 13 0.017136282242987237
11 13 -0.4528673470027484
12 13 -2.0623052594368487
13 13 0.7998956214926194
14 13 -1.9569447437790224
16 13 -0.11639511038153545
17 13 -2.1576154392411735
18 13 -0.8583324551109128
20 13 0.6631366843772305
21 13 -0.4528673470027484
22 13 0.08612915372993854
23 13 -2.187468402390855
0 14 -1.9192044157961754
1 14 0.6970382360529118
4 14 0.8793597928468666
7 14 1.3388921222253065
13 14 0.7511054573231876
14 14 -0.1651852745509675
16 14 0.42260139035115163
20 14 0.6970382360529118
22 14 -0.6070180268300067
23 14 -2.187468402390855
13 15 0.2402798335571969
14 15 1.3388921222253065
17 15 1.8313686073231008
21 15 2.8429695190015805
22 15 1.5902065505062126
1 16 -0.3246130114790694
4 16 -0.3246130114790694
8 16 1.5212136790192612
13 16 -0.2705457902087937
14 16 1.9266787871274256
16 16 1.7035352358132159
20 16 0.77399927718904
21 16 2.33214389523559
22 16 0.6739158186320575
4 17 0.9663711698364962
5 17 2.524515787883046
10 17 0.9150778754489458
12 17 -0.4712164856709448
13 17 0.5504347618610366
14 17 1.9367291229809271
20 17 -0.41992319128339445
2 18 2.4375044108934163
6 18 3.823798772013307
9 18 0.8280664984593159
13 18 -0.8583324551109128
14 18 0.9334270141171422
15 18 3.823798772013307
21 18 2.4375044108934163
22 18 1.1847414423980485
8 19 2.725186483345197
16 19 2.2143608595792066
21 19 2.4375044108934163
22 19 1.8778886229579936
23 19 0.7029033555053099
2 20 0.5916777203950855
7 20 1.9779720815149762
9 20 -1.0177601920390147
11 20 1.2848249009550308
13 20 -2.011011965049298
14 20 1.0335104726741249
16 20 1.7548285302007665
17 20 0.2732239892765509
19 20 0.8793597928468666
20 20 0.13214539101664527
21 20 1.2848249009550308
22 20 1.7368100246980878
23 20 0.5310530985786508
4 21 0.5916777203950855
8 21 2.4375044108934163
11 21 2.8429695190015805
13 21 -1.1460145275626936
14 21 1.7443572303334711
16 21 1.9266787871274256
17 21 1.1382214267631554
22 21 1.5902065505062126
2 22 0.8970593699462673
3 22 0.8970593699462673
8 22 1.8778886229579936
11 22 1.5902065505062126
13 22 -1.3001652073899521
14 22 0.49159426183810306
17 22 1.4948963707018879
23 22 1.3219425639115334
0 23 -3.2483403630761174
2 23 0.415221283053529
5 23 1.3960505360652553
8 23 0.9905854279570908
9 23 -2.292828918048681
10 23 -0.9065345569287905
13 23 -2.0333177225635963
14 23 0.45158892722440386
17 23 1.3960505360652555
23 23 1.4873419562746624
