0 0 0.06557936599457849
4 0 0.07878087785311438
5 0 -0.32668423025505006
6 0 -2.7245795030534206
0 1 0.07878087785311438
0 2 -0.32668423025505006
1 2 4.007333185232471
0 3 -0.32668423025505006
1 3 4.007333185232471
5 4 4.007333185232471
6 4 2.995732273553991
6 5 3.4011973816621555
0 6 -3.417726683613366
1 6 2.302585092994046
2 6 3.4011973816621555
6 6 2.9492122579190982
8 6 3.4011973816621555
9 6 2.995732273553991
10 6 1.203972804325936
0 7 -1.0198314108149953
1 7 4.007333185232471
3 7 4.700480365792417
9 8 4.700480365792417
10 8 4.295015257684252
10 9 4.700480365792417
1 10 2.908720896564361
3 10 4.295015257684252
7 10 4.700480365792417
10 10 3.6018680771243066
