0 0 0.16504452509266812
4 0 -3.395177905237606
6 0 0.13955086904907182
9 0 -0.28611694637661206
10 0 -2.822658712466276
0 1 0.13118261937855522
6 1 1.7380963403167484
0 2 0.18834103321850387
0 3 -0.21712407488966057
1 3 3.6840064893720617
0 4 -0.3041354518792904
1 4 3.6840064893720617
3 4 3.6840064893720617
7 4 3.6840064893720617
0 5 -0.6225891829978251
2 5 5.070300850491952
8 5 5.070300850491952
9 5 2.3622506493897424
10 5 0.5929640360137459
1 6 1.044949159756803
4 6 1.044949159756803
9 6 3.460862938057852
10 6 2.310615533088079
0 7 -0.9102712554496059
1 7 3.6840064893720617
3 7 6.168913139160062
4 8 3.6840064893720617
9 8 3.460862938057852
10 8 1.6915763246818556
0 9 -3.618321456551816
1 9 0.9759562882698517
4 9 1.669103468829797
7 9 3.460862938057852
10 9 2.672405577693582
0 10 -3.3081665282479764
1 10 1.9792583971336366
3 10 1.6915763246818556
4 10 2.2977121282521713
7 10 1.6915763246818556
10 10 2.0264238655760667
11 10 -0.1802258522197358
12 10 2.384723505241801
14 10 2.7476289989311695
15 10 2.3483558610709263
16 10 0.6170615875928066
0 11 -2.7820734323511975
1 11 1.8122043124704703
4 11 2.7284950443446254
10 11 2.4588314773955227
14 11 0.831375059458744
15 11 0.9649064520832666
10 12 2.384723505241801
11 12 3.6039637816985253
1 13 1.9792583971336366
4 13 1.9792583971336366
10 13 2.126894395939701
11 13 3.6039637816985253
14 13 0.9984291441219103
5 14 2.2977121282521713
10 14 -0.38786521699798027
11 14 1.5245222400186893
12 14 3.396324416920281
15 14 3.396324416920281
16 14 2.9785892162203025
2 15 2.836708628984858
5 15 2.4312435208766936
16 15 3.505163196954432
0 16 -3.9306961415939683
2 16 2.8608061805639187
4 16 0.6635816032276994
5 16 3.302638932842958
8 16 3.1484882530156995
9 16 -0.25270912864645545
10 16 0.17522883531376718
11 16 2.981434168352534
13 16 3.553953361123864
16 16 2.479438624034815
