0 0 1.600348497313291
1 0 -2.447220000111079
2 0 -0.6554605308830238
3 0 0.22000820647087613
4 0 -2.4637493020622894
6 0 0.9539773815510765
7 0 -1.2432471957851428
9 0 1.2326907840200971
10 0 -0.6215589792073425
12 0 0.3729474991118372
13 0 -2.330398040934246
14 0 -2.7955266943792947
15 0 0.2608302009911312
16 0 -1.8922231580319506
17 0 -3.0163145320010454
18 0 1.4394851973327774
21 0 0.9539773815510765
22 0 -1.8594333352089598
23 0 -2.0905450561723464
24 0 0.6662953090992957
25 0 -1.7027795251635829
26 0 -4.187686174951583
0 1 1.279638702068074
1 1 -0.22801651605608408
3 1 1.2535880248681313
4 1 -2.0363052872353498
9 1 1.632735824658922
10 1 -1.2927272530485125
12 1 0.8302444770884582
13 1 -1.5775316256726786
14 1 -1.6749354989924097
15 1 0.8705957726120255
18 1 1.6045649476922257
21 1 0.6082315081445345
22 1 -2.3482800522561753
24 1 0.6882742158180709
0 2 1.1254880222408155
1 2 0.4651306645038612
3 2 1.3405994018577612
9 2 1.920417897110703
12 2 1.1750849633801876
13 2 -1.2898495532208976
0 3 -0.19626781774150387
1 3 1.3405994018577612
3 3 0.8297737780917704
4 3 -0.4676893693215045
9 3 0.8705957726120255
10 3 2.221798813920646
12 3 1.5115572000014006
13 3 -1.2898495532208976
15 3 1.3405994018577612
18 3 1.5637429531719707
21 3 0.3850879568303247
22 3 -0.08651695378238454
25 3 -1.0930139535426886
0 4 0.7241128993841761
1 4 1.7478843466829115
3 4 1.0363880274547694
4 4 -2.0528345891865603
6 4 1.3648920944268057
9 4 1.1237300376099173
10 4 1.463332167240058
11 4 -0.4268673748012495
12 4 0.7530905533208128
13 4 -1.9995260357320532
14 4 -1.6914648009436202
15 4 0.4486013625526505
17 4 -1.9122526385653709
18 4 0.6717449138668603
19 4 1.8757177181927964
21 4 -0.5069100824747858
22 4 -2.364809354207386
24 4 1.3648920944268057
25 4 -1.9850119928477992
26 4 -3.083624281515909
0 5 0.8253834297904772
1 5 1.4867819120358425
3 5 0.752812736955642
9 5 0.6394840516486388
10 5 1.9906870929572593
12 5 0.5872982984780686
13 5 -1.1844890375630712
14 5 -0.4709626946664738
15 5 1.669103468829797
19 5 2.179929092595788
0 6 0.9431664654468608
2 6 3.866328046166016
11 6 2.9908593088121163
12 6 1.3982285146943974
13 6 -0.3735588213467425
0 7 -0.5609109313294134
1 7 -0.12265600039825796
2 7 3.055397829949688
3 7 1.4459599175155873
4 7 0.5539618782104768
9 7 -0.053663128911306535
10 7 0.6043927318373686
11 7 3.2785413812638975
12 7 1.280445479038014
13 7 -1.8776362181230166
14 7 -0.4709626946664738
15 7 1.669103468829797
16 7 0.026875733572705795
20 7 3.2785413812638975
21 7 1.406739204362306
0 8 -1.1362750762329752
1 8 -0.004872964741874437
2 8 3.173180865606071
3 8 1.5637429531719707
9 8 0.7572670873050223
11 8 3.2140028601263264
12 8 0.7050813341344521
13 8 -1.0667060019066879
14 8 -0.3531796590100903
15 8 1.7868865044861804
16 8 0.8378059497890347
20 8 3.396324416920281
21 8 2.2176694205786345
0 9 -1.6958908641683978
1 9 0.44711215900118273
3 9 1.6972743457964934
4 9 -0.35787450331429815
7 9 -0.053663128911306535
9 9 -0.4954958811903458
10 9 0.8557071601182747
11 9 -0.3413452013630875
12 9 1.7036101642455792
13 9 -0.06817717179556046
14 9 -1.6059426275054582
16 9 -0.009491910598169024
17 9 -1.8267304651272087
18 9 0.06411990674507703
21 9 1.7758366682995956
22 9 0.20561946901877642
23 9 -0.9009609892985102
25 9 0.0464203296456761
26 9 -1.8994898194096372
0 10 -2.424129364539613
1 10 -0.19411496438040288
3 10 1.5286516333607008
4 10 0.3001813574343771
10 10 1.2260809484151691
12 10 1.9429556901360694
13 10 -0.0031850330498480626
16 10 -1.1431955190775487
21 10 0.9298151322719966
22 10 0.4582102216592873
25 10 0.550325510567093
26 10 -1.6468990667691266
1 11 0.6882742158180708
3 11 1.5637429531719707
4 11 0.6717449138668603
5 11 1.4867819120358425
9 11 -0.3413452013630875
10 11 1.0098578399455331
12 11 1.5523791945216554
13 11 -0.3735588213467425
14 11 -0.0654975865583093
16 11 0.8378059497890347
18 11 1.6045649476922257
21 11 2.217669420578635
22 11 -0.738842139822075
0 12 -1.748076617338968
1 12 0.07647267471207798
4 12 0.7530905533208128
8 12 0.011934153574506712
9 12 -1.9339759954808067
10 12 0.3335177777019691
12 12 -1.2930145680914313
13 12 0.6114987677745048
14 12 -1.2526632725678641
16 12 0.3437874443394252
17 12 -0.7803039296296693
21 12 -0.47357366220719416
22 12 1.03582289604668
23 12 -0.9531467424690803
25 12 0.5332310772077928
26 12 -1.9516755725802075
0 13 -1.964597035161173
1 13 0.07251369887354567
2 13 -1.2927272530485128
3 13 -1.5158708043627223
4 13 0.6125560424765296
5 13 -0.49421955683074115
6 13 -0.37643652117435755
7 13 0.3167106593855878
8 13 -0.6641185936261386
9 13 -1.6291994896697257
10 13 -0.565678520812886
11 13 -1.0695837017343028
12 13 -2.374532423400241
13 13 0.7971067849614251
14 13 -1.1815016179382882
15 13 -1.985874433608458
16 13 0.24309884204234186
17 13 -2.267286893046643
19 13 0.47086133921284595
20 13 -0.37643652117435755
22 13 0.7690593533926027
23 13 -0.9360523091097803
24 13 -0.37643652117435755
25 13 0.10230078804013254
26 13 -1.7804304593936493
0 14 -1.5535746419881422
1 14 0.33996752154985516
4 14 0.9826838484829086
5 14 0.2221844858934715
7 14 0.2221844858934715
8 14 -0.3531796590100903
9 14 -0.912795446945513
10 14 -0.2547395861968378
11 14 -0.7586447671182546
12 14 -1.6581283806760285
13 14 0.7672862309446402
14 14 -1.617777085152461
15 14 -0.5763232103243001
16 14 0.08403414741265444
17 14 -1.5508828503224308
19 14 0.627649594001636
22 14 0.5615097914970912
23 14 -1.3182605550536772
25 14 -0.11956480782858506
26 14 -3.415401673832914
4 15 -0.24454581800729483
13 15 0.7250534673213674
14 15 1.7262618826697456
16 15 -0.07848478208512041
22 15 -0.5565205830281202
23 15 0.8218056084425932
25 15 -0.17672322166853366
0 16 -1.9094649644664567
1 16 -0.08491567241541093
2 16 0.6082315081445344
3 16 -1.0012064042895659
4 16 -0.283766531160576
5 16 1.9663549922977286
7 16 0.020444843242415276
10 16 -0.051014120739729635
12 16 -1.1667208427671394
13 16 0.17500713040209556
14 16 1.3859360767325426
15 16 -0.08491567241541093
16 16 0.06461606155555294
17 16 -0.6540102043053773
19 16 1.1190571319105251
22 16 0.19271606418286844
23 16 1.5710422556535824
25 16 0.25405969442392057
26 16 -1.8253818472559153
0 17 -2.3339782675453153
1 17 0.4068617563798854
4 17 0.7957975625368391
5 17 0.6945438288316663
7 17 0.6945438288316663
10 17 -0.4755274238185885
11 17 -0.28628542418006003
13 17 0.11049656135464361
14 17 1.540159603035885
16 17 0.045567866584858445
17 17 -1.0785235073842363
22 17 -0.027002826249976918
23 17 1.456683880878563
25 17 0.10148010682870355
26 17 -1.5567479697748288
0 18 -1.1362750762329752
2 18 2.4800336850461258
6 18 3.396324416920281
13 18 -0.3735588213467425
14 18 1.25625825342401
15 18 3.396324416920281
16 18 0.1446587692290894
17 18 0.11917968392810455
23 18 1.044949159756803
24 18 3.396324416920281
26 18 -0.35904477846248833
6 19 3.6840064893720617
11 19 1.8922470201440067
12 19 0.2996162260262875
13 19 -0.3735588213467425
14 19 1.3207967745615814
15 19 3.173180865606071
17 19 1.1000089369398305
24 19 3.6840064893720617
26 19 -0.7645098865706528
13 20 -0.3735588213467425
14 20 1.7262618826697456
15 20 3.866328046166016
22 20 1.0529173294059802
1 21 -0.49038078052357537
5 21 1.406739204362306
7 21 1.406739204362306
11 21 1.1190571319105251
13 21 -1.5522138176883886
14 21 0.7707504376423093
16 21 1.4509104226754435
17 21 0.3268190487063489
21 21 1.0390144242369885
22 21 -0.12573766693566601
23 21 0.5594413439751025
25 21 1.5068226629192885
26 21 0.6595248025320849
1 22 -1.663101041345407
2 22 1.227270716550758
3 22 -0.7876323039915069
4 22 -1.2741652351884531
5 22 1.332631232208584
7 22 1.4867819120358425
8 22 1.2680927110710127
9 22 -2.287255350418401
10 22 -0.5305872010016159
11 22 1.044949159756803
12 22 -1.6462939230290254
13 22 -1.1667894604636704
14 22 0.7611809866261586
15 22 -0.5644887526772974
16 22 1.53095313034898
17 22 0.4758546278668368
19 22 -0.053663128911306535
20 22 1.7380963403167484
22 22 -1.5861400002092785
23 22 0.9961589955873713
25 22 1.4562451881757608
26 22 0.3806224177323498
0 23 -2.1013559722765622
2 23 1.5149527890025385
4 23 -0.9864831627366721
7 23 1.6203133046603648
11 23 0.6394840516486388
12 23 -0.9531467424690803
13 23 -1.1154961660761198
14 23 0.7611809866261586
16 23 1.1254880222408152
17 23 0.9458582571125724
23 23 1.4661626248331066
25 23 1.6462887910636257
26 23 0.5476765023955159
4 24 0.6717449138668603
13 24 -1.0667060019066879
14 24 1.4385798102179648
17 24 2.1986212256079405
26 24 0.7395675102056214
0 25 -3.0998848023876895
2 25 1.2095711394513569
4 25 -1.9850119928477992
5 25 -0.07136270601070749
7 25 -0.07136270601070749
8 25 1.838179798873731
9 25 -1.8994898194096372
11 25 0.33410240209745695
12 25 -1.9516755725802075
13 25 -1.9317034393932924
14 25 0.5164239588914117
15 25 -0.17672322166853366
16 25 -1.1258037763656796
17 25 1.5895571622585365
20 25 1.4327146907655668
21 25 -0.4390874861360248
22 25 -1.1983744692005152
23 25 0.6907773460361893
25 25 -1.2240422159490931
26 25 1.43854561107636
1 26 -2.3739477990047533
3 26 -2.1916262422107984
4 26 -1.0041827398360732
5 26 -0.07136270601070749
8 26 1.0272495826574022
11 26 0.33410240209745695
12 26 -3.050287861248317
13 26 -1.8776362181230166
14 26 0.4966213315952318
16 26 -2.9175632455937346
17 26 1.4514068237777191
21 26 -1.5376997748041346
22 26 -2.702451865976789
23 26 0.28531223792802485
25 26 -1.6295073240572573
26 26 1.6413282397416544
