0 0 0.4950772667978515
1 0 -1.9740810260220096
3 0 -0.1823215567939546
4 0 -2.2617630984737906
6 0 0.39903421777787396
8 0 -0.10227884912041818
9 0 -2.70359585075283
13 0 0.6286086594223741
14 0 0.22314355131420976
16 0 0.22314355131420976
17 0 -1.7227665977411035
18 0 -3.765840495250065
0 1 0.423814246776361
6 1 0.6759053741254392
8 1 1.0436301542507564
9 1 -1.4776441397081186
0 2 0.4054651081081644
6 2 0.5705448584676129
8 2 0.9382696385929302
9 2 -0.8898574748059997
0 3 0.040821994520254985
1 3 2.5477075510270306
6 3 1.0813704822336037
0 4 0.040821994520254985
1 4 2.5477075510270306
6 4 0.38822330167365826
8 4 0.7559480817989755
0 5 -0.1823215567939546
1 5 0.7559480817989755
2 5 2.9531726591351948
3 5 1.8545603704670852
6 5 0.38822330167365826
7 5 2.9531726591351948
8 5 0.7559480817989755
0 6 -2.341805806147327
1 6 1.0813704822336037
3 6 1.7745176627935488
4 6 0.38822330167365826
8 6 2.179982770901713
9 6 0.9272198024063452
14 6 2.179982770901713
17 6 0.9272198024063452
18 6 -0.4227069145426704
0 7 -0.4700036292457356
1 7 2.5477075510270306
3 7 3.64631983969514
0 8 -2.667228206581955
1 8 0.3504829736908112
4 8 0.7559480817989755
9 8 1.7004096906398272
0 9 -3.109060958860994
1 9 0.8249409532859271
4 9 1.5668782980153042
6 9 -1.8453689198334362
9 9 1.2689397253963344
10 9 0.02643325706815543
11 9 1.4127276181880462
15 9 1.8181927262962105
17 9 1.076255381566833
18 9 -0.966818515942128
4 10 1.5668782980153044
9 10 1.7311813493065804
9 11 1.4127276181880462
10 11 3.3586377672433594
9 12 1.4127276181880462
10 12 3.3586377672433594
16 13 4.74493212836325
18 13 2.142242442918866
17 14 2.7990219793079367
18 14 2.142242442918866
9 15 -0.5331825308672673
10 15 2.1058747987479913
11 15 2.7990219793079367
17 15 2.4625497426867238
18 15 1.8057702062976533
18 16 2.5477075510270306
5 17 1.0072625100798818
18 17 2.4989173868575985
0 18 -2.379546134130174
2 18 2.142242442918866
3 18 0.3504829736908112
5 18 2.490549137187082
6 18 -1.1158540951026157
7 18 2.142242442918866
9 18 -1.883109247816283
10 18 1.4490952623589208
12 18 2.5477075510270306
18 18 1.679618920970753
