0 0 0.057598746381290894
3 0 0.06737081111508353
4 0 -0.338094296993081
5 0 -2.7658425329411327
0 1 0.06737081111508353
0 2 -0.33809429699308086
1 2 4.295015257684252
4 3 4.295015257684252
5 3 3.2535613828560908
5 4 3.659026490964255
0 5 -2.7658425329411327
1 5 3.0712398260621363
2 5 3.2535613828560908
5 5 2.94607668310813
8 5 3.659026490964255
9 5 3.2535613828560908
10 5 1.4618019136280358
1 6 3.6018680771243066
2 6 4.295015257684252
5 6 2.96587931040431
2 7 3.6018680771243066
5 7 2.96587931040431
6 7 4.700480365792417
9 8 4.700480365792417
10 8 4.295015257684252
10 9 4.700480365792417
5 10 1.4618019136280358
6 10 4.295015257684252
7 10 4.700480365792417
10 10 3.6018680771243066
