0 0 0.3144933299024377
5 0 0.4054651081081644
7 0 -0.20067069546215124
8 0 -2.184802057337662
9 0 0.4054651081081644
11 0 0.0
13 0 -3.5263605246161616
0 1 0.4054651081081644
0 2 0.4054651081081644
0 3 0.0
1 3 3.1354942159291497
0 4 -0.3364722366212129
2 4 2.7990219793079367
6 4 2.7990219793079367
7 4 1.0942738870695115
8 4 -0.1967102942460544
7 5 2.3470368555648795
8 5 1.6314168191528755
10 5 1.4490952623589208
7 6 2.3470368555648795
8 6 1.7491998548092589
8 7 2.0254532314374174
10 7 1.2484245668967697
12 7 1.2484245668967697
0 8 -2.772588722239781
1 8 1.7491998548092589
3 8 2.1546649629174235
8 8 1.461517782357478
10 8 1.9033505346365172
12 8 1.5668782980153044
13 8 0.014598799421152631
11 9 4.74493212836325
13 9 2.604865964866979
4 10 1.7004096906398272
12 10 2.9531726591351948
13 10 2.4225444080730245
13 11 3.0103310729751436
2 12 1.3437347467010947
4 12 1.7004096906398272
6 12 2.26002547857525
13 12 2.7590166446942375
0 13 -1.916922612182061
2 13 2.499505449209153
4 13 2.7990219793079367
6 13 2.317183892415198
7 13 0.20697069206860877
13 13 1.786555641353028
