0 0 2.1378851375499104
1 0 2.6975009254853335
3 0 3.524179498669801
102 0 2.831032318109856
124 0 3.2364974262180204
125 0 3.2364974262180204
0 1 3.028858061439776
1 1 2.8953266688152532
3 1 3.0028825750365153
102 1 1.7631916881085
121 1 0.17622663152645804
124 1 2.6975009254853335
125 1 2.7664937969722847
120 2 3.675864086001866
0 3 3.2364974262180204
1 3 1.9302457727716662
3 3 3.2364974262180204
102 3 3.3906481060452784
124 3 4.33510971488613
125 3 4.33510971488613
4 4 2.948815353766239
6 4 1.4447379569899652
104 4 2.8434548381084133
105 4 4.134439019423978
5 5 3.3542804618744038
8 5 3.7002314424501606
9 5 2.948815353766239
4 6 4.118886606416494
6 6 3.5515784728579156
104 6 1.4935281211593974
105 6 3.32350880320765
7 7 3.000700189135251
8 7 1.9852717370415387
10 7 3.3795982698586937
11 7 3.2742377542008674
16 7 3.0229233259199613
19 7 1.413485413485861
21 7 1.7188670630370428
5 8 0.8285518175661483
7 8 2.8754171888113715
8 8 3.1068442179911493
9 8 3.755291219633188
11 8 2.214846178686039
7 9 3.4749084496630185
8 9 2.5025282511378197
16 10 4.33510971488613
19 10 3.536602018668358
21 10 3.131136910560194
7 11 2.909594640612958
8 11 0.4230867094579839
10 11 3.8651060856403943
11 11 3.3542804618744038
16 11 3.554951157336555
19 11 2.0325246218920845
21 11 2.2556681732062938
12 12 3.561919826652648
13 12 3.7682562596504767
14 12 3.698052000977228
29 12 1.2593347336586027
13 13 3.5084311417016623
14 13 3.267269084884774
15 13 2.948815353766239
18 13 0.7241918022419054
22 13 3.8651060856403943
25 13 3.6419625343261846
29 13 4.229749199228304
30 13 4.270571193748559
12 14 2.6864510892987483
13 14 3.6727341929929382
14 14 3.171958905080449
15 14 2.948815353766239
18 14 0.841974837898289
22 14 3.3542804618744038
25 14 3.3542804618744038
29 14 3.6907526984956167
30 14 3.759745569982568
18 15 3.4322420033441157
16 16 3.2364974262180204
19 16 3.7671256772801907
21 16 3.0133538749038107
17 17 3.45964097753223
18 17 2.0234747863721663
20 17 3.297122048034455
23 17 2.3202066943438653
24 17 3.2742377542008674
26 17 0.3461256683218556
12 18 1.1549747183343597
14 18 0.25418817299616997
15 18 1.4173389828018508
17 18 3.2499204465501608
18 18 3.0534451423181124
19 18 -1.57839329075214
20 18 1.7357927139203855
21 18 -0.8852461101921947
23 18 0.5010482509276959
24 18 1.6856029693965302
26 18 0.13640513733978654
12 19 2.6030694803596974
14 19 1.8248852571138399
16 19 1.339377441332139
18 19 0.6188312865840793
19 19 3.2994722253794087
21 19 3.3935011750276853
20 20 3.5084311417016623
23 20 3.47944360482841
24 20 1.7701603574245932
26 20 3.970466601298221
12 21 2.901562468915694
14 21 1.5625209926463486
16 21 2.3202066943438653
18 21 0.8195019820462305
19 21 3.270898852935353
21 21 3.131136910560194
15 22 4.33510971488613
18 22 3.2891411597034423
25 22 4.33510971488613
20 23 2.4379897300002487
23 23 3.163926733383185
24 23 3.22877538012411
26 23 2.7797390237223056
27 23 2.0325246218920845
28 23 3.472886204282251
60 23 0.9339123332239747
61 23 2.0325246218920845
18 24 -1.147610374659686
20 24 3.1872263772112377
23 24 2.3579470223267123
24 24 2.816128912607281
26 24 2.7509896104363194
27 24 3.1564547185444836
28 24 3.524179498669801
60 24 2.2296926868030336
61 24 2.4633075379845386
15 25 4.33510971488613
18 25 3.363249131857164
20 26 2.1378851375499104
23 26 3.685447646265924
24 26 2.974133161750529
26 26 3.272865070388895
27 26 2.1378851375499104
28 26 2.0201021018935275
60 26 2.050873760560281
61 26 2.1378851375499104
27 27 2.948815353766239
28 27 1.4447379569899652
60 27 4.33510971488613
61 27 4.33510971488613
65 27 3.6419625343261846
66 27 3.6419625343261846
23 28 1.2215944056757555
24 28 2.3455245023281552
26 28 2.0201021018935275
27 28 4.277951301046182
28 28 3.524179498669801
60 28 3.4371681216801715
61 28 4.33510971488613
66 28 2.1378851375499104
15 29 4.33510971488613
18 29 2.921416379578125
22 29 4.33510971488613
25 29 4.33510971488613
29 29 3.418818983011975
30 29 3.6419625343261846
15 30 4.33510971488613
18 30 2.9214163795781247
22 30 4.33510971488613
25 30 4.33510971488613
29 30 3.6419625343261846
30 30 2.948815353766239
31 31 3.559032154995452
32 31 2.3491942312171172
34 31 3.206644463068339
35 31 0.7287064825964322
37 31 1.789578443281695
38 31 2.5579490450792277
40 31 1.5018963708299138
31 32 -0.6953282065063054
32 32 3.2364974262180204
33 32 2.4563388686684453
34 32 1.8502030650981298
35 32 -0.714746292363407
37 32 1.4988051782602412
38 32 1.8502030650981298
40 32 0.2407651526640292
44 32 3.4988616906855112
45 32 3.1411872464136956
46 32 3.747323049984011
32 33 3.819643711563637
33 33 3.3542804618744038
44 33 2.4379897300002487
45 33 2.496830230023182
46 33 2.948815353766239
35 34 2.948815353766239
36 34 2.2556681732062938
37 34 2.948815353766239
38 34 3.171958905080449
40 34 1.339377441332139
41 34 2.2556681732062938
32 35 1.7701603574245932
33 35 2.8687726460927028
34 35 0.38386599630470253
35 35 3.239451638115452
36 35 3.45191893143832
37 35 0.38386599630470253
38 35 0.38386599630470253
40 35 -1.2255719161293976
41 35 3.519360212233852
32 36 3.3542804618744038
33 36 3.759745569982568
35 36 2.3987690168469675
36 36 2.6611332813144584
41 36 3.3542804618744038
34 37 2.543350245658075
35 37 1.7419894804578968
36 37 0.7515907764300199
37 37 3.254846564886217
38 37 3.1494860492283903
40 37 3.418818983011975
41 37 0.05844359587007458
37 38 3.5699890347010954
38 38 3.43432316954794
40 38 3.2489199462165774
69 39 3.929644606777966
70 39 4.33510971488613
72 39 1.9742557137681085
73 39 3.6419625343261846
34 40 3.536602018668358
35 40 2.8853019480439137
36 40 2.2556681732062938
37 40 2.607888766795646
38 40 1.7448425494403035
40 40 3.313458467354149
41 40 0.6462302607721937
32 41 2.6975009254853335
33 41 3.8651060856403943
35 41 2.909594640612958
36 41 3.3542804618744038
41 41 3.171958905080449
43 42 2.7256718024520294
48 42 3.824284091120139
49 42 3.2364974262180204
54 42 3.3365808847750027
43 43 2.9079933592459843
48 43 2.3689968585132974
49 43 1.62705951378392
54 43 1.7271429723409024
79 43 3.188295324400143
39 44 4.11196616357192
44 44 3.418818983011975
45 44 3.8242840911201395
46 44 3.8242840911201395
69 44 3.2364974262180204
70 44 3.418818983011975
72 44 0.7012900379552212
73 44 2.4845097456351417
39 45 4.239799535081805
44 45 3.3722989673770822
45 45 3.54665235452186
46 45 1.9372144420877595
69 45 3.8343344269736406
70 45 4.239799535081805
72 45 0.6749727296378476
73 45 2.794664673938981
39 46 4.33510971488613
44 46 3.418818983011975
45 46 4.239799535081805
69 46 3.2364974262180204
70 46 4.33510971488613
43 47 4.11196616357192
79 47 3.206644463068339
48 48 3.491139644591601
49 48 3.8242840911201395
53 48 3.163926733383185
54 48 3.1485286532720633
48 49 3.131136910560194
49 49 2.1378851375499104
53 49 3.131136910560194
54 49 3.5501549850730623
31 50 3.986803020617914
50 50 3.4878118544989265
31 51 3.516799391372179
50 51 4.33510971488613
51 51 2.948815353766239
52 52 3.369163392566114
53 52 1.9073614789380784
55 52 3.8044814638239597
115 52 3.471337017295421
116 52 2.600508659498024
126 52 3.293655840057969
127 52 2.0127219945959047
49 53 1.62705951378392
52 53 3.293655840057969
53 53 3.1956754316977656
54 53 2.7516472888552905
55 53 3.0621440390732424
115 53 0.9339123332239747
116 53 0.08661447283677108
48 54 3.1656230866313635
49 54 2.857007804513117
52 54 2.6179004022098926
53 54 3.2152200277707355
54 54 2.9680203336022895
55 54 -0.21876717671441082
52 55 3.188295324400143
53 55 0.42308670945798416
55 55 3.418818983011975
115 55 4.11196616357192
116 55 3.0823467463907623
126 55 3.8242840911201395
31 56 2.418187102704069
50 56 4.2415836568753065
51 56 4.33510971488613
56 56 3.5084311417016623
57 56 2.2556681732062938
59 56 2.543350245658075
50 57 3.998637478264917
51 57 4.33510971488613
56 57 4.201578322261607
59 57 3.2364974262180204
50 58 -0.17574979163071994
51 58 2.6864510892987483
56 58 3.849601899104429
57 58 4.255067007212594
58 58 3.561919826652648
59 58 4.226896130245898
31 59 0.40328408216180434
50 59 3.8555366346242437
51 59 4.33510971488613
56 59 4.152788158092175
57 59 3.929644606777966
59 59 3.2364974262180204
60 60 3.554951157336555
65 60 4.33510971488613
66 60 4.33510971488613
67 60 4.33510971488613
68 60 2.710404330321241
60 61 4.33510971488613
65 61 4.33510971488613
66 61 4.33510971488613
67 61 4.33510971488613
56 62 -0.1422270995920765
58 62 3.8381732032808062
59 62 1.5317493339795953
62 62 3.54665235452186
63 62 4.0166559837675955
64 62 1.7140708907735498
58 63 4.212507392793798
62 63 3.035826730755869
63 63 2.948815353766239
58 64 2.106632594045806
62 64 4.1989775405615495
63 64 4.33510971488613
64 64 3.418818983011975
67 65 4.33510971488613
68 65 3.4776594830349086
65 66 4.33510971488613
67 66 4.33510971488613
68 66 3.4035515108811865
68 67 3.54665235452186
62 68 2.4660585713564283
63 68 1.244067261527814
64 68 3.3400381051588606
68 68 3.2690206179235806
69 69 2.1378851375499104
70 69 3.2364974262180204
72 69 2.5620423786702275
73 69 3.370028818842543
69 70 3.2364974262180204
72 70 2.156577270562063
73 70 3.7754939269507073
71 71 3.3542804618744038
74 71 4.138399420640075
75 71 2.948815353766239
78 71 2.948815353766239
69 72 1.568790605659944
71 72 2.7161930584974856
72 72 2.771252835680513
73 72 2.0298255649229193
74 72 1.126957853380905
75 72 2.8905464456422636
78 72 -1.0214765597858826
69 73 2.206878009036862
72 73 2.6955737712947503
73 73 3.167868919828924
74 74 3.5343318701338196
76 74 2.794664673938981
77 74 3.6884825499610776
78 74 4.138399420640075
81 74 -0.5011721920653479
82 74 1.6960523852708713
83 74 2.1015174933790357
84 74 0.30975802415098075
71 75 4.047427642434349
72 75 0.07713572888222724
74 75 3.8932769626070907
75 75 3.3542804618744038
78 75 2.6611332813144584
81 76 4.33510971488613
82 76 4.33510971488613
83 76 4.33510971488613
84 76 3.6419625343261846
74 77 -0.5011721920653479
76 77 4.33510971488613
77 77 3.524179498669801
81 77 3.6783301784970597
82 77 4.277951301046182
83 77 4.33510971488613
84 77 3.2364974262180204
74 78 2.5069826014872
76 78 4.047427642434349
77 78 4.248098337896501
78 78 3.3542804618744038
81 78 1.4447379569899652
82 78 2.2556681732062938
83 78 4.047427642434349
42 79 3.373698547731505
43 79 1.6842179276238687
48 79 1.339377441332139
49 79 1.656047050657172
54 79 1.6255103267970905
79 79 3.245968009272253
93 79 3.482897839696497
6 80 3.842633229788336
80 80 3.524179498669801
81 81 3.524179498669801
82 81 2.1378851375499104
84 81 3.970466601298221
90 81 2.543350245658075
91 81 2.2874168715208745
81 82 4.217326679229746
82 82 2.948815353766239
84 82 4.201578322261607
90 82 1.5625209926463486
91 82 1.306587618509148
81 83 4.33510971488613
82 83 4.33510971488613
83 83 2.948815353766239
84 83 4.201578322261607
81 84 3.1494860492283907
82 84 2.2556681732062938
84 84 3.3542804618744038
90 84 2.543350245658075
91 84 2.772924687302575
85 85 3.3542804618744038
86 85 0.6462302607721937
89 85 4.30979190690184
92 85 3.796113214153443
85 86 4.30979190690184
86 86 3.5366020186683587
89 86 3.6617651616223643
92 86 2.9488153537662396
85 87 2.6123431171450266
86 87 3.632393083310034
87 87 3.4878118544989265
88 87 3.082346746390762
89 87 -1.0119978158313387
87 88 3.998637478264917
89 89 4.036377806247764
92 89 4.56918233673253
87 90 2.332041151990868
88 90 2.7664937969722847
90 90 2.9277619445684073
91 90 2.7066753017613747
87 91 1.617800188371123
88 91 2.2874168715208745
90 91 2.8229351078772367
91 91 3.004469572934374
89 92 4.012336322623079
92 92 4.592154817876021
42 93 4.33510971488613
43 93 2.7256718024520294
48 93 3.536602018668358
49 93 3.2364974262180204
54 93 3.262472912621281
79 93 0.11560200971002307
93 93 2.948815353766239
80 94 0.05844359587007458
94 94 3.5084311417016623
95 94 1.4083703128190905
96 94 4.177480770682547
97 94 1.6960523852708713
98 94 4.047427642434349
99 94 3.8651060856403943
100 94 3.929644606777966
101 94 3.171958905080449
94 95 3.8213034629820015
95 95 3.5113423519091205
96 95 2.794664673938981
97 95 2.2350488860035584
98 95 1.6960523852708713
100 95 1.2905872771627072
80 96 3.747323049984011
96 96 3.45964097753223
97 96 0.5974400966027618
98 96 4.33510971488613
99 96 4.33510971488613
100 96 4.33510971488613
101 96 4.33510971488613
80 97 0.38002721999753675
94 97 2.107248168088021
95 97 3.099441179750062
96 97 1.9486431379113822
97 97 3.499240550322549
98 97 0.9678138848996559
99 97 0.9678138848996559
100 97 0.9678138848996559
101 97 0.9678138848996559
6 98 1.4447379569899652
80 98 4.33510971488613
99 98 4.33510971488613
100 98 3.929644606777966
101 98 4.33510971488613
6 99 2.543350245658075
80 99 4.33510971488613
100 99 3.2364974262180204
101 99 4.33510971488613
6 100 2.1378851375499104
80 100 4.33510971488613
98 100 3.2364974262180204
99 100 3.929644606777966
100 100 3.2364974262180204
101 100 4.33510971488613
6 101 3.1494860492283907
80 101 4.33510971488613
101 101 2.948815353766239
102 102 3.554951157336555
103 102 4.33510971488613
106 102 2.543350245658075
107 102 3.8803735577711826
109 102 0.4639087039782391
106 103 4.33510971488613
107 103 4.33510971488613
109 103 2.948815353766239
43 104 3.621759827008665
47 104 3.9784347709473975
79 104 1.8203501019484487
104 104 3.418818983011975
105 104 2.0325246218920845
43 105 0.32777652965365905
47 105 1.9372144420877595
104 105 3.6419625343261846
105 105 3.509611082841511
5 106 2.948815353766239
107 106 1.7701603574245932
108 106 4.33510971488613
109 106 4.33510971488613
119 106 4.33510971488613
5 107 1.4824782849728124
106 107 4.255067007212594
107 107 3.561919826652648
108 107 4.255067007212594
109 107 4.212507392793798
119 107 3.474908449663018
5 108 4.047427642434349
8 108 1.8093810705778746
109 108 3.6419625343261846
119 108 4.33510971488613
5 109 4.047427642434349
8 109 1.6758496779533518
107 109 0.38386599630470253
108 109 3.6419625343261846
109 109 3.3542804618744038
119 109 4.33510971488613
110 110 3.2158781390152846
111 110 3.186143540072406
121 110 2.539772424310191
110 111 3.2801724897206817
111 111 2.884276832628668
121 111 2.555772765656632
2 112 3.418818983011975
112 112 3.418818983011975
113 112 3.919594270924464
114 112 4.229749199228304
118 112 3.418818983011975
120 112 -0.6416240275344443
122 112 3.5729696628392333
123 112 3.418818983011975
2 113 3.6419625343261846
112 113 3.0621440390732424
113 113 3.491139644591601
114 113 3.904326798793676
118 113 2.7256718024520294
120 113 2.0992159963907566
122 113 4.069406549153125
123 113 3.8242840911201395
2 114 4.33510971488613
113 114 3.0441255335705644
114 114 3.3542804618744038
120 114 2.717013739708915
122 114 4.33510971488613
123 114 4.33510971488613
112 115 0.9339123332239747
115 115 3.45964097753223
116 115 3.8163159214709625
117 115 4.047427642434349
126 115 4.152788158092175
127 115 4.306938837919434
112 116 3.7242006325631567
113 116 3.264668303184717
114 116 2.6123431171450266
115 116 2.206878009036862
116 116 3.333661174671668
117 116 3.4878118544989265
118 116 3.4878118544989265
126 116 2.3891995658308165
127 116 3.7754939269507073
112 117 4.33510971488613
113 117 3.6419625343261846
114 117 2.2556681732062938
116 117 3.4878118544989265
117 117 2.948815353766239
118 117 4.33510971488613
112 118 3.824284091120139
113 118 4.11196616357192
114 118 4.33510971488613
5 119 4.33510971488613
8 119 3.131136910560194
119 119 3.5084311417016623
110 120 1.809996644620089
111 120 2.146468881241302
120 120 3.3530906937388147
121 120 1.339377441332139
0 121 0.9339123332239747
1 121 2.358525558646002
110 121 1.051695368880358
111 121 1.339377441332139
121 121 3.2563000535142
2 122 4.33510971488613
120 122 3.452720534687656
122 122 3.2364974262180204
123 122 4.33510971488613
2 123 4.33510971488613
120 123 3.6068712145149147
102 124 4.33510971488613
103 124 3.929644606777966
107 124 1.7701603574245934
124 124 3.2364974262180204
125 124 3.2364974262180204
102 125 4.33510971488613
103 125 4.33510971488613
124 125 3.929644606777966
115 126 2.543350245658075
116 126 4.180959035058872
117 126 4.33510971488613
127 126 4.33510971488613
112 127 3.8242840911201395
113 127 3.2852875903874525
116 127 3.4878118544989265
117 127 4.33510971488613
118 127 4.33510971488613
127 127 3.45964097753223
