8 0 4.075113200294213
0 1 4.634728988229636
1 1 3.9415818076696905
8 1 2.6888188391743224
2 2 2.9047341132564264
4 2 -0.014458083175229888
5 2 3.076584370183086
3 3 3.823798772013307
6 3 3.536116699561526
1 4 2.236833715431265
4 4 2.834670716186886
2 5 2.3834371896231406
4 5 2.236833715431265
2 6 2.3834371896231406
6 6 3.9415818076696905
7 7 3.823798772013307
13 7 2.8429695190015805
7 8 2.976500911626103
8 8 3.7386409636730003
3 9 1.7443572303334711
9 9 2.7559581420119508
9 10 0.03960913809504588
10 10 2.461995430901712
10 11 1.608225056008891
11 11 3.900759813149435
12 12 2.410105436705302
12 13 1.0238110755854113
13 13 3.6538997352179097
14 14 3.900759813149435
15 14 4.0061203288072615
11 15 4.0061203288072615
15 15 3.823798772013307
14 16 4.411585436915426
14 17 4.0061203288072615
16 17 4.922411060681417
17 18 1.4884238561962704
18 18 2.520344770365708
19 18 -0.3033356130317844
14 19 -0.08822423341483891
16 19 2.2143608595792066
17 19 2.2143608595792066
18 19 -0.12101405623782996
19 19 2.4894641498241277
20 20 2.5508330962004195
22 20 -0.2705457902087937
23 20 1.7443572303334711
20 21 0.7480237907857796
21 21 3.2890199072248234
19 22 1.5212136790192612
22 22 3.536116699561526
23 22 2.8429695190015805
22 23 3.823798772013307
23 23 3.536116699561526
24 24 3.823798772013307
26 24 4.0061203288072615
24 25 4.922411060681417
26 26 3.900759813149435
27 26 2.907508040139152
21 27 1.9519965951117157
27 27 3.5724843437324005
29 28 4.922411060681417
29 29 3.823798772013307
30 29 4.922411060681417
31 29 3.823798772013307
31 30 4.922411060681417
31 31 3.823798772013307
32 31 4.740089503887462
33 31 3.823798772013307
32 32 3.536116699561526
33 32 4.922411060681417
34 32 3.536116699561526
34 33 4.229263880121471
34 34 3.823798772013307
35 34 3.3129731482473166
24 35 3.312973148247316
25 35 4.411585436915426
35 35 3.900759813149435
28 36 3.823798772013307
36 36 3.823798772013307
37 36 2.5428649265512426
28 37 2.725186483345197
29 37 2.0320393027852517
36 37 2.725186483345197
37 37 2.9028676605826496
37 38 0.26845071052389335
38 38 2.4068347878371794
38 39 0.38623374618027684
39 39 3.248434627109745
