0 0 1.453313116480652
1 0 -1.6999617612133895
2 0 -0.6125227731434051
3 0 -0.0472089640933446
4 0 -2.1880591339018243
6 0 1.0614536604282665
8 0 1.16649767030722
9 0 -1.9988171342632957
11 0 0.4919204358354977
12 0 -1.7368434185217216
13 0 -2.4316812165595745
14 0 0.4860895155247047
15 0 -2.8638145717499004
16 0 -2.8638145717499004
17 0 1.6066807109115895
19 0 -0.324840700691624
20 0 0.6196209081492272
21 0 -1.7249283839438507
23 0 1.3333873759119081
24 0 -2.5096427580292864
25 0 -4.1960417115995154
0 1 1.256858673736254
1 1 -0.9099903960179043
3 1 0.9351342937495968
4 1 -1.2927272530485125
8 1 1.5763217353788308
9 1 -0.6980201453018198
11 1 0.8647306531596275
12 1 -1.5991972393659266
14 1 -0.004872964741874437
15 1 -1.5630175827884243
17 1 1.1582778450638065
20 1 0.8218056084425936
21 1 -1.11727857554232
22 1 -1.5630175827884243
23 1 0.6882742158180709
0 2 1.0763906855916223
4 2 0.809187144483382
8 2 2.004259699339054
11 2 0.826578887195251
20 2 2.923720005974488
0 3 0.3199486546593632
1 3 1.911388490391309
3 3 1.1174558505435515
4 3 -1.110405696254558
8 3 1.383949842731375
9 3 1.4302115605474481
11 3 1.3048813192556818
12 3 -1.2345541257780173
17 3 0.6474522212978158
0 4 0.6760846602934851
1 4 1.7388709336939752
3 4 1.0868188810816615
4 4 -1.2588257013728312
8 4 0.629394034042786
9 4 1.820788056161862
11 4 0.8380075830188738
12 4 -0.9775090227881265
13 4 -2.195594964590527
14 4 0.029028586933806784
18 4 1.4153229480536973
20 4 0.8557071601182747
21 4 -1.488842131974803
24 4 -2.2735565060602387
0 5 -0.022221603076487483
1 5 1.7672881464175518
3 5 1.9384364026133816
4 5 -0.28942514418472765
6 5 2.672405577693582
8 5 1.193329483122725
9 5 1.4038942522300748
11 5 0.4211137790870868
12 5 -1.512185862376297
14 5 1.6915763246818556
17 5 1.468432773367646
18 5 3.0778706858017464
19 5 2.672405577693582
0 6 0.36077064917961815
2 6 3.6840064893720617
14 6 3.6840064893720617
19 6 4.664835742383788
22 6 2.125861871325512
0 7 -0.2145934957239435
2 7 3.8017895250284455
3 7 0.8705957726120255
8 7 0.8186360336813143
9 7 0.6237356946804996
10 7 4.089471597480226
11 7 1.1450326183137856
12 7 -0.500584950697817
14 7 2.01003005580039
19 7 2.9908593088121163
20 7 2.143561448424913
22 7 0.4518854377538403
24 7 -0.29255503719365555
0 8 -1.412296687036284
1 8 0.5133452367823355
3 8 1.6188027303549983
4 8 0.3354027923977405
5 8 -0.10396386738610533
8 8 -1.0722143381909714
9 8 0.6787954718635271
11 8 1.7931561174997759
12 8 0.5263354095141762
13 8 -2.1054438675962293
15 8 -0.05267057299855483
16 8 -2.1321121146783906
20 8 1.8621489889867273
21 8 0.30605705725791976
24 8 0.11917968392810455
25 8 -2.77119207396806
0 9 -1.3132057843920533
1 9 1.1849553321978967
3 9 2.0492507689536716
4 9 0.43449369504197133
8 9 0.5309539612295335
9 9 0.33605362222871876
11 9 1.6558582420797763
12 9 0.5110159609806628
15 9 -0.9344089233660503
16 9 -1.6275561039259956
20 9 0.7572670873050223
21 9 -0.200987843668165
24 9 -0.9857022177536009
3 10 1.5637429531719707
4 10 0.7221757674937521
9 10 1.316882875240445
11 10 1.838179798873731
12 10 0.5980273379702926
16 10 0.4518854377538403
20 10 2.836708628984858
24 10 0.40059214336628973
0 11 -1.890521149426877
1 11 0.4405858824999069
3 11 -1.0930139535426886
4 11 0.8986322048353087
8 11 -1.1449736924733998
9 11 0.26956388095988576
11 11 -1.2240422159490931
12 11 1.1993669692771152
13 11 -1.4850560413187126
15 11 0.09771362403322643
16 11 -1.1062591802927093
20 11 0.1799517222701987
21 11 1.0134562605250665
22 11 -1.511724288400874
24 11 0.0464203296456761
25 11 -1.9276606963763339
0 12 -1.4259255180918902
1 12 0.4134560614423227
3 12 -0.7237285020120268
4 12 1.0593729044729137
5 12 -0.7237285020120268
7 12 -0.500584950697817
8 12 -2.3851261533768384
9 12 0.36441248678878746
11 12 -1.0779003157326408
12 12 1.0318513106385259
13 12 -1.472445533726783
15 12 0.3391657040540037
16 12 -1.499113780808944
21 12 1.0495972655271901
22 12 -1.1424388368702119
24 12 0.4157057811763381
25 12 -1.7815187961598813
0 13 -2.1515349747964967
1 13 0.17957205713028734
3 13 -0.6608805983523629
4 13 1.136609545584677
5 13 -0.43773704703815336
8 13 -2.0991346984029646
9 13 0.7970074159545363
11 13 -1.0795909332105482
12 13 0.9254497390715876
13 13 -1.3406047585801675
14 13 -0.2145934957239435
15 13 0.4244864635657259
16 13 -0.8564473818963383
18 13 1.171700865395947
21 13 1.129736666296915
22 13 -1.7727381137704934
24 13 0.4785536848360018
25 13 -1.600887856843834
12 14 -0.09511984258965275
13 14 1.3948444167101568
15 14 1.1450326183137856
16 14 -0.24126174280610496
21 14 0.8976244449999448
22 14 1.838179798873731
24 14 1.093739323926235
25 14 -0.8803417020957744
0 15 -2.178203221878658
1 15 0.057593630243801125
3 15 -0.6875488454345242
4 15 -0.14282166999285228
5 15 2.174652035494944
7 15 0.4518854377538403
8 15 -1.4326557649251808
9 15 0.4518854377538403
11 15 -0.8185771078409285
12 15 0.020711972935468892
13 15 1.2717843239529296
15 15 0.6855002889353454
16 15 -0.4131119997327641
17 15 0.22874188643963073
21 15 0.43809211562150463
22 15 1.6017910208095005
24 15 0.634206994547795
25 15 -2.0330212120341598
0 16 -3.5644975829985484
1 16 -0.4532319935221895
4 16 0.7221757674937521
5 16 1.3273541751077405
6 16 0.7395675102056214
8 16 -2.125802945485126
9 16 -0.24126174280610496
12 16 0.40512367184580106
13 16 1.5044066192216832
15 16 0.5984889119457157
16 16 -0.29532896407638076
18 16 1.838179798873731
21 16 0.3809337017815559
22 16 1.419469464015546
24 16 0.5471956175581653
25 16 -2.4384863201423244
0 17 -1.536349335706263
2 17 2.4800336850461258
6 17 3.460862938057852
12 17 -0.7237285020120268
13 17 0.9485573140817373
14 17 3.396324416920281
16 17 0.6342069945477949
19 17 2.7677157574979065
21 17 -0.42413139498237473
22 17 0.9218890669995761
23 17 3.866328046166016
24 17 -0.5156985885078652
25 17 -0.6980201453018199
6 18 4.377153669932007
13 18 1.171700865395947
14 18 4.089471597480226
19 18 4.377153669932007
21 18 1.1853065174517257
14 19 4.089471597480226
15 19 1.4327146907655668
22 19 2.5313269794336763
24 19 1.381421396378016
1 20 0.13983172848077335
5 20 1.920417897110703
13 20 1.0175501855686886
15 20 1.2785640109383083
16 20 0.9908819384865274
21 20 -0.06745645104364227
22 20 0.585416830378363
24 20 1.4504142678649676
25 20 -0.053663128911306535
1 21 -1.5115703830523592
2 21 0.4921593368917803
4 21 -2.1819893125347485
5 21 0.674480893685735
7 21 0.8976244449999448
9 21 -1.5872822047880557
10 21 0.4921593368917803
12 21 -1.3253084890464815
13 21 0.752442435155447
15 21 1.4189213686332307
16 21 0.5922427954487629
21 21 -1.3133934544686106
22 21 0.543452631279331
24 21 1.5217787540729386
25 21 0.32636708204903636
1 22 -1.5518442821902991
4 22 -1.529116031112743
5 22 1.6150362475595212
7 22 1.1450326183137856
9 22 -0.24126174280610496
10 22 1.1450326183137856
12 22 -1.6532644606362024
13 22 0.8663192158447651
15 22 1.7269541637635066
16 22 1.0338069832035612
21 22 -1.7591324617147148
22 22 1.1963259127013361
24 22 1.4451372107641238
25 22 -0.492576171087011
13 23 1.171700865395947
15 23 1.1450326183137856
16 23 1.5504977264219502
21 23 0.4921593368917803
22 23 1.1450326183137856
25 23 0.5059526590241161
1 24 -2.296284757137795
2 24 0.40059214336628973
4 24 -0.8872621449403482
5 24 0.1774485920520801
7 24 1.4992044320343998
8 24 -2.1770962398726765
10 24 1.7868865044861804
11 24 -2.2561647633483695
12 24 -0.788267023149598
13 24 0.8150259214572146
15 24 -0.7520873665720956
16 24 1.3681761696279955
20 24 -0.15902364456913293
21 24 -1.11727857554232
22 24 0.5471956175581653
24 24 -0.9857022177536009
25 24 0.7586550125798704
0 25 -4.203577542288218
1 25 -3.577218602599859
2 25 0.5059526590241161
3 25 -2.7129231658440847
4 25 -1.945052439088203
5 25 -0.6980201453018198
7 25 0.7290962103383258
10 25 -0.18719452153582916
11 25 -3.537098608810434
12 25 -2.004662347474091
13 25 0.11391057124809252
14 25 -1.5734888826557198
15 25 -1.745339139582379
16 25 0.749930297241168
18 25 -0.18719452153582916
19 25 0.10048755091595182
21 25 -1.8385966330689616
22 25 -0.08711106297884659
24 25 -1.7966324339699296
25 25 1.285532345356369
