0 0 1.933655719470765
1 0 0.9709009025933153
3 0 -0.5933422927631834
4 0 -0.5433538061016429
8 0 0.99238740294867
9 0 -1.463734523227323
0 1 1.0249613344885447
1 1 2.1940554090169653
3 1 -2.3923220099647255
4 1 2.1544144395011213
9 1 -0.7651377378998129
11 1 2.4210113934658306
2 2 3.4083476831446795
15 2 1.952857219158213
1 3 -1.331450049279463
2 3 1.2860861442819154
3 3 1.7421257256133373
4 3 -0.7420621030103701
11 3 -1.2348692212736825
15 3 -1.2583077942457
16 3 0.6291186202994724
0 4 0.987091060433135
1 4 1.719841247234886
3 4 -0.9652056543245798
4 4 2.976214327954354
11 4 1.6495323696359785
5 5 3.567854562172463
6 5 4.168982844012156
13 5 3.131136910560194
14 5 -0.4557098179885908
6 6 3.4878118544989265
13 6 3.8242840911201395
14 6 1.6725218878606773
7 7 5.097249766933027
0 8 0.577455702199318
1 8 -0.6678035331162155
3 8 -3.157789852104297
4 8 -0.812384761927323
8 8 2.7174299975569256
9 8 0.6561476974295395
0 9 -0.7413336193705568
1 9 0.2464631737786668
3 9 -4.1559106022260845
4 9 -0.39681217674110497
8 9 0.048462706872394665
9 9 1.7085454495183379
11 9 -0.1365290784774388
7 10 4.595157823135791
10 10 3.811038864370119
1 11 0.20999349399727543
4 11 -1.240839388260186
9 11 1.4819586694765794
11 11 3.3459816590597087
7 12 3.6419625343261846
10 12 4.33510971488613
12 12 3.3542804618744038
7 13 0.7797616533967164
10 13 3.418818983011975
12 13 3.418818983011975
13 13 2.50252825113782
14 13 1.6035290163737257
10 14 0.9793747073007321
12 14 1.917644345893662
13 14 1.2331552280768314
14 14 2.1193256528617366
2 15 0.4728773739609994
15 15 2.1602768278648115
16 15 0.516552437463661
17 15 -1.0074637429164441
3 16 0.8307118250521388
15 16 0.044837943814296156
16 16 2.5990608526720806
5 17 1.0546408791101152
6 17 -3.0313354334414693
17 17 1.5865849802328573
