0 0 1.7510862161943102
1 0 -2.864809378938844
3 0 -0.6377318384529435
4 0 -1.837148826243019
5 0 -0.6377318384529435
9 0 1.2422203428105723
10 0 -2.1316568637652
12 0 0.33648154115391604
13 0 -1.823355504110683
14 0 -1.780795889691887
15 0 0.6316981825276363
16 0 -2.488331807703932
17 0 -2.739646235984838
18 0 1.9320136912720862
21 0 0.05541534210700181
22 0 -2.068477962143668
24 0 0.3738690732255364
25 0 -2.921967792778793
0 1 1.4017658370952486
1 1 -1.6947381262885892
3 1 1.091955202132734
4 1 -1.3602247541527095
5 1 -0.160807766362634
9 1 1.7881372863878333
10 1 -0.2684384305549997
12 1 0.7844180763709732
13 1 -1.0951170037394675
15 1 0.09702134293946567
16 1 -0.6251133744937318
18 1 0.8507931453158456
21 1 0.9378045223054756
25 1 -1.751896540128538
0 2 1.1259182222904702
9 2 2.164614857622745
12 2 1.4411976127600434
13 2 -0.20781380873856486
0 3 -0.6478227414349064
1 3 1.4486301460714663
3 3 1.7785877016714855
7 3 0.9984291441219103
9 3 1.3071646257715235
10 3 1.8941005887933298
12 3 1.2768945614687675
13 3 -0.659798932481622
21 3 0.6799754130033758
22 3 -0.057623530127403434
0 4 0.6582862077657542
1 4 1.6842976835707137
3 4 0.7333213937086684
4 4 -0.6202462739086653
6 4 1.1853065174517257
9 4 0.8615194403578283
10 4 1.5129939245172057
11 4 -0.3551385234954233
12 4 0.9247754340658957
13 4 -1.011918059884494
14 4 -2.3556528065855886
15 4 -0.2616124654845998
16 4 -0.9837471829177974
18 4 -0.200987843668165
19 4 1.1853065174517257
21 4 1.4264685742686138
22 4 -2.3556528065855886
23 4 -0.9547596460445451
25 4 -1.4173831679926583
1 5 1.2254865947572566
3 5 1.3731225935633211
5 5 1.3731225935633211
9 5 0.6140174452115783
10 5 1.4886354806851654
12 5 1.0945730046748128
13 5 -0.37211686002984107
14 5 -0.46308863823556784
15 5 2.036416810973585
18 5 1.6915763246818556
19 5 3.0778706858017464
24 5 2.384723505241801
26 5 -1.959081916611883
1 6 1.1384752177676267
3 6 2.672405577693582
10 6 1.1784805523813258
11 6 3.9353209176529678
12 6 0.7844180763709732
13 6 -0.4591282370194711
0 7 -0.3293690103163719
1 7 0.15764596475590031
2 7 3.173180865606071
3 7 1.6915763246818556
6 7 3.396324416920281
9 7 0.23932399577016758
10 7 0.19765129936959946
11 7 2.9544916646412416
12 7 -0.19641117664075303
14 7 0.548512273442912
15 7 1.9494054339839553
17 7 0.28280910770990636
20 7 3.2785413812638975
24 7 2.7031772363603355
0 8 -0.4094117179899082
2 8 3.0931381579325348
4 8 0.006651521110079522
5 8 1.2060685089001548
9 8 0.4469633605484121
11 8 2.9798094726255315
12 8 0.9275189200116465
13 8 -1.232318125252953
14 8 0.06300445766121113
15 8 2.1570447987622
20 8 3.016177116796406
21 8 1.2060685089001548
23 8 0.7707504376423093
24 8 2.2176694205786345
25 8 -0.38502026486574886
26 8 -2.126136001275049
0 9 -2.1000750703465947
1 9 -0.003622182840221765
3 9 1.5303081770857332
4 9 0.5132127460896128
5 9 -0.07912973534836705
7 9 0.23932399577016758
10 9 0.5063867810192128
12 9 1.6438006759732486
13 9 0.42692260966496587
14 9 -1.9153409671472559
16 9 -0.1379702353713004
17 9 -1.487896952320316
19 9 0.5270060682219485
21 9 1.712629733879688
22 9 0.2818836101889635
23 9 -0.5144478066062127
25 9 -0.28392414799438026
26 9 -3.411334245523571
0 10 -2.8348949473071077
1 10 0.542491785661329
3 10 1.4886354806851654
4 10 0.3845286726994149
7 10 0.8907984799295448
9 10 -0.1867603995407325
10 10 0.33118269199412204
12 10 1.6547717130581028
13 10 0.41122539966765864
14 10 -1.957013663547824
16 10 -0.17964293177186846
17 10 -1.5295696487208843
20 10 0.079868263713216
21 10 1.4886354806851654
22 10 0.12242787813201192
23 10 -0.5561205030067806
25 10 -0.32559684439494824
26 10 -3.453006941924139
1 11 0.627649594001636
3 11 2.384723505241801
4 11 0.2690157855775706
9 11 0.7093276250159031
10 11 1.3608021091752804
12 11 1.3722047412730922
13 11 -0.053663128911306535
21 11 1.468432773367646
22 11 -0.36777845843124307
25 11 -0.12265600039825796
26 11 -1.8637717368075581
0 12 -1.4417746211168174
1 12 0.5856853949026039
2 12 0.2690157855775706
3 12 -0.5194415747866996
4 12 0.9201987670384837
7 12 0.8976244449999448
8 12 -0.6864956594498658
9 12 -1.9716939036983876
10 12 0.18385797723726374
11 12 -0.3551385234954233
12 12 -1.0211347149894177
13 12 0.9739974237845187
14 12 -2.3556528065855886
15 12 -0.9547596460445451
16 12 0.11486510575031232
19 12 0.7798414093435613
22 12 0.8632230182826123
25 12 0.086694228783616
26 12 -2.753033796293794
0 13 -1.6999150144681234
1 13 0.14164562340945933
2 13 -0.9699538607854616
3 13 -1.3529461130415674
4 13 0.7678652182968456
5 13 -1.0652640405897864
6 13 -0.053663128911306535
7 13 0.7572670873050223
9 13 -1.2647534010061063
10 13 0.24417131500449238
11 13 -1.5941081698584554
12 13 -1.0814493650108037
13 13 0.915189933053704
14 13 -1.0296730954870839
15 13 -2.193729292407577
16 13 0.3422325281807072
17 13 -1.7808840770017904
19 13 -0.053663128911306535
20 13 -0.4591282370194711
21 13 -0.37211686002984107
22 13 1.0204980638926389
23 13 -1.500582111847632
25 13 0.4346896390026256
26 13 -1.955121515395786
0 14 -1.3854216845656857
1 14 0.8361943458946931
3 14 -1.156235818795513
4 14 1.0116430234008857
9 14 -0.8167286784791462
10 14 0.24021091378839554
12 14 -0.9647817784382858
13 14 0.8120967943156324
14 14 -0.21985832835462077
16 14 0.7773538458717596
17 14 -1.1787086746475717
22 14 0.7917425833238593
25 14 0.24840768099257396
26 14 -2.696680859742662
1 15 0.09702134293946567
3 15 0.24465734174553033
4 15 0.6546782663895553
5 15 2.5472424347395757
10 15 0.8301738581131101
12 15 0.14842930965097645
13 15 0.003495284928642142
14 15 1.4994885633049573
16 15 1.1666460947343231
19 15 1.5439403258757909
22 15 -0.20525952893346794
23 15 1.6010987397157397
24 15 1.9494054339839553
1 16 -0.21964826638556756
4 16 0.4025471782020932
5 16 1.3142820935403878
8 16 0.048615720209111785
9 16 -1.23658252403941
10 16 -0.17964293177186846
13 16 0.3799728561635543
14 16 1.711663083248593
15 16 0.4734989141743777
16 16 0.1568293048493447
19 16 1.514952789002539
22 16 0.6820436660674348
23 16 1.3897896460485328
25 16 0.4163405003344291
26 16 -2.017922416634816
1 17 0.3763351657207301
4 17 0.636740565702888
5 17 1.0629676652594817
9 17 -1.487896952320316
10 17 -0.4309573600527746
12 17 -1.923632124731237
13 17 0.16502607205352315
14 17 1.6246517062589632
16 17 0.4163405003344291
17 17 -0.7512646598206318
18 17 0.28280910770990636
22 17 0.3253687221287024
23 17 1.831622398327572
25 17 0.8581732526134684
26 17 -1.4219389845285189
4 18 -0.200987843668165
5 18 2.7901886133499656
10 18 0.8907984799295448
13 18 -0.7468103094712518
14 18 1.464803005317067
15 18 3.2021684024793236
17 18 0.28280910770990636
19 18 2.2977121282521713
22 18 -0.14463490711703333
24 18 2.7031772363603355
3 19 1.2861112165736912
5 19 1.9792583971336366
6 19 3.6840064893720617
10 19 0.4853333718213805
11 19 2.143561448424913
13 19 -0.4591282370194711
14 19 0.8361943458946931
15 19 2.9302346869956817
16 19 0.8218056084425936
23 19 1.5439403258757909
24 19 2.9908593088121163
26 19 -0.659798932481622
3 20 0.8806461084655268
4 20 -0.3187708793245485
5 20 1.5737932890254722
6 20 3.2785413812638975
10 20 0.079868263713216
11 20 1.7380963403167484
13 20 -0.8645933451276354
14 20 1.3470199696606837
15 20 2.9302346869956817
16 20 0.4163405003344291
17 20 0.16502607205352315
22 20 -0.2624179427734166
23 20 1.1384752177676267
24 20 3.2785413812638975
26 20 -1.0652640405897866
5 21 1.3731225935633211
6 21 3.0778706858017464
7 21 1.6915763246818556
8 21 1.2060685089001548
13 21 -1.7584112211497318
14 21 0.6355236504325419
16 21 1.8251077173063786
17 21 1.0629676652594817
19 21 1.9792583971336366
20 21 1.5737932890254722
22 21 -0.46308863823556784
23 21 2.036416810973585
25 21 1.7279439688527305
26 21 -0.5727875554919922
0 22 -3.1771811537937404
1 22 -1.997018998161523
2 22 1.0185159026886474
3 22 -0.46308863823556784
4 22 -0.746214894151488
5 22 0.6355236504325419
7 22 1.80127524193828
8 22 -0.6301427228987342
9 22 -1.9153409671472559
11 22 0.799826701723818
13 22 -0.955565123333362
14 22 0.919575954833744
15 22 -0.20525952893346794
16 22 1.6375551110948712
17 22 0.43072923778652866
19 22 0.1430471653347478
20 22 0.8361943458946931
22 22 -1.2006875813663471
23 22 0.4878876516264774
24 22 0.548512273442912
25 22 1.583408747724914
26 22 0.19369089815350254
2 23 1.7262618826697456
8 23 1.4638976182022545
13 23 -1.0951170037394675
14 23 0.711031202940687
16 23 1.3897896460485328
17 23 0.915331666453417
23 23 0.50248645104763
25 23 1.9116651060011083
26 23 0.43881335618648776
8 24 2.91081660113858
13 24 -0.053663128911306535
14 24 1.2416594540028574
17 24 1.669103468829797
26 24 0.43881335618648776
1 25 -1.751896540128538
2 25 0.5704911801616873
5 25 0.4751810003573625
8 25 1.5608898841895642
9 25 -1.670218509114271
11 25 0.6394840516486388
12 25 -2.1059536815251914
13 25 -2.250887706247526
14 25 0.24840768099257396
17 25 1.5513204331734138
20 25 -0.017295484740431737
22 25 -0.9555651233333621
23 25 0.956153660973672
25 25 -0.710442665300377
26 25 1.034796788292785
0 26 -3.9800272516101103
1 26 -3.493012276537838
2 26 0.21566980487227788
4 26 -1.9057359359065902
5 26 -0.860469627943773
8 26 1.0519178290728965
10 26 -3.453006941924139
11 26 0.15113128373470677
12 26 -2.7484571292663817
13 26 -2.525666373863399
14 26 -0.011103514492510562
15 26 -1.0081056267498376
16 26 -3.116534705302926
17 26 0.9888596931057597
20 26 0.43881335618648776
21 26 -1.959081916611883
22 26 -2.408998787290881
23 26 0.09050666191827189
24 26 -0.9474810049334029
25 26 -1.7584112211497318
26 26 1.2583643154467234
