0 0 0.03203655287626742
3 0 0.03708706866233605
4 0 -0.3683780394458286
5 0 -2.4478195811256644
0 1 0.03708706866233605
0 2 -0.3683780394458286
1 2 4.922411060681417
4 3 4.922411060681417
5 3 4.229263880121471
5 4 4.634728988229636
0 5 -2.4478195811256644
1 5 3.536116699561526
2 5 3.536116699561526
5 5 3.248434627109745
8 5 4.634728988229636
9 5 4.229263880121471
10 5 2.4375044108934163
1 6 4.922411060681417
2 6 4.922411060681417
5 6 3.536116699561526
2 7 4.922411060681417
5 7 3.536116699561526
6 7 4.922411060681417
9 8 4.922411060681417
10 8 4.516945952573252
10 9 4.922411060681417
5 10 2.4375044108934163
6 10 4.516945952573252
7 10 4.922411060681417
10 10 3.823798772013307
