1 0 4.23410650459726
1 1 3.7232808808312687
4 1 4.23410650459726
5 1 3.8286413964890946
29 1 3.1354942159291497
60 2 3.0103310729751436
2 3 4.74493212836325
60 3 2.604865964866979
5 4 4.74493212836325
29 4 4.74493212836325
30 4 4.74493212836325
29 5 4.74493212836325
30 5 4.74493212836325
33 5 4.74493212836325
2 6 4.74493212836325
3 6 4.74493212836325
60 6 1.9117187843070338
2 7 4.74493212836325
3 7 4.74493212836325
6 7 4.74493212836325
3 8 4.74493212836325
6 8 4.74493212836325
7 8 4.74493212836325
6 9 4.74493212836325
7 9 4.74493212836325
8 9 4.74493212836325
8 10 4.051784947803305
9 10 4.74493212836325
10 10 3.3586377672433594
11 10 4.74493212836325
7 11 4.74493212836325
8 11 4.74493212836325
9 11 4.74493212836325
10 12 4.74493212836325
11 12 4.051784947803305
12 12 3.3586377672433594
10 13 4.051784947803305
12 13 4.74493212836325
13 14 4.051784947803305
14 14 3.3586377672433594
15 14 4.74493212836325
12 15 4.457250055911469
13 15 4.74493212836325
15 15 3.3586377672433594
14 16 4.74493212836325
15 16 4.051784947803305
16 17 4.74493212836325
18 17 4.74493212836325
14 18 4.457250055911469
16 18 4.74493212836325
18 18 3.3586377672433594
20 19 3.240854731586976
21 19 4.74493212836325
19 20 3.64631983969514
20 20 3.1230716959305926
21 20 3.240854731586976
23 20 2.3935568711997726
20 21 3.64631983969514
0 22 4.74493212836325
26 22 4.74493212836325
22 23 3.492169159867882
23 23 3.492169159867882
24 23 3.8976342679760463
26 23 2.7990219793079367
22 24 4.74493212836325
23 24 2.7990219793079367
26 24 4.051784947803305
20 25 3.64631983969514
0 26 4.74493212836325
1 26 3.5409593240373143
26 26 3.3586377672433594
20 27 3.240854731586976
25 27 4.74493212836325
20 28 2.5477075510270306
25 28 4.74493212836325
27 28 4.74493212836325
30 29 4.74493212836325
33 29 4.74493212836325
36 29 4.74493212836325
33 30 4.74493212836325
36 30 4.74493212836325
37 30 4.051784947803305
25 31 4.74493212836325
27 31 4.74493212836325
28 31 4.74493212836325
27 32 4.051784947803305
28 32 4.74493212836325
31 32 4.74493212836325
32 32 3.3586377672433594
36 33 4.74493212836325
37 33 4.74493212836325
32 34 4.051784947803305
35 34 4.74493212836325
31 35 4.051784947803305
32 35 4.74493212836325
35 35 3.3586377672433594
37 36 4.74493212836325
38 36 4.74493212836325
37 37 3.3586377672433594
38 37 4.74493212836325
39 37 2.9531726591351948
40 37 4.051784947803305
39 38 3.64631983969514
40 38 4.74493212836325
17 39 2.9531726591351948
39 39 3.5593084627055105
40 39 2.9531726591351948
41 39 4.051784947803305
42 39 3.64631983969514
39 40 4.051784947803305
17 41 4.74493212836325
18 41 4.051784947803305
42 41 4.74493212836325
17 42 4.74493212836325
18 42 4.74493212836325
44 43 4.74493212836325
45 43 3.492169159867882
45 44 3.8976342679760463
45 45 3.050336407588843
46 45 3.0221655306221464
47 45 1.6463424693695512
48 45 1.4127276181880462
46 46 2.665490586683414
48 46 3.581781318557569
49 46 2.26002547857525
50 46 3.64631983969514
45 47 1.6463424693695512
47 47 2.7878798027546945
46 48 3.581781318557569
48 48 3.764102875351524
50 48 2.26002547857525
49 49 3.64631983969514
50 49 3.240854731586976
53 49 4.339467020255086
54 49 3.64631983969514
55 49 2.9531726591351948
49 50 4.157145463461131
50 50 3.240854731586976
53 50 3.64631983969514
54 50 3.64631983969514
43 51 4.74493212836325
44 51 4.74493212836325
45 51 2.7990219793079367
63 52 4.74493212836325
64 52 4.74493212836325
65 52 4.74493212836325
54 53 4.74493212836325
55 53 4.74493212836325
52 54 4.74493212836325
55 54 4.74493212836325
52 55 4.74493212836325
55 55 3.3586377672433594
63 55 4.74493212836325
64 55 4.051784947803305
58 56 3.096273502775868
60 56 1.2185716037470886
57 57 3.084200921541599
62 57 2.007028964111359
56 58 2.8731299514616584
58 58 2.559472392606617
59 58 1.4868355903417678
60 58 1.9117187843070338
61 58 2.179982770901713
57 59 2.847812143477369
59 59 3.0709556947915786
60 59 0.5254244231871432
61 59 3.3586377672433594
62 59 0.5254244231871432
56 60 1.9117187843070338
58 60 2.0548196279477073
59 60 0.5254244231871432
60 60 2.4797028219129733
61 60 1.9117187843070338
62 60 -0.2283473791892368
62 61 3.0103310729751436
57 62 1.3437347467010947
59 62 2.4423470353692043
62 62 2.7300291078209855
64 63 4.74493212836325
65 63 4.74493212836325
71 63 4.74493212836325
65 64 4.74493212836325
70 64 4.74493212836325
71 64 4.74493212836325
69 65 4.74493212836325
70 65 4.74493212836325
71 65 4.74493212836325
34 66 2.5477075510270306
66 66 3.240854731586976
67 66 3.4639982829011857
72 66 3.64631983969514
34 67 4.74493212836325
35 67 4.457250055911469
67 67 3.3586377672433594
66 68 3.64631983969514
68 69 4.74493212836325
73 69 4.74493212836325
74 69 4.74493212836325
69 70 4.74493212836325
73 70 4.74493212836325
74 70 4.74493212836325
69 71 4.74493212836325
70 71 4.74493212836325
73 71 4.74493212836325
66 72 3.64631983969514
66 73 2.5477075510270306
68 73 4.74493212836325
74 73 4.74493212836325
66 74 3.240854731586976
68 74 4.74493212836325
75 75 2.8851679300211375
76 75 2.422544408073025
77 75 1.2185716037470886
76 76 2.5477075510270306
77 76 4.339467020255086
79 76 3.64631983969514
80 76 3.64631983969514
82 76 2.730029107820985
76 77 3.64631983969514
77 77 3.3586377672433594
79 77 4.74493212836325
82 77 2.4423470353692043
81 78 4.74493212836325
84 78 4.74493212836325
85 78 4.051784947803305
76 79 3.64631983969514
80 79 4.74493212836325
82 79 3.1354942159291497
82 80 4.23410650459726
84 81 4.74493212836325
85 81 4.74493212836325
78 82 4.23410650459726
80 82 3.1354942159291497
81 82 3.8286413964890946
82 82 3.6054978451748854
84 82 3.1354942159291497
43 83 4.74493212836325
44 83 4.74493212836325
51 83 4.74493212836325
85 84 4.74493212836325
87 84 4.051784947803305
85 85 3.3586377672433594
87 85 4.74493212836325
95 85 4.051784947803305
43 86 4.051784947803305
51 86 4.74493212836325
83 86 4.74493212836325
86 86 3.3586377672433594
87 87 3.3586377672433594
91 87 4.051784947803305
94 87 4.74493212836325
95 87 4.74493212836325
83 88 4.74493212836325
86 88 4.74493212836325
86 89 4.74493212836325
88 89 4.74493212836325
86 90 4.051784947803305
88 90 4.74493212836325
89 90 4.74493212836325
96 91 4.74493212836325
97 91 4.74493212836325
99 91 2.5477075510270306
88 92 4.74493212836325
89 92 4.74493212836325
90 92 4.74493212836325
89 93 4.051784947803305
90 93 4.74493212836325
92 93 4.74493212836325
93 93 3.3586377672433594
91 94 4.74493212836325
96 94 4.74493212836325
97 94 4.74493212836325
91 95 4.74493212836325
94 95 4.74493212836325
96 95 4.74493212836325
97 96 4.74493212836325
99 96 3.240854731586976
99 97 3.64631983969514
93 98 4.051784947803305
99 98 2.5477075510270306
100 98 4.74493212836325
93 99 2.5477075510270306
98 99 3.64631983969514
99 99 3.346215247244802
100 99 3.240854731586976
92 100 4.74493212836325
93 100 4.74493212836325
75 101 2.317183892415198
101 101 3.764102875351524
101 102 4.051784947803305
103 102 4.74493212836325
101 103 4.457250055911469
105 104 4.74493212836325
106 104 4.74493212836325
101 105 3.3586377672433594
102 105 4.74493212836325
103 105 4.74493212836325
102 106 4.74493212836325
103 106 4.051784947803305
105 106 4.74493212836325
106 106 3.3586377672433594
104 107 4.74493212836325
106 107 4.74493212836325
104 108 4.74493212836325
106 108 3.3586377672433594
107 108 4.74493212836325
108 108 3.3586377672433594
107 109 4.74493212836325
108 109 4.74493212836325
110 110 3.3586377672433594
111 110 4.051784947803305
112 110 4.74493212836325
114 110 4.74493212836325
108 111 4.74493212836325
109 111 4.74493212836325
108 112 4.051784947803305
109 112 4.74493212836325
111 112 4.74493212836325
110 113 4.74493212836325
113 113 3.3586377672433594
114 113 4.051784947803305
109 114 4.74493212836325
111 114 4.74493212836325
112 114 4.74493212836325
115 115 3.3586377672433594
120 115 4.74493212836325
121 115 4.051784947803305
119 116 3.764102875351524
115 117 4.2749284991175145
117 117 3.764102875351524
120 117 2.665490586683414
117 118 4.457250055911469
117 119 2.26002547857525
118 119 3.64631983969514
119 119 3.512788447070618
120 120 3.3586377672433594
121 120 4.74493212836325
122 120 4.74493212836325
123 120 3.3586377672433594
122 121 4.74493212836325
123 121 4.74493212836325
123 122 4.74493212836325
130 122 4.74493212836325
123 123 3.3586377672433594
129 123 4.74493212836325
130 123 4.74493212836325
145 123 4.051784947803305
110 124 3.3586377672433594
113 124 4.457250055911469
124 124 3.3586377672433594
125 124 4.051784947803305
113 125 4.74493212836325
124 125 4.051784947803305
124 126 4.051784947803305
127 126 4.74493212836325
124 127 4.457250055911469
125 127 4.74493212836325
127 127 3.3586377672433594
126 128 4.74493212836325
127 128 4.74493212836325
145 129 4.74493212836325
146 129 4.051784947803305
129 130 4.74493212836325
145 130 4.74493212836325
146 130 3.3586377672433594
126 131 4.339467020255086
127 131 2.9531726591351948
128 131 4.74493212836325
131 131 3.64631983969514
131 132 4.74493212836325
131 133 4.339467020255086
132 133 4.74493212836325
135 134 4.74493212836325
136 134 4.051784947803305
140 134 4.74493212836325
133 135 4.74493212836325
136 135 4.74493212836325
131 136 2.9531726591351948
132 136 4.74493212836325
133 136 4.74493212836325
136 136 3.3586377672433594
134 137 4.74493212836325
138 137 4.74493212836325
140 137 4.74493212836325
134 138 4.74493212836325
135 138 4.74493212836325
140 138 4.74493212836325
137 139 4.74493212836325
141 139 4.74493212836325
135 140 4.74493212836325
136 140 4.74493212836325
134 141 4.051784947803305
137 141 4.74493212836325
138 141 4.74493212836325
141 141 3.3586377672433594
139 142 4.74493212836325
141 142 4.74493212836325
144 143 4.339467020255086
146 143 3.3586377672433594
139 144 4.339467020255086
141 144 2.9531726591351948
142 144 4.74493212836325
144 144 3.64631983969514
146 145 4.457250055911469
143 146 4.457250055911469
144 146 3.64631983969514
146 146 3.581781318557569
