2 0 4.051784947803305
3 0 3.64631983969514
7 0 1.8545603704670852
24 0 2.5477075510270306
0 1 4.051784947803305
1 1 3.3586377672433594
24 1 2.9531726591351948
25 2 4.74493212836325
41 2 4.051784947803305
2 3 4.339467020255086
3 3 2.5477075510270306
4 3 2.493640329756755
8 3 2.665490586683414
25 3 4.051784947803305
3 4 2.665490586683414
4 4 3.3045705459730836
8 4 3.4764208028997428
29 4 3.3586377672433594
30 4 2.665490586683414
6 5 2.9531726591351948
7 5 2.5477075510270306
28 5 3.3586377672433594
5 6 2.9531726591351948
6 6 3.240854731586976
27 6 3.64631983969514
32 6 3.240854731586976
33 6 2.5477075510270306
7 7 2.5477075510270306
11 7 2.8353896234788114
24 7 1.9599208861249116
28 7 3.240854731586976
34 7 1.8545603704670852
40 7 1.2259517110447113
4 8 3.40993106163091
8 8 2.665490586683414
29 8 3.64631983969514
30 8 3.64631983969514
42 8 3.64631983969514
6 9 2.5477075510270306
9 9 2.5477075510270306
12 9 2.7990219793079367
13 9 3.64631983969514
16 9 2.9531726591351948
9 10 4.339467020255086
12 10 2.7990219793079367
7 11 2.5477075510270306
14 11 3.64631983969514
34 11 2.9531726591351948
40 11 2.03688192726104
9 12 2.03688192726104
12 12 2.7990219793079367
13 12 3.8286413964890946
16 12 2.4423470353692043
19 12 1.7491998548092589
46 12 2.7990219793079367
16 13 4.051784947803305
19 13 3.3586377672433594
20 13 3.64631983969514
14 14 3.3586377672433594
36 14 3.715312711182092
12 15 3.492169159867882
46 15 2.7990219793079367
18 16 2.4423470353692043
19 16 2.665490586683414
20 16 2.9531726591351948
46 16 2.7990219793079367
48 16 2.9531726591351948
12 17 2.7990219793079367
15 17 4.339467020255086
17 17 2.5477075510270306
63 17 2.4423470353692043
18 18 2.91235066461494
19 18 2.4423470353692043
59 18 2.624668592163159
66 18 3.8286413964890946
69 18 2.4423470353692043
78 18 0.6505875661411493
18 19 2.847812143477369
19 19 1.9723434061234688
20 19 2.26002547857525
21 19 4.051784947803305
22 19 3.3586377672433594
59 19 1.7491998548092589
69 19 2.665490586683414
18 20 3.828641396489095
19 20 2.26002547857525
20 20 2.5477075510270306
66 20 2.9531726591351948
21 21 3.3586377672433594
22 21 4.74493212836325
37 21 4.051784947803305
38 21 4.74493212836325
37 22 4.74493212836325
38 22 4.74493212836325
49 22 4.051784947803305
122 23 2.9531726591351948
132 23 4.339467020255086
0 24 2.9531726591351948
3 24 2.5477075510270306
7 24 2.142242442918866
11 24 1.4490952623589208
24 24 2.2963931227461245
40 24 1.785567498980134
25 25 3.3586377672433594
41 25 4.74493212836325
51 25 4.051784947803305
1 26 4.74493212836325
24 26 2.5477075510270306
32 27 4.74493212836325
33 27 4.74493212836325
45 27 4.74493212836325
11 28 3.64631983969514
28 28 3.3586377672433594
34 28 4.457250055911469
30 29 4.74493212836325
42 29 4.74493212836325
43 29 4.74493212836325
42 30 4.74493212836325
43 30 4.74493212836325
53 30 4.051784947803305
5 31 4.051784947803305
7 31 3.240854731586976
33 32 4.74493212836325
44 32 4.74493212836325
45 32 4.74493212836325
44 33 4.74493212836325
45 33 4.74493212836325
57 33 4.74493212836325
11 34 2.9531726591351948
14 34 4.457250055911469
34 34 3.3586377672433594
36 34 2.1058747987479913
9 35 3.64631983969514
10 35 4.74493212836325
12 35 2.7990219793079367
36 36 3.5611620313548333
48 36 3.3098476030739272
59 36 1.1895840668738362
49 37 4.74493212836325
60 37 4.74493212836325
37 38 4.74493212836325
49 38 4.74493212836325
23 39 4.74493212836325
122 39 2.9531726591351948
132 39 3.64631983969514
0 40 1.3437347467010947
7 40 0.9382696385929302
11 40 0.9382696385929302
24 40 2.03688192726104
40 40 2.661036236334034
50 40 3.1354942159291497
41 41 3.3586377672433594
51 41 4.74493212836325
54 41 4.74493212836325
64 41 4.051784947803305
43 42 4.74493212836325
52 42 4.74493212836325
53 42 4.051784947803305
52 43 4.74493212836325
53 43 4.051784947803305
62 43 3.64631983969514
57 44 4.74493212836325
65 44 4.74493212836325
77 44 4.74493212836325
44 45 4.74493212836325
57 45 4.74493212836325
65 45 4.74493212836325
6 46 1.7004096906398272
9 46 2.3935568711997726
12 46 2.6448712994806782
46 46 3.155696923246669
9 47 3.64631983969514
10 47 4.74493212836325
35 47 4.74493212836325
9 48 2.5477075510270306
19 48 2.26002547857525
46 48 2.3935568711997726
48 48 2.5477075510270306
59 48 3.4231762883809305
49 49 3.3586377672433594
60 49 4.74493212836325
71 49 4.74493212836325
84 49 4.051784947803305
40 50 3.1354942159291497
54 51 4.74493212836325
64 51 4.74493212836325
88 51 4.74493212836325
62 52 3.64631983969514
76 52 4.74493212836325
89 52 4.74493212836325
1 53 4.051784947803305
26 53 4.051784947803305
52 53 4.051784947803305
62 53 2.9531726591351948
76 53 4.051784947803305
64 54 4.74493212836325
88 54 4.74493212836325
98 54 4.74493212836325
5 55 4.051784947803305
7 55 2.5477075510270306
31 55 4.74493212836325
5 56 4.051784947803305
31 56 4.74493212836325
55 56 4.74493212836325
65 57 4.74493212836325
77 57 4.74493212836325
100 57 4.74493212836325
10 58 4.74493212836325
35 58 4.74493212836325
47 58 4.74493212836325
16 59 3.1354942159291497
19 59 3.1354942159291497
21 59 2.4423470353692043
46 59 1.1895840668738362
48 59 2.730029107820985
59 59 2.91235066461494
69 59 2.4423470353692043
71 60 4.74493212836325
84 60 4.74493212836325
94 60 4.74493212836325
23 61 4.74493212836325
39 61 4.74493212836325
132 61 3.64631983969514
1 62 2.9531726591351948
26 62 4.339467020255086
53 62 3.64631983969514
62 62 2.5477075510270306
76 62 3.64631983969514
89 62 3.64631983969514
99 62 2.26002547857525
15 63 2.4423470353692043
17 63 3.4231762883809305
63 63 3.184284380098582
88 64 4.74493212836325
98 64 4.74493212836325
123 64 4.74493212836325
77 65 4.74493212836325
100 65 4.74493212836325
101 65 4.74493212836325
66 66 3.3586377672433594
78 66 3.176316210449405
31 67 4.74493212836325
55 67 4.74493212836325
56 67 4.74493212836325
35 68 4.74493212836325
47 68 4.74493212836325
58 68 4.74493212836325
16 69 3.3586377672433594
59 69 3.1354942159291497
63 69 2.847812143477369
47 70 4.74493212836325
58 70 4.74493212836325
68 70 4.74493212836325
84 71 4.74493212836325
94 71 4.74493212836325
113 71 4.74493212836325
39 72 4.74493212836325
61 72 4.74493212836325
73 72 4.74493212836325
23 73 4.74493212836325
39 73 4.74493212836325
61 73 4.74493212836325
53 74 4.051784947803305
62 74 4.339467020255086
69 75 4.051784947803305
78 75 2.9531726591351948
89 76 4.74493212836325
99 76 3.3586377672433594
125 76 3.3586377672433594
100 77 4.74493212836325
101 77 4.74493212836325
121 77 4.051784947803305
18 78 0.6505875661411493
20 78 2.5477075510270306
63 78 1.0560526742493137
69 78 2.26002547857525
75 78 3.3586377672433594
78 78 2.6083321728434656
83 78 2.9531726591351948
56 79 4.74493212836325
67 79 4.74493212836325
80 79 4.74493212836325
55 80 4.74493212836325
56 80 4.74493212836325
67 80 4.74493212836325
58 81 4.74493212836325
68 81 4.74493212836325
70 81 4.74493212836325
68 82 4.74493212836325
70 82 4.74493212836325
81 82 4.74493212836325
78 83 2.26002547857525
83 83 3.64631983969514
90 83 3.64631983969514
94 84 4.74493212836325
113 84 4.74493212836325
139 84 4.74493212836325
61 85 4.051784947803305
72 85 4.74493212836325
73 85 4.74493212836325
85 85 3.3586377672433594
62 86 3.64631983969514
74 86 4.74493212836325
87 86 4.74493212836325
62 87 4.339467020255086
74 87 4.74493212836325
98 88 4.74493212836325
123 88 4.74493212836325
124 88 2.9531726591351948
99 89 3.3586377672433594
125 89 4.051784947803305
20 90 2.5477075510270306
78 90 3.1073233389624533
90 90 2.5477075510270306
79 91 4.339467020255086
80 91 3.64631983969514
91 91 3.64631983969514
92 91 4.339467020255086
106 91 3.64631983969514
67 92 4.74493212836325
79 92 4.74493212836325
80 92 4.74493212836325
70 93 3.64631983969514
81 93 4.339467020255086
82 93 4.74493212836325
93 93 3.64631983969514
113 94 4.74493212836325
137 94 2.26002547857525
139 94 4.74493212836325
85 95 4.74493212836325
96 95 4.74493212836325
72 96 4.74493212836325
85 96 4.74493212836325
74 97 4.74493212836325
86 97 4.74493212836325
87 97 4.74493212836325
123 98 4.74493212836325
124 98 3.64631983969514
86 99 4.051784947803305
87 99 3.3586377672433594
97 99 4.457250055911469
99 99 3.0709556947915786
125 99 3.0709556947915786
101 100 4.74493212836325
121 100 4.74493212836325
121 101 4.74493212836325
131 101 4.74493212836325
78 102 1.16141318990714
90 102 4.157145463461131
102 102 3.64631983969514
104 103 4.74493212836325
105 103 4.051784947803305
125 103 3.3586377672433594
105 104 4.051784947803305
109 104 3.64631983969514
125 104 3.3586377672433594
91 105 2.9531726591351948
105 105 3.3586377672433594
109 105 4.339467020255086
91 106 4.339467020255086
92 106 4.74493212836325
93 107 3.64631983969514
111 107 4.051784947803305
112 107 4.74493212836325
102 108 4.339467020255086
108 108 3.64631983969514
91 109 3.64631983969514
105 109 2.9531726591351948
106 109 4.339467020255086
109 109 3.64631983969514
107 110 4.74493212836325
111 110 4.74493212836325
93 111 3.64631983969514
107 111 4.051784947803305
111 111 3.3586377672433594
112 111 4.74493212836325
93 112 4.74493212836325
137 113 2.9531726591351948
139 113 4.74493212836325
137 114 3.3586377672433594
85 115 2.9531726591351948
95 115 4.74493212836325
96 115 4.339467020255086
115 115 3.64631983969514
115 116 4.74493212836325
99 117 3.0709556947915786
117 117 3.0709556947915786
118 117 2.665490586683414
126 117 1.0560526742493137
99 118 2.1546649629174235
117 118 2.1546649629174235
118 118 2.624668592163159
119 118 2.665490586683414
126 118 2.085672091430472
118 119 2.1546649629174235
119 119 3.0709556947915786
126 119 2.1546649629174235
127 119 2.665490586683414
118 120 3.1354942159291497
119 120 3.3586377672433594
121 121 3.3586377672433594
129 121 3.3586377672433594
130 121 4.74493212836325
131 121 4.74493212836325
108 122 2.9531726591351948
122 122 3.5593084627055105
132 122 3.240854731586976
124 123 4.051784947803305
103 124 4.051784947803305
104 124 3.64631983969514
124 124 3.64631983969514
125 124 1.5668782980153044
105 125 3.3586377672433594
109 125 2.26002547857525
117 125 3.764102875351524
125 125 3.0709556947915786
118 126 2.085672091430472
119 126 1.0560526742493137
126 126 2.91235066461494
127 126 2.4423470353692043
110 127 2.9531726591351948
126 127 1.749199854809259
127 127 2.7708511023412403
134 127 3.86946339100935
135 127 3.64631983969514
118 128 2.4423470353692043
119 128 3.3586377672433594
120 128 4.74493212836325
119 129 2.665490586683414
120 129 4.74493212836325
128 129 4.74493212836325
129 129 3.3586377672433594
128 130 4.74493212836325
129 130 4.74493212836325
129 131 4.74493212836325
130 131 4.74493212836325
108 132 3.64631983969514
122 132 3.4639982829011857
132 132 2.5477075510270306
133 133 2.5477075510270306
136 133 3.64631983969514
137 133 2.9531726591351948
138 133 3.64631983969514
110 134 4.051784947803305
111 134 3.3586377672433594
127 134 2.9531726591351948
135 134 4.051784947803305
107 135 4.051784947803305
110 135 4.051784947803305
111 135 3.3586377672433594
127 135 2.9531726591351948
134 135 3.3586377672433594
137 136 3.3586377672433594
114 137 2.9531726591351948
115 137 2.26002547857525
116 137 3.3586377672433594
133 137 3.1073233389624533
136 137 2.9531726591351948
137 137 2.6083321728434656
138 137 2.9531726591351948
114 138 4.74493212836325
137 138 2.9531726591351948
133 139 3.64631983969514
137 139 2.9531726591351948
