0 0 0.35617072106154235
1 0 -2.643899954091047
3 0 -0.004842624475788126
6 0 0.11294041118059533
8 0 -0.5926292893779072
9 0 -3.0203775253259586
0 1 0.24647180380511788
6 1 0.8970593699462673
8 1 0.7792763342898839
9 1 -0.9553247210982223
6 2 2.8429695190015805
8 2 2.725186483345197
9 2 0.9905854279570908
0 3 -0.004842624475788126
1 3 2.976500911626103
0 4 -0.47484625372152356
1 4 2.6888188391743224
6 4 0.7635279773217447
7 4 2.8429695190015805
8 4 1.7443572303334711
9 4 -0.39570893316279976
2 5 4.922411060681417
6 5 2.8429695190015805
8 5 2.725186483345197
0 6 -2.7774313467155696
1 6 0.8970593699462673
3 6 2.8429695190015805
8 6 2.591655090720675
9 6 1.5502012158925136
8 7 2.725186483345197
9 7 1.683732608517036
9 8 2.0891977166252005
0 9 -3.0203775253259586
1 9 1.5295819286897778
4 9 1.9068761598312458
6 9 -1.088856113722745
7 9 0.9905854279570908
8 9 -1.2066391493791286
9 9 1.3894931355190963
11 9 -0.39570893316279976
12 9 1.8015156441734197
14 9 1.2782675004088717
15 9 -0.3311704120252284
4 10 1.5902065505062126
7 10 2.283353731066158
8 10 0.7792763342898839
9 10 1.4425705517001481
11 10 0.8970593699462673
12 10 1.5902065505062126
14 10 1.4724235148498293
15 10 0.26845071052389335
4 11 0.7635279773217447
7 11 2.1498223384416355
9 11 0.9905854279570908
10 11 2.8429695190015805
11 11 0.7635279773217447
12 11 1.45667515788169
13 11 2.8429695190015805
14 11 1.7443572303334711
10 12 1.5902065505062126
11 12 2.1498223384416355
13 12 2.8429695190015805
14 12 2.725186483345197
15 12 2.33214389523559
10 13 2.976500911626103
11 13 2.8429695190015805
14 13 2.725186483345197
9 14 -0.5134919688191832
10 14 2.1655706954097744
11 14 2.255182854099462
12 14 0.6457449416653613
13 14 2.725186483345197
14 14 0.5279619060089779
15 14 2.5820856397045238
2 15 2.907508040139152
4 15 0.13491931789937084
5 15 3.3129731482473166
6 15 0.13491931789937084
9 15 -1.0243175925851737
10 15 2.2143608595792066
11 15 2.4375044108934163
12 15 0.13491931789937084
15 15 2.396682416373161
