0 0 0.5229907398248463
1 0 -2.683401065827556
3 0 -1.179323669051282
6 0 0.3123312077264349
9 0 -0.22381222402384554
10 0 -2.634610901658124
14 0 -0.08071138038317227
16 0 -0.4861764884913367
18 0 -3.6216707044204863
0 1 0.14981227822866008
3 1 1.8545603704670852
6 1 1.4490952623589208
9 1 0.9382696385929302
10 1 -1.54663701119507
14 1 1.8545603704670852
16 1 1.8545603704670852
18 1 -0.587786664902119
0 2 0.612435800176773
0 3 -0.08071138038317227
1 3 2.5477075510270306
6 3 1.8545603704670852
0 4 -0.4861764884913367
1 4 2.2963931227461245
6 4 1.0436301542507564
7 4 2.5477075510270306
9 4 1.3437347467010947
10 4 -0.8534898306351247
14 4 1.8545603704670852
16 4 1.8545603704670852
0 5 -0.19849441603955578
1 5 1.4490952623589208
2 5 3.64631983969514
3 5 2.9531726591351948
8 5 3.64631983969514
0 6 -2.683401065827556
1 6 0.3504829736908112
3 6 1.8545603704670852
9 6 2.324563999712821
10 6 1.2259517110447113
9 7 2.4423470353692043
10 7 1.3437347467010947
0 8 -0.4861764884913367
1 8 2.5477075510270306
3 8 4.051784947803305
10 9 1.749199854809259
0 10 -2.971083138279337
1 10 1.0924203184201888
4 10 1.7114595268264121
6 10 -1.54663701119507
7 10 1.3437347467010947
9 10 -0.958850346292951
10 10 1.0671025104358989
11 10 -1.1411719030869056
12 10 0.6505875661411494
14 10 -0.04255961441879589
15 10 1.5950491749820006
17 10 1.3437347467010947
18 10 -0.8754687373538997
4 11 0.7559480817989755
10 11 1.4978854265283528
11 11 1.16141318990714
12 11 2.26002547857525
15 11 1.0072625100798818
10 12 1.3437347467010947
11 12 2.9531726591351948
10 13 1.0560526742493137
11 13 2.9531726591351948
12 13 2.665490586683414
15 13 1.4127276181880462
16 14 4.051784947803305
18 14 2.302585092994046
10 15 -0.6021754023542185
11 15 1.7004096906398272
12 15 2.7990219793079367
17 15 2.7990219793079367
18 15 1.9661128563728327
18 16 2.70805020110221
5 17 2.03688192726104
18 17 2.6390573296152584
0 18 -2.928523523860541
2 18 2.302585092994046
3 18 0.9162907318741551
5 18 2.5902671654458267
8 18 2.302585092994046
10 18 -1.3862943611198906
11 18 1.8971199848858813
13 18 2.70805020110221
15 18 -0.3364722366212129
18 18 1.8061482066801546
