0 0 0.1289038970924745
3 0 0.14660347419187544
4 0 -0.258861633916289
5 0 -2.8083068048418607
0 1 0.14660347419187544
0 2 -0.258861633916289
1 2 3.784189633918261
4 3 3.784189633918261
5 3 2.6210388241125804
5 4 3.0265039322207445
0 5 -2.8083068048418607
1 5 2.3978952727983702
2 5 2.3978952727983702
5 5 2.268818230523228
8 5 3.0265039322207445
9 5 2.6210388241125804
10 5 0.6469577980905706
1 6 2.8678989020441064
2 6 3.784189633918261
5 6 2.3978952727983702
2 7 2.8678989020441064
5 7 2.3978952727983702
6 7 3.784189633918261
9 8 3.784189633918261
10 8 3.196402969016142
7 9 2.174751721484161
10 9 3.532875205637355
5 10 0.6469577980905705
6 10 3.196402969016142
7 10 3.532875205637355
10 10 2.8317598554282326
