0 0 1.667414075402776
1 0 -2.764223404651967
3 0 0.26160690005930337
4 0 -1.3891861980567108
5 0 -0.5856909603279002
9 0 1.5723129038550379
10 0 -1.161055105231462
12 0 0.9755448502883226
13 0 -1.5665202133396263
14 0 -3.1506403177894367
15 0 0.5129213283402095
17 0 -2.9835862331262706
18 0 1.745065009632842
22 0 -1.5665202133396263
24 0 1.0519178290728965
26 0 -3.485279373328989
0 1 1.6039141178612475
1 1 -1.0785235073842363
3 1 0.6945438288316663
9 1 1.7438850684929934
10 1 -0.5739674966318408
12 1 0.9235524995982741
13 1 -1.763551563505677
14 1 -2.158087601081651
15 1 1.1000089369398305
16 1 -1.327739299008221
18 1 1.6390054376725178
21 1 0.8123268644880498
22 1 -2.183405409065941
24 1 0.25271107655262715
26 1 -3.185873837181149
0 2 1.54885434067822
3 2 2.0257784127685294
9 2 1.8811971839574217
10 2 0.7572670873050223
12 2 0.003495284928642142
16 2 0.6966424654885874
21 2 2.836708628984858
0 3 0.09356710807137793
1 3 1.505474045047995
3 3 1.4867819120358425
4 3 -0.9261512381270688
9 3 1.1190571319105251
10 3 2.1153905714582164
12 3 1.3616187690818364
13 3 -0.8377820876769786
21 3 1.8922470201440067
22 3 -1.1034852534099842
25 3 -0.9409663239122092
0 4 1.0305380451830717
1 4 1.800591095987294
2 4 0.018310370713782744
3 4 0.8656082311009863
4 4 -1.5473249190619247
6 4 1.964220519769096
9 4 0.7210270022898787
10 4 1.5430070546927925
12 4 0.6350845724891541
13 4 -1.545967145601464
14 4 -1.2938760182523859
15 4 1.5587554116609317
16 4 -1.5621400048470655
17 4 -1.5322870416973842
18 4 1.1169226593818924
19 4 1.964220519769096
21 4 1.2710733392091507
24 4 1.1169226593818924
0 5 -0.5995800724885674
1 5 1.505474045047995
3 5 2.179929092595788
4 5 0.172461050541041
9 5 1.5245222400186895
10 5 2.2977121282521713
12 5 1.25625825342401
13 5 -1.5309292682369238
2 6 4.2230029901047486
9 6 2.2176694205786345
21 6 4.782618778040171
0 7 0.4990322161795423
1 7 0.8123268644880498
2 7 3.5298558095448036
3 7 1.8922470201440067
9 7 1.5245222400186893
11 7 3.6840064893720617
12 7 0.5631110728640647
13 7 -1.1254641601287594
0 8 0.7867142886313232
2 8 3.4120727738884202
3 8 1.7744639844876233
4 8 -0.2330040575671235
9 8 0.020444843242415276
10 8 0.5059526590241161
11 8 3.5662234537156783
12 8 0.8507931453158456
13 8 -1.2432471957851428
20 8 3.971688561823843
24 8 2.0257784127685294
26 8 -1.4128065009652462
0 9 -2.0659171412819943
1 9 -0.6540102043053773
3 9 1.6298827556765159
4 9 0.497883450975669
9 9 -1.7335742980027926
10 9 1.1498287905772788
12 9 1.8048242051728478
13 9 0.15973408411976245
14 9 -2.1390394061109568
16 9 -0.21007881536941703
21 9 1.929987348126854
22 9 0.3205494356927535
23 9 -0.8733730327796811
25 9 -0.39240037216337165
0 10 -2.2735565060602387
1 10 0.6787954718635272
3 10 1.7587156275194842
4 10 0.29024408619742453
9 10 -0.1494541935529821
10 10 0.33605362222871876
12 10 1.7417660692057109
13 10 0.1623901281778786
16 10 -0.8231832882558259
19 10 0.9114177671322805
21 10 2.01003005580039
22 10 0.11291007091450908
23 10 -0.38786521699798027
25 10 -0.8231832882558259
26 10 -2.6813178264287534
0 11 -0.5995800724885674
1 11 1.1000089369398305
3 11 2.179929092595788
4 11 0.172461050541041
10 11 0.9114177671322805
12 11 1.7670838771900006
13 11 0.07850864419717656
22 11 -0.004872964741874548
0 12 -1.9433148191896619
1 12 0.2670998140047266
3 12 -0.2624179427734166
4 12 0.7746364528952596
9 12 -2.0164370840186248
10 12 0.41498088081838935
12 12 -1.1860887819451942
13 12 0.6711145955352444
16 12 -0.8984067094934133
17 12 -1.5617009269036775
19 12 0.8361943458946931
22 12 0.8486168658932502
23 12 -1.156235818795513
24 12 -0.011103514492510675
25 12 0.548512273442912
26 12 -2.0633940671063957
0 13 -1.4997414224328387
1 13 0.2768086281316875
2 13 -1.6877936539357785
3 13 -1.53364297410852
4 13 0.7262527101904751
5 13 -0.8404957935485748
7 13 0.48126004643374454
8 13 -1.9391080822166846
9 13 -2.083689311027792
10 13 -0.029565577332246032
11 13 -0.8404957935485748
12 13 -1.6588061170625261
13 13 0.7078758234587037
14 13 -1.3260036093302754
15 13 -0.8404957935485748
16 13 0.2581164951195349
17 13 -2.32210033447279
18 13 -0.9946464733758331
19 13 0.07579493832558026
21 13 -1.1281778660003556
22 13 0.7202769469042445
23 13 -2.8329259582387807
24 13 -1.6877936539357785
25 13 0.1817435163349609
26 13 -1.6000180430533928
0 14 -1.5550915175160036
1 14 0.1444974919123944
4 14 0.6985541464378203
6 14 1.8122043124704705
7 14 0.42590995135057985
9 14 -2.1390394061109568
10 14 -0.9603844097693107
13 14 0.771655824757122
14 14 -1.1582101530992304
15 14 0.020444843242415495
16 14 0.23175393690962265
17 14 -2.377450429555955
19 14 0.7135920238023608
22 14 0.7623821879717927
25 14 0.1576459647559005
26 14 -1.7805312810905634
4 15 0.172461050541041
5 15 2.585394200703952
10 15 0.9114177671322805
12 15 0.15764596475590031
13 15 0.07850864419717656
14 15 1.6298827556765159
22 15 0.6882742158180708
25 15 0.8507931453158456
1 16 0.05855506211166965
2 16 0.6966424654885874
4 16 -0.17584564372717482
5 16 1.5439403258757909
7 16 1.25625825342401
9 16 -0.6155439234775814
13 16 0.34538758901919436
14 16 1.6531396178407831
16 16 -0.19066072951231525
17 16 -1.5471021274825245
19 16 0.8507931453158456
22 16 0.339967521549855
23 16 0.9378045223054756
25 16 0.03248282180189428
26 16 -2.7419424482451884
0 17 -2.997475345286938
1 17 -0.38159560398438475
3 17 -0.911113360762528
4 17 -0.028209644921110104
5 17 1.2861112165736914
10 17 -0.7933303251061445
12 17 -2.24024930804247
13 17 0.1655200211868063
14 17 1.5543752031683709
16 17 0.6501224498536946
17 17 -0.2644861958374753
19 17 0.18749892790558167
22 17 -0.004872964741874437
23 17 1.7785877016714855
25 17 0.3988080215727887
26 17 -1.795798753221352
5 18 2.4312435208766936
8 18 2.0257784127685294
10 18 0.7572670873050223
13 18 -0.9919327675042366
14 18 0.9649064520832669
15 18 3.5298558095448036
17 18 0.03334824807832329
24 18 3.663387202169326
26 18 0.4479458397497601
2 19 2.4312435208766936
6 19 4.377153669932007
9 19 0.42590995135057974
13 19 -1.5309292682369238
14 19 1.6298827556765159
15 19 3.6840064893720617
17 19 0.880646108465527
22 19 0.6882742158180708
24 19 3.124390701436639
24 20 4.2230029901047486
26 20 1.4775652569309183
7 21 3.396324416920281
13 21 -1.1254641601287594
14 21 0.42590995135057985
16 21 2.6425526145439004
23 21 2.384723505241801
25 21 0.5631110728640647
26 21 0.09127089581102764
0 22 -3.189847237934394
1 22 -1.490258228505996
2 22 0.5341235359908124
3 22 -1.1034852534099842
4 22 -1.319193826236676
5 22 0.6882742158180708
7 22 1.4992044320343998
8 22 0.6882742158180708
11 22 0.6882742158180708
12 22 -2.432621200689926
13 22 -1.4821391040674916
14 22 0.6490535026647896
16 22 1.4385798102179648
17 22 0.6417542001831781
22 22 -1.4965278415195913
23 22 0.3052819635619652
25 22 1.5747119845425448
26 22 0.6928508828454827
0 23 -1.898863056618828
2 23 1.1319605367464332
5 23 1.2861112165736912
7 23 1.6915763246818556
13 23 -1.0384527831391295
14 23 1.2861112165736914
16 23 1.497420310240898
17 23 1.2861112165736914
22 23 -1.3041559488721353
23 23 -0.013171767556569486
25 23 1.497420310240898
26 23 -0.10939979965112318
8 24 2.0257784127685294
11 24 2.4312435208766936
13 24 -0.5864676593960726
14 24 0.9649064520832669
17 24 1.419642609198214
26 24 1.0357325046518793
0 25 -3.027328308436619
2 25 0.6966424654885874
5 25 0.8507931453158456
8 25 1.1384752177676267
10 25 -1.5163304688157713
11 25 0.15764596475590031
13 25 -2.0127673551296623
14 25 0.6372190450177868
16 25 -1.5769550906322058
17 25 1.3973368516839157
22 25 -1.0463268395700356
23 25 1.055587557961859
25 25 -1.1714899825240415
26 25 1.2653907369872828
0 26 -3.499168485489656
1 26 -3.185873837181149
2 26 0.4479458397497601
3 26 -2.1059536815251914
4 26 -1.8108366305858925
5 26 0.09127089581102764
8 26 1.4204068430909695
9 26 -3.1668256422104544
10 26 -2.6813178264287534
11 26 0.7844180763709729
12 26 -2.336477340137024
13 26 -1.9047890369297569
14 26 0.37895296826280894
16 26 -1.1325045358110877
17 26 1.2197361476288189
20 26 1.4775652569309183
22 26 -3.5976085583029085
23 26 0.828869838941807
24 26 -1.16149207268434
25 26 -1.2378650514689142
26 26 1.3635023572003304
