0 0 5.150397236471415
0 1 5.150397236471415
0 2 4.74493212836325
1 2 4.74493212836325
6 3 4.051784947803305
8 3 3.3586377672433594
9 3 -1.0358113874290793
3 4 4.051784947803305
6 4 4.051784947803305
8 4 3.3586377672433594
9 4 -1.7289585679890245
1 5 3.1354942159291497
2 5 3.1354942159291497
3 5 3.1354942159291497
4 5 3.1354942159291497
6 5 3.1354942159291497
7 5 3.1354942159291497
8 5 2.847812143477369
9 5 -1.9521021193032342
8 6 3.3586377672433594
9 6 -0.34266420686913396
0 7 2.9531726591351948
1 7 3.64631983969514
2 7 3.64631983969514
8 7 2.9531726591351948
9 7 -0.7481293149772983
9 8 0.06280090123903044
2 9 -1.0419652530034575
3 9 -1.0419652530034575
4 9 -0.3488180724435122
5 9 0.056647035664652214
6 9 -1.735112433563403
7 9 -0.3488180724435122
8 9 -1.735112433563403
9 9 0.031645733459234895
