0 0 0.01830224228873117
3 0 0.021157347725710998
4 0 -0.3843077603824534
5 0 -3.1568964826222348
0 1 0.021157347725710998
0 2 -0.3843077603824534
1 2 5.475765958600117
4 3 5.475765958600117
5 3 4.089471597480226
5 4 4.49493670558839
5 5 4.20725463313661
6 5 4.49493670558839
7 5 4.089471597480226
8 5 3.396324416920281
2 6 5.475765958600117
7 6 5.475765958600117
8 6 5.475765958600117
1 7 5.475765958600117
2 7 5.475765958600117
8 7 5.475765958600117
0 8 -1.0774549409423988
1 8 5.475765958600117
2 8 5.475765958600117
