0 0 1.3142212187699174
1 0 -1.2441525828999553
3 0 0.7315297244890281
4 0 -2.0624629064139066
6 0 0.7707504376423093
7 0 -1.0210090315857456
8 0 1.2671873239562006
9 0 -1.497933103676055
11 0 0.6529674019859258
12 0 -1.757081256862725
13 0 -2.6524258507386214
14 0 0.7707504376423093
15 0 -3.013439196275952
17 0 1.089204168760844
18 0 0.07760325708236397
20 0 0.36528532953414494
21 0 -1.3925725880182287
23 0 0.07760325708236397
24 0 -2.8401674750019152
25 0 -4.476273634518177
0 1 1.2482742988968896
1 1 -1.3674507992444491
3 1 0.6727700292821055
7 1 0.059665556395696706
8 1 1.3165018502787007
9 1 -0.822723623802777
11 1 0.6527292783986595
12 1 -1.829086178819668
14 1 0.9351342937495966
15 1 -1.9327646082945096
16 1 -2.4660630879125587
17 1 1.381421396378016
20 1 0.752812736955642
21 1 -1.5158708043627223
22 1 -1.1443072479302394
23 1 1.1582778450638065
24 1 -1.3540277789123083
0 2 1.321357155635366
8 2 1.6327358246589223
20 2 2.2977121282521713
24 2 0.4785536848360018
0 3 0.44808380884490173
1 3 1.5890607611562606
3 3 0.7513323517852079
4 3 -1.3086911040375266
8 3 0.8595459364254405
9 3 1.335280240380161
11 3 0.847123416426883
12 3 -1.8683068919729493
16 3 -1.4066715123977305
17 3 1.5245222400186893
18 3 2.2176694205786345
20 3 0.42590995135057974
21 3 -0.8619443369560584
23 3 2.2176694205786345
0 4 0.6853683889153694
1 4 1.5831610390290722
3 4 0.6372190450177867
4 4 -1.1714899825240415
8 4 0.6966424654885874
9 4 1.526548583163922
11 4 0.6966424654885874
12 4 -1.7311057704594641
13 4 -2.572383143065085
14 4 1.0331147021098004
15 4 -1.8347841999343055
17 4 0.9685761809722293
18 4 1.25625825342401
20 4 0.8507931453158456
21 4 -1.1302083235507376
0 5 0.6747299907103137
1 5 1.5637429531719707
3 5 1.1190571319105251
8 5 0.12865842788264834
9 5 1.9261485718196882
11 5 0.6394840516486388
12 5 -1.788264184299413
20 5 1.1990998395840615
21 5 -0.781901629282522
24 5 -0.620058603832108
2 6 4.782618778040171
8 6 1.920417897110703
20 6 3.6840064893720617
0 7 0.7617413676999434
2 7 4.089471597480226
10 7 4.377153669932007
11 7 0.23401894354047423
12 7 -1.0951170037394675
19 7 4.377153669932007
20 7 1.8922470201440067
23 7 2.585394200703952
24 7 0.07308857672783733
25 7 -0.869870402228479
0 8 -1.289529297013196
1 8 0.24198711318965127
2 8 0.5341235359908125
3 8 1.6067603382556617
4 8 -0.21964826638556756
6 8 1.920417897110703
8 8 -1.2294650562705458
9 8 0.632563608804065
11 8 1.627430772429229
12 8 0.1858168417225969
13 8 -1.9082234993783918
15 8 0.21566980487227805
16 8 -1.7039230358656619
17 8 -0.1590236445691328
18 8 1.227270716550758
20 8 1.6327358246589223
21 8 0.28772312251233556
23 8 0.12865842788264834
24 8 0.1813021613680703
25 8 -1.9403118139298925
0 9 -1.9124072817265851
1 9 0.681353772973497
3 9 1.622962312831942
4 9 0.19154751643158188
8 9 -0.34826564420766115
9 9 0.12746865974705945
11 9 1.6542148563360464
12 9 0.037396836604323504
13 9 -1.7201712678754522
15 9 0.40372203637521764
16 9 -1.5158708043627223
17 9 0.7221757674937521
20 9 1.0098578399455331
21 9 0.5329337678552237
24 9 0.10699012840351864
4 10 1.25625825342401
11 10 1.332631232208584
12 10 0.003495284928642142
20 10 2.9908593088121163
24 10 1.171700865395947
25 10 0.22874188643963073
0 11 -2.2827810700234794
1 11 -0.09448512343156165
4 11 0.7507096867588632
5 11 -0.4591282370194711
8 11 -2.2227168292808295
9 11 0.26792049521615585
11 11 -0.7310619525031127
12 11 0.7876142436943141
13 11 -0.704250695052456
15 11 0.544173871844314
16 11 -1.1930974120996714
21 11 1.056377855580426
22 11 -0.27680668022551635
24 11 0.49430204180414083
25 11 -1.1418041177121208
0 12 -1.3093319243093757
1 12 0.553541621847914
3 12 -1.175159711413004
4 12 1.1499635947743871
5 12 -1.788264184299413
8 12 -1.605942627505458
9 12 0.273785614668554
11 12 -1.6547327916748904
12 12 0.800320894963429
13 12 -1.7457045698806168
14 12 -0.912795446945513
15 12 -0.3794969673274635
16 12 -1.829086178819668
17 12 -1.3827990761912485
18 12 0.6966424654885874
20 12 -1.788264184299413
21 12 0.7193707165661436
22 12 -1.6059426275054582
24 12 0.45302038283083695
25 12 -1.218177096496695
0 13 -2.3737528482292065
1 13 -0.10541419396375186
4 13 0.759821367110119
5 13 -0.8377820876769785
8 13 -1.5027583912702274
9 13 -0.11073335544135184
11 13 -1.3973978756124013
12 13 1.0190409748981384
13 13 -0.6774394376017989
15 13 0.635523650432542
16 13 -1.2840691903053978
21 13 0.8188026031828237
24 13 0.17627281296306824
25 13 -1.5204579683696282
12 14 1.0331147021098004
13 14 1.6471245621110218
15 14 0.7752855928077007
21 14 0.09356710807137793
22 14 1.5637429531719707
0 15 -3.022448266218318
1 15 -0.1410051390664544
3 15 -0.1802258522197358
4 15 -0.04302473070625059
5 15 1.2861112165736912
8 15 -1.863771736807558
9 15 0.11603996392343671
12 15 0.40896039303680654
13 15 1.473852840836985
15 15 0.5464440203788532
16 15 -1.2396174277345642
21 15 0.5578727162024757
22 15 0.9984291441219103
24 15 0.3832435050316769
25 15 -2.862300566918685
0 16 -1.9463088334022665
1 16 -0.3866215462327228
4 16 0.11682397023564521
5 16 1.5637429531719707
9 16 0.09356710807137793
11 16 -1.5985625202078357
12 16 0.4900282161255883
13 16 1.407173892480431
15 16 0.6321847491670272
16 16 -2.4660630879125587
20 16 -0.6334816241642486
21 16 0.27588866486533264
22 16 1.5637429531719707
24 16 -0.05474479478204758
25 16 -1.7861611341026342
7 17 2.9908593088121163
10 17 3.396324416920281
12 17 -0.2841867875231389
13 17 0.9539773815510765
14 17 3.866328046166016
15 17 0.305281963561965
16 17 -0.22801651605608422
19 17 4.089471597480226
22 17 1.093739323926235
23 17 3.6840064893720617
25 17 -0.46440529412031456
5 18 2.9908593088121163
12 18 0.003495284928642142
13 18 0.9539773815510765
14 18 3.866328046166016
16 18 1.1582778450638065
23 18 3.6840064893720617
23 19 4.377153669932007
25 19 1.6150362475595212
2 20 2.2977121282521713
6 20 3.6840064893720617
8 20 -0.564488752677297
12 20 -1.0951170037394675
13 20 0.7716558247571219
15 20 0.9984291441219103
16 20 0.9759562882698517
21 20 -0.781901629282522
22 20 0.6882742158180708
24 20 1.4593829378477279
25 20 0.5164239588914117
1 21 -1.9213359124708869
4 21 -1.1302083235507376
5 21 1.0098578399455331
7 21 -0.08875444872257669
9 21 -1.6642908094809956
12 21 -1.4666805601719506
13 21 0.6152036479415842
15 21 1.3528025910723633
16 21 0.752812736955642
21 21 -0.565678520812886
22 21 0.49903221617954246
24 21 1.4932844895234094
25 21 0.7186608253863077
4 22 -1.0463268395700356
5 22 0.6882742158180708
9 22 -0.19411496438040288
12 22 -0.5073303388373486
13 22 0.9539773815510765
15 22 1.8738978814758103
16 22 0.4651306645038612
21 22 -0.5995800724885674
22 22 1.2760608807201899
24 22 1.066340349738121
25 22 0.22874188643963073
5 23 1.8922470201440067
7 23 3.2785413812638975
9 23 1.0098578399455331
10 23 3.6840064893720617
11 23 0.23401894354047423
12 23 -1.0951170037394675
13 23 -0.1446349071170332
16 23 1.4459599175155873
19 23 4.377153669932007
23 23 2.585394200703952
25 23 0.5164239588914117
1 24 -1.7729159073526135
2 24 0.4651306645038611
5 24 0.752812736955642
7 24 0.752812736955642
9 24 -1.5158708043627223
12 24 -1.4236210707115036
13 24 0.5877329865961934
15 24 -0.8341523196263997
16 24 1.5229209586517158
21 24 -1.9213359124708869
22 24 1.0529173294059802
24 24 -1.7594928870204727
25 24 1.304881319255682
0 25 -3.3919197716785767
1 25 -2.3022361137547684
2 25 1.139783262427642
4 25 -1.6934300816285741
5 25 0.3776432103807451
7 25 1.3221048192215967
9 25 -2.4506561188730416
10 25 0.9166397111134322
12 25 -1.2234264523828384
13 25 0.599543753455358
15 25 -1.2581120103707284
16 25 1.253111947734645
20 25 -1.568266938674568
21 25 -1.4698268658613154
22 25 0.5599647671746999
24 25 -2.001131020970847
25 25 1.3932007409053269
