0 0 1.2737750647684458
1 0 -1.5678065289582868
3 0 0.40627449706372293
4 0 -2.260953709518232
6 0 -0.18151216783839613
8 0 1.2375720161044854
9 0 -0.8746593483983415
11 0 -0.0715112726240677
12 0 -2.661778438069894
14 0 -0.8746593483983415
17 0 0.6939565695155038
18 0 -2.196415188380661
0 1 1.152992744083468
1 1 -0.6227663837981459
3 1 0.540384426007535
8 1 1.3876822863947387
11 1 0.5858468000842925
12 1 -2.122203401017918
16 1 2.1498223384416355
20 1 2.1498223384416355
22 1 -2.206886488247956
0 2 1.5902065505062126
0 3 -0.01923136192788776
1 3 1.6389967146756448
3 3 0.3172408746933253
8 3 1.0103880552532707
9 3 1.5212136790192612
11 3 1.055850429330028
12 3 -0.5535874831040725
14 3 0.540384426007535
16 3 2.6198259676873707
17 3 1.0103880552532707
20 3 2.6198259676873707
0 4 0.5522188836545379
1 4 1.7751288890002246
3 4 -0.15276275455241028
4 4 -0.6227663837981459
8 4 0.13491931789937084
9 4 1.45667515788169
11 4 1.0966724238502832
12 4 -1.4290562204579724
14 4 0.0703807967617994
17 4 0.540384426007535
18 4 -0.5582278626605744
1 5 1.45667515788169
3 5 2.6198259676873707
9 5 2.8429695190015805
0 6 0.49159426183810306
1 6 1.45667515788169
2 6 4.229263880121471
3 6 1.9266787871274256
10 6 3.536116699561526
10 7 4.229263880121471
11 7 2.259823233655964
12 7 0.6503853212218637
0 8 -2.2164559392641072
1 8 0.5403844260075351
3 8 1.7035352358132159
4 8 -0.5582278626605744
6 8 1.5212136790192614
8 8 -0.4936893415230035
9 8 1.115748570911097
10 8 1.5212136790192614
11 8 1.63121457423359
12 8 -0.2659054106522914
13 8 -0.5582278626605744
14 8 0.8280664984593161
16 8 2.2143608595792066
17 8 1.991217308264997
18 8 0.6049229471451064
19 8 0.26845071052389335
21 8 -0.6188524844770095
0 9 -1.3802079150634883
1 9 0.6834852696482083
3 9 1.153488898893944
4 9 0.9711673420999893
5 9 1.6643145226599347
9 9 -0.1274449465681205
11 9 1.8920984535306464
12 9 0.16487750544016266
13 9 -0.4151270190199013
14 9 0.9711673420999893
17 9 1.441170971345725
18 9 0.34255868267761513
21 9 -0.47575164083633625
0 10 -0.20155291872184225
1 10 1.45667515788169
3 10 1.9266787871274256
11 10 1.5666760530960187
12 10 0.6503853212218637
1 11 0.13491931789937084
4 11 1.0512100497735257
8 11 -0.4936893415230035
9 11 0.8280664984593161
12 11 0.9380673936736446
14 11 0.13491931789937084
15 11 -0.6188524844770095
17 11 0.6049229471451064
18 11 1.2980701277050517
21 11 0.7674418766428811
22 11 -2.142347967110385
0 12 -1.7056303154981165
1 12 0.5122135490408386
4 12 1.131252757447062
9 12 -0.047402238894584024
11 12 -0.6305485242402008
12 12 1.0084481904354439
13 12 -1.4336966000144746
14 12 0.5122135490408386
15 12 -1.4943212218309094
18 12 1.115748570911097
19 12 -0.6070180268300067
21 12 0.2974382473971455
22 12 -1.9192044157961752
0 13 -2.2809944604016783
1 13 0.0703807967617994
3 13 -0.15276275455241028
4 13 0.9866715286359544
9 13 -0.33508431134636485
12 13 1.2789939806442379
18 13 0.8280664984593161
21 13 0.415221283053529
22 13 -2.206886488247956
3 14 0.540384426007535
5 14 2.1498223384416355
9 14 0.3580628692135805
12 14 0.5168539285973409
13 14 1.45667515788169
18 14 0.13491931789937084
19 14 1.995671658614377
21 14 1.1083684636134743
22 14 -0.4151270190199011
1 15 -0.6833910056145807
2 15 2.0891977166252005
3 15 -0.2133873763688452
4 15 0.415221283053529
5 15 1.3960505360652553
6 15 1.3960505360652553
9 15 0.2974382473971455
12 15 0.5897606994054287
13 15 1.8015156441734197
18 15 0.07429469608293582
19 15 1.5295819286897778
21 15 0.6422787336888751
22 15 -1.1688988213962812
15 16 2.0891977166252005
20 16 4.922411060681417
22 16 0.5657022339918251
3 17 1.0103880552532707
5 17 2.6198259676873707
6 17 2.6198259676873707
9 17 0.8280664984593159
10 17 2.6198259676873707
12 17 -0.2659054106522914
13 17 1.2335316065674804
14 17 2.6198259676873707
19 17 1.367062999192003
21 17 0.47975980419110015
12 18 -1.3645176993204011
13 18 1.0512100497735257
14 18 1.5212136790192614
15 18 1.3270576645783039
19 18 0.9615978910838386
21 18 1.9460968729845274
22 18 0.3425586826776153
0 19 -1.4543158872172104
2 19 2.976500911626103
6 19 2.283353731066158
21 19 1.9350470367979422
22 19 1.1046987347245119
15 20 2.0891977166252005
19 20 2.976500911626103
22 20 0.5657022339918251
4 21 -0.6833910056145807
7 21 2.0891977166252005
12 21 -1.4896808422744072
13 21 1.1083684636134743
15 21 1.5585694655630302
19 21 0.14328756756988723
22 21 1.1336862715977643
4 22 -2.206886488247956
5 22 0.5657022339918251
6 22 -0.12744494656812025
7 22 1.2588494145517704
9 22 -1.9192044157961752
10 22 0.5657022339918251
11 22 -2.096885593033628
12 22 -1.7604133564124147
13 22 0.5011637128542539
15 22 1.0997847199220832
18 22 -2.142347967110385
19 22 0.4115515541645666
21 22 -1.1688988213962812
22 22 1.3027436081089956
