0 0 3.784189633918261
1 0 4.700480365792417
102 0 3.0910424533583156
117 0 4.477336814478206
0 1 4.477336814478206
1 1 4.007333185232471
117 1 4.007333185232471
14 2 -0.6225296133459919
19 2 4.700480365792417
6 3 4.882801922586371
5 4 4.007333185232471
6 4 3.784189633918261
7 4 4.007333185232471
8 4 4.700480365792417
15 4 3.6018680771243066
3 5 4.700480365792417
4 5 4.007333185232471
6 5 3.784189633918261
7 5 4.007333185232471
8 5 4.700480365792417
3 6 4.477336814478206
4 6 3.784189633918261
5 6 4.189654742026425
6 6 4.120661870539474
8 6 3.784189633918261
4 7 4.007333185232471
5 7 4.007333185232471
6 7 3.0910424533583156
15 7 3.6018680771243066
16 7 3.3141860046725258
18 7 3.3141860046725258
7 8 4.700480365792417
15 8 4.295015257684252
18 8 4.007333185232471
34 9 4.988162438244197
42 9 5.393627546352362
11 10 5.393627546352362
43 10 5.393627546352362
11 11 4.007333185232471
37 11 4.700480365792417
39 11 5.393627546352362
43 11 5.393627546352362
12 12 4.295015257684252
26 12 3.784189633918261
9 13 3.8531825054052127
13 13 3.5167102687839997
16 13 3.1600353248452673
34 13 1.6559579280689933
42 13 3.447717397297048
10 14 0.4760826753221178
11 14 -0.2170645052378275
12 14 -0.6225296133459919
13 14 -0.7766802931732503
14 14 0.42093085524703766
19 14 -0.9102116857977728
24 14 -0.7135013915517187
77 14 0.16592774701827817
78 14 -2.2319675257800924
81 14 0.07061756721395342
4 15 4.295015257684252
5 15 3.6018680771243066
7 15 4.295015257684252
14 15 -1.7211419020141019
15 15 3.196402969016142
16 15 2.908720896564361
18 15 2.908720896564361
14 16 -2.0088239744658827
16 16 3.71965111278069
17 16 4.923623917106625
18 16 2.6210388241125804
24 16 1.5649861498632665
17 17 4.007333185232471
18 17 4.923623917106625
7 18 3.3141860046725258
14 18 -2.0088239744658827
15 18 4.518158808998462
16 18 2.6210388241125804
18 18 3.71965111278069
24 18 0.8718389693033212
14 19 0.38907129833248794
19 19 2.6210388241125804
14 20 0.293761118528163
20 20 4.007333185232471
14 21 -1.3156767939059373
20 21 5.393627546352362
21 21 4.007333185232471
14 22 0.07061756721395342
19 22 4.007333185232471
14 23 -0.6225296133459919
19 23 4.007333185232471
22 23 5.393627546352362
14 24 -0.8676520713789769
24 24 2.929301604264382
27 24 2.663598438531376
14 25 0.293761118528163
25 25 4.007333185232471
26 26 4.37197629882038
46 26 4.882801922586371
47 26 3.784189633918261
49 26 4.477336814478206
27 27 4.412798293340635
29 27 5.10594547390058
31 27 4.007333185232471
14 28 -0.6225296133459919
25 28 5.393627546352362
31 29 5.393627546352362
25 30 5.10594547390058
28 30 5.393627546352362
30 30 4.007333185232471
31 31 4.295015257684252
50 31 4.295015257684252
51 31 5.393627546352362
52 31 4.988162438244197
28 32 5.393627546352362
30 32 5.393627546352362
62 33 5.393627546352362
63 33 5.393627546352362
33 34 5.393627546352362
34 34 4.295015257684252
62 34 3.6018680771243066
63 34 4.988162438244197
2 35 5.393627546352362
19 35 4.700480365792417
2 36 5.393627546352362
19 36 4.007333185232471
35 36 5.393627546352362
38 37 5.393627546352362
67 37 5.393627546352362
68 37 4.295015257684252
67 38 5.393627546352362
68 38 4.988162438244197
37 39 5.393627546352362
38 39 5.393627546352362
67 39 5.393627546352362
21 40 5.393627546352362
44 40 5.393627546352362
21 41 4.700480365792417
40 41 5.393627546352362
44 41 5.393627546352362
34 42 5.393627546352362
37 43 5.393627546352362
38 43 5.393627546352362
39 43 5.393627546352362
20 44 4.700480365792417
21 44 5.393627546352362
19 45 3.3141860046725258
22 45 5.393627546352362
23 45 5.393627546352362
45 45 4.007333185232471
47 46 5.393627546352362
48 46 5.393627546352362
49 46 5.393627546352362
48 47 5.393627546352362
82 47 5.393627546352362
83 47 5.393627546352362
82 48 5.393627546352362
83 48 5.393627546352362
89 48 4.700480365792417
47 49 5.393627546352362
48 49 5.393627546352362
83 49 5.393627546352362
55 50 5.393627546352362
56 50 4.700480365792417
50 51 5.393627546352362
52 51 5.393627546352362
55 51 4.700480365792417
50 52 5.393627546352362
55 52 5.393627546352362
30 53 5.10594547390058
32 53 5.393627546352362
53 53 4.007333185232471
32 54 5.393627546352362
53 54 5.393627546352362
55 55 4.007333185232471
56 55 5.393627546352362
57 55 4.007333185232471
56 56 4.007333185232471
57 56 5.393627546352362
59 56 4.700480365792417
54 57 4.700480365792417
57 57 4.007333185232471
58 57 5.393627546352362
59 57 5.393627546352362
53 58 5.393627546352362
54 58 5.393627546352362
53 59 4.700480365792417
54 59 5.393627546352362
58 59 5.393627546352362
35 60 5.393627546352362
36 60 5.393627546352362
64 60 5.393627546352362
61 61 4.412798293340635
65 61 3.3141860046725258
66 61 4.923623917106625
62 62 4.007333185232471
85 62 5.393627546352362
97 62 4.700480365792417
62 63 5.393627546352362
85 63 4.700480365792417
2 64 5.393627546352362
35 64 5.393627546352362
36 64 5.393627546352362
65 65 4.007333185232471
73 65 4.189654742026425
74 65 4.295015257684252
65 66 5.393627546352362
66 66 4.007333185232471
74 66 3.6018680771243066
68 67 5.393627546352362
68 68 4.295015257684252
70 68 4.700480365792417
40 69 5.393627546352362
41 69 5.393627546352362
44 69 4.700480365792417
69 69 4.007333185232471
41 70 4.007333185232471
69 70 4.923623917106625
70 70 4.412798293340635
14 71 0.4760826753221178
14 72 -1.3156767939059373
71 72 4.007333185232471
72 72 3.71965111278069
73 72 4.189654742026425
14 73 -2.2319675257800924
71 73 4.477336814478206
72 73 3.0910424533583156
73 73 3.5610460826040513
74 73 3.784189633918261
75 73 4.882801922586371
61 74 4.007333185232471
72 74 2.908720896564361
73 74 3.378724525810097
74 74 3.196402969016142
76 74 4.988162438244197
74 75 4.988162438244197
76 75 5.393627546352362
61 76 5.10594547390058
14 77 -0.4402080565520373
77 77 3.5610460826040513
78 77 3.784189633918261
72 78 4.189654742026425
78 78 4.37197629882038
23 79 4.700480365792417
45 79 5.393627546352362
79 79 4.007333185232471
80 80 4.295015257684252
93 80 4.988162438244197
80 81 4.988162438244197
81 81 4.295015257684252
89 82 5.393627546352362
99 82 4.700480365792417
82 83 5.393627546352362
89 83 5.393627546352362
36 84 4.700480365792417
60 84 5.393627546352362
64 84 5.393627546352362
84 84 4.007333185232471
85 85 4.007333185232471
94 85 4.700480365792417
95 85 5.393627546352362
97 85 5.393627546352362
45 86 4.700480365792417
79 86 5.393627546352362
79 87 5.393627546352362
86 87 5.393627546352362
14 88 -0.6225296133459919
91 88 5.393627546352362
89 89 4.007333185232471
99 89 5.393627546352362
110 89 4.700480365792417
101 90 5.393627546352362
102 90 4.700480365792417
14 91 0.293761118528163
91 91 4.007333185232471
90 92 5.393627546352362
92 92 4.007333185232471
101 92 4.007333185232471
102 92 4.700480365792417
90 93 4.295015257684252
92 93 5.211305989558407
93 93 4.295015257684252
103 94 5.393627546352362
104 94 5.393627546352362
105 94 5.393627546352362
94 95 5.393627546352362
103 95 5.393627546352362
104 95 5.393627546352362
60 96 4.700480365792417
84 96 5.393627546352362
96 96 4.007333185232471
94 97 5.393627546352362
95 97 5.393627546352362
103 97 5.393627546352362
79 98 4.700480365792417
86 98 5.393627546352362
87 98 5.393627546352362
99 99 4.007333185232471
110 99 5.393627546352362
111 99 5.393627546352362
112 99 4.700480365792417
88 100 5.393627546352362
91 100 5.393627546352362
0 101 3.0910424533583156
101 101 4.007333185232471
116 101 5.393627546352362
88 102 4.700480365792417
91 102 4.007333185232471
100 102 4.700480365792417
101 102 4.700480365792417
116 102 4.007333185232471
104 103 5.393627546352362
105 103 5.393627546352362
106 103 5.393627546352362
105 104 5.393627546352362
106 104 5.393627546352362
107 104 5.393627546352362
106 105 5.393627546352362
107 105 5.393627546352362
108 105 4.700480365792417
107 106 5.393627546352362
108 106 5.393627546352362
96 107 4.700480365792417
108 107 5.393627546352362
84 108 4.007333185232471
96 108 5.393627546352362
108 108 4.007333185232471
86 109 5.393627546352362
87 109 5.393627546352362
98 109 5.393627546352362
111 110 5.393627546352362
112 110 5.393627546352362
113 110 5.393627546352362
112 111 5.393627546352362
113 111 5.393627546352362
114 111 5.393627546352362
113 112 5.393627546352362
114 112 5.393627546352362
115 112 5.393627546352362
109 113 5.393627546352362
114 113 5.393627546352362
115 113 5.393627546352362
98 114 5.393627546352362
109 114 5.393627546352362
115 114 5.393627546352362
87 115 5.393627546352362
98 115 5.393627546352362
109 115 5.393627546352362
0 116 4.700480365792417
116 116 4.007333185232471
88 117 4.700480365792417
100 117 5.393627546352362
102 117 4.700480365792417
117 117 4.007333185232471
