0 0 0.11811219958298966
3 0 0.13491931789937084
4 0 -0.2705457902087937
5 0 -3.1037591342650095
8 0 0.13491931789937084
10 0 -0.2705457902087937
12 0 -3.1609175481049583
0 1 0.13491931789937064
0 2 -0.2705457902087937
1 2 3.823798772013307
4 3 4.229263880121471
5 3 2.782344897185146
5 4 3.1878100052933105
0 5 -2.6982940261568453
1 5 2.0891977166252005
2 5 2.0891977166252005
5 5 2.43403820291693
7 5 0.7029033555053099
9 5 3.1878100052933105
11 5 2.782344897185146
12 5 0.5851203198489265
1 6 3.536116699561526
2 6 3.536116699561526
5 6 2.494662824733365
2 7 3.536116699561526
5 7 2.31234126793941
6 7 3.536116699561526
10 8 4.922411060681417
12 8 3.4183336639051425
6 9 2.4375044108934163
7 9 2.4375044108934163
11 9 3.823798772013307
12 9 3.0128685557969783
12 10 3.823798772013307
5 11 0.9905854279570908
6 11 2.4375044108934163
7 11 3.1306515914533617
12 11 3.236012107111188
5 12 0.9905854279570908
6 12 3.1306515914533617
7 12 3.4183336639051425
12 12 2.8305469990030234
