0 0 3.45964097753223
115 0 2.9786683169159205
118 0 2.879822482279288
119 0 1.4447379569899652
121 0 1.62705951378392
123 0 4.33510971488613
124 0 4.33510971488613
125 0 4.33510971488613
0 1 4.33510971488613
1 1 3.418818983011975
115 1 0.32777652965365905
123 1 4.33510971488613
124 1 4.06067286918437
125 1 4.33510971488613
0 2 3.5127508028461785
1 2 3.659981039828863
2 2 3.490562887870816
123 2 3.035826730755869
125 2 2.342679550195924
126 2 3.7697959058360695
2 3 3.8831245911430727
3 3 3.2364974262180204
126 3 4.201578322261607
2 4 3.076648725276124
3 4 3.929644606777966
4 4 3.3748997490771395
5 4 3.2801724897206817
126 4 2.5276018886899356
2 5 1.9372144420877595
3 5 3.593172370156753
4 5 3.8213034629820015
5 5 3.4878118544989265
7 6 3.5022005919510257
133 6 4.33510971488613
134 6 4.33510971488613
7 7 3.4802216852322507
45 7 3.725344143265236
46 7 3.3968400762932
47 7 2.9043635911954055
83 7 2.29822778762509
84 7 3.279057040636816
85 7 3.1455256480122937
86 7 2.29822778762509
108 7 0.506468318397035
8 8 3.2364974262180204
17 8 3.747323049984011
20 8 2.389199565830817
22 8 1.8502030650981298
12 9 4.33510971488613
13 9 3.929644606777966
14 9 4.33510971488613
15 9 3.6419625343261846
9 10 3.418818983011975
10 10 2.50252825113782
11 10 3.6419625343261846
12 10 3.418818983011975
13 10 2.8508349454060355
14 10 3.418818983011975
15 10 2.7256718024520294
17 10 2.7256718024520294
18 10 3.8242840911201395
20 10 0.7797616533967164
27 10 3.8242840911201395
28 10 3.8242840911201395
10 11 2.0325246218920845
11 11 2.948815353766239
17 11 3.3700288188425427
18 11 4.33510971488613
20 11 1.6960523852708713
27 11 4.047427642434349
28 11 4.33510971488613
69 11 2.948815353766239
12 12 3.2364974262180204
13 12 4.02495478658229
14 12 4.33510971488613
15 12 4.33510971488613
12 13 2.7256718024520294
13 13 3.4516088058349657
14 13 2.7256718024520294
15 13 3.824284091120139
31 13 3.543982125965981
13 14 4.11196616357192
15 14 4.33510971488613
31 14 1.6270595137839199
13 15 3.418818983011975
15 15 2.948815353766239
31 15 3.7671256772801907
16 16 3.54665235452186
22 16 3.258970282070079
39 16 2.152325821704705
42 16 3.495359060134309
17 17 2.9095039335513513
18 17 1.6960523852708713
19 17 3.8555366346242437
20 17 1.4241186697872297
25 17 3.829561148220983
28 17 2.3891995658308165
35 17 3.4306534406589777
37 17 2.900025189596807
49 17 2.543350245658075
50 17 3.082346746390762
52 17 3.1623894540642983
57 17 0.4432894167755033
58 17 -0.008695706967553932
69 17 3.3382801205279624
70 17 2.6768816382825977
146 17 0.457678154227603
17 18 3.1623894540642983
18 18 2.948815353766239
20 18 2.3891995658308165
28 18 4.33510971488613
49 18 2.2556681732062938
50 18 3.6419625343261846
52 18 2.948815353766239
69 18 4.201578322261607
70 18 3.6419625343261846
25 19 4.33510971488613
35 19 4.33510971488613
37 19 4.33510971488613
146 19 2.8090534113910803
16 20 2.935743272198887
17 20 1.9096264855689304
19 20 2.3891995658308165
20 20 2.7458745097695494
21 20 2.8747073816125175
22 20 1.8138354209272547
23 20 2.9000251895968074
25 20 1.2905872771627072
39 20 1.8093810705778746
42 20 2.6123431171450266
49 20 2.1015174933790357
50 20 2.3891995658308165
52 20 2.3891995658308165
57 20 0.4432894167755035
58 20 0.6844514735923914
64 20 1.2905872771627072
69 20 2.3891995658308165
70 20 1.6960523852708713
16 21 2.993267116337073
20 21 2.794664673938981
21 21 2.948815353766239
22 21 1.9679861007545132
23 21 2.2556681732062938
39 21 2.7003539944677395
40 21 3.3542804618744038
42 21 1.9679861007545132
8 22 3.297122048034455
16 22 2.6303616226477047
17 22 2.543350245658075
19 22 1.5625209926463486
20 22 1.5625209926463488
22 22 2.760224183958689
23 22 1.5625209926463486
39 22 2.2354654658887743
42 22 3.171958905080449
135 22 0.8693738120864033
149 22 1.5625209926463486
8 23 3.929644606777966
16 23 2.918043695099486
17 23 2.494560081488643
20 23 1.9837344577226523
21 23 1.8502030650981298
22 23 3.1719589050804493
23 23 2.1378851375499104
42 23 1.8502030650981298
24 24 3.45964097753223
51 24 0.2407651526640294
63 24 2.543350245658075
71 24 4.292550100467334
25 25 3.2364974262180204
35 25 4.33510971488613
37 25 4.33510971488613
146 25 3.1455256480122937
10 26 3.8242840911201395
11 26 4.33510971488613
17 26 2.6768816382825977
18 26 4.33510971488613
26 26 3.2364974262180204
27 26 4.33510971488613
28 26 4.33510971488613
11 27 2.948815353766239
17 27 3.3700288188425427
18 27 4.33510971488613
20 27 2.3891995658308165
27 27 2.948815353766239
28 27 4.33510971488613
69 27 3.6419625343261846
17 28 2.900025189596807
20 28 2.3891995658308165
49 28 3.6419625343261846
50 28 4.33510971488613
52 28 3.6419625343261846
69 28 4.33510971488613
70 28 3.6419625343261846
29 29 3.4878118544989265
30 29 3.4878118544989265
32 29 3.4878118544989265
33 29 3.4878118544989265
76 29 3.929644606777966
77 29 4.33510971488613
82 29 4.33510971488613
24 30 1.6960523852708713
30 30 2.6405139941117226
32 30 3.4878118544989265
33 30 3.4878118544989265
72 30 3.7754939269507073
74 30 3.082346746390762
76 30 3.082346746390762
77 30 3.4878118544989265
78 30 3.5418790757692022
82 30 3.4878118544989265
10 31 3.4833575041495464
11 31 3.7671256772801907
17 31 0.7797616533967162
18 31 2.7256718024520294
26 31 4.266116843399178
27 31 3.5729696628392333
31 31 3.5729696628392333
24 32 4.33510971488613
32 32 3.45964097753223
33 32 3.6419625343261846
71 32 3.6419625343261846
24 33 4.33510971488613
32 33 3.6419625343261846
71 33 3.6419625343261846
34 34 3.2364974262180204
138 34 1.6960523852708715
143 34 4.33510971488613
35 35 3.45964097753223
37 35 4.33510971488613
144 35 3.2364974262180204
146 35 3.550990756120458
34 36 4.33510971488613
36 36 3.2364974262180204
38 36 4.33510971488613
41 36 4.33510971488613
143 36 3.9673849347608128
144 37 3.2364974262180204
146 37 3.8386728285722387
34 38 4.33510971488613
143 38 4.255067007212594
16 39 1.662777596385999
20 39 2.7812416536068403
21 39 2.620311286794203
22 39 0.8285518175661483
23 39 1.8093810705778746
39 39 2.709542420522146
40 39 2.9880360669195203
42 39 1.927164106234258
135 39 3.3675256886244243
136 39 2.3689968585132974
139 39 0.8649194617370232
147 39 3.2563000535142
148 39 3.4833575041495464
149 39 3.5141291628162996
20 40 3.7754939269507073
21 40 3.267269084884774
23 40 1.8502030650981298
39 40 2.9880360669195203
40 40 3.3542804618744038
34 41 4.33510971488613
38 41 4.33510971488613
143 41 4.168055630222963
16 42 2.748144658304088
21 42 0.8693738120864033
22 42 1.9679861007545132
39 42 3.131136910560194
42 42 2.6611332813144584
135 42 2.948815353766239
147 42 2.948815353766239
148 42 3.2364974262180204
149 42 4.047427642434349
34 43 3.619489678474126
36 43 3.7065010554637556
38 43 3.7065010554637556
41 43 3.7065010554637556
43 43 3.4076456824138495
44 43 3.632393083310034
143 43 2.1531526096806988
34 44 2.9000251895968074
36 44 4.180959035058872
38 44 3.4878118544989265
41 44 3.7754939269507073
43 44 3.5523503756364976
44 44 3.4878118544989265
143 44 1.6160096775973352
45 45 3.45964097753223
46 45 4.33510971488613
47 45 4.33510971488613
83 45 4.33510971488613
84 45 4.33510971488613
85 45 4.33510971488613
86 45 4.33510971488613
104 45 4.152788158092175
106 45 1.0172939421630258
108 45 4.33510971488613
47 46 4.33510971488613
83 46 4.33510971488613
84 46 4.33510971488613
85 46 4.33510971488613
86 46 4.33510971488613
104 46 4.33510971488613
106 46 2.1159062308311354
108 46 4.33510971488613
47 47 2.948815353766239
83 47 4.33510971488613
86 47 4.33510971488613
104 47 4.33510971488613
106 47 2.4523784674523483
108 47 4.33510971488613
111 47 1.1570558845381844
48 48 3.45964097753223
51 48 0.2407651526640294
56 48 3.2364974262180204
57 48 2.389199565830817
60 48 3.929644606777966
89 48 3.524179498669801
8 49 2.948815353766239
17 49 -0.09570708395718366
20 49 1.0029052047109261
22 49 2.1221367805817715
23 49 2.543350245658075
30 49 3.4878118544989265
49 49 2.6611332813144584
52 49 2.948815353766239
57 49 2.1015174933790357
58 49 2.342679550195924
64 49 4.047427642434349
70 49 2.2556681732062938
72 49 3.45964097753223
74 49 3.3542804618744038
78 49 1.1570558845381844
30 50 3.7754939269507073
49 50 4.047427642434349
52 50 3.6419625343261846
57 50 2.3891995658308165
58 50 2.6303616226477047
64 50 4.33510971488613
74 50 3.6419625343261846
48 51 4.318302596569749
51 51 3.5366020186683587
56 51 2.6203112867942036
57 51 0.08661447283677108
60 51 3.131136910560194
89 51 1.339377441332139
30 52 3.6419625343261846
49 52 3.6419625343261846
50 52 3.6419625343261846
52 52 2.948815353766239
57 52 2.3891995658308165
58 52 2.6303616226477047
64 52 4.33510971488613
69 52 2.2556681732062938
72 52 3.2364974262180204
74 52 2.948815353766239
78 52 1.1570558845381844
9 53 4.33510971488613
10 53 3.418818983011975
13 53 1.6270595137839199
54 53 4.122935194942494
9 54 3.960416265444719
10 54 3.0441255335705644
12 54 3.6419625343261846
13 54 2.704618393254197
14 54 3.3542804618744038
22 54 0.5816917396346226
23 54 1.8502030650981298
49 54 1.7856645439605583
54 54 3.126838469799979
56 54 1.9679861007545132
57 54 2.835486668459236
61 54 3.171958905080449
70 54 2.4788117245205035
54 55 3.334477834578224
55 55 2.948815353766239
56 55 2.7256718024520294
57 55 3.7754939269507073
65 55 2.948815353766239
66 55 4.33510971488613
67 55 4.33510971488613
68 55 3.2364974262180204
8 56 2.3202066943438653
9 56 1.6270595137839199
10 56 1.6270595137839199
22 56 1.7448425494403033
23 56 2.3202066943438653
49 56 1.339377441332139
53 56 4.33510971488613
54 56 3.1601244474334464
56 56 2.790210323589601
57 56 1.4729088339566616
60 56 2.543350245658075
61 56 2.7256718024520294
70 56 2.0325246218920845
88 56 3.0133538749038102
89 56 2.879822482279288
92 56 1.9719000000756493
8 57 2.6768816382825977
22 57 2.794664673938981
23 57 3.593172370156753
30 57 1.829583777895394
49 57 2.6123431171450266
56 57 2.794664673938981
57 57 2.7458745097695494
58 57 0.6844514735923914
60 57 1.6960523852708713
61 57 3.998637478264917
64 57 2.3891995658308165
70 57 3.3054902977049716
72 57 2.3891995658308165
74 57 1.6960523852708713
78 57 0.5974400966027618
88 57 2.3891995658308165
89 57 2.206878009036862
92 57 -0.44401377822539934
30 58 2.070745834712282
58 58 3.1502370819336134
62 58 3.7867934822046405
63 58 0.32777652965365905
64 58 2.6303616226477047
72 58 2.6303616226477047
74 58 1.9372144420877595
78 58 1.3982179413550724
91 58 3.1899774105831273
94 58 2.6303616226477047
59 59 3.5084311417016623
81 59 3.6419625343261846
56 60 3.2111796182337304
57 60 1.6960523852708713
60 60 3.5084311417016623
88 60 3.759745569982568
89 60 3.796113214153443
92 60 2.6413306540182786
8 61 4.33510971488613
20 61 2.3891995658308165
22 61 3.5084311417016623
23 61 3.929644606777966
49 61 2.948815353766239
70 61 3.6419625343261846
58 62 2.006207313574711
59 62 1.919195936585081
62 62 3.4996463121459294
63 62 3.5523503756364976
75 62 2.206878009036862
91 62 4.093947658069242
94 62 4.093947658069242
48 63 3.131136910560194
51 63 3.418818983011975
59 63 3.8242840911201395
63 63 2.50252825113782
75 63 2.3891995658308165
81 63 0.6887898751909896
30 64 3.7754939269507073
64 64 3.2364974262180204
72 64 4.33510971488613
74 64 3.6419625343261846
78 64 3.6419625343261846
54 65 3.334477834578224
55 65 4.047427642434349
56 65 2.0325246218920845
57 65 3.7754939269507073
65 65 2.948815353766239
66 65 4.33510971488613
67 65 4.33510971488613
68 65 3.2364974262180204
49 66 2.948815353766239
54 66 3.334477834578224
56 66 3.131136910560194
57 66 3.998637478264917
61 66 4.33510971488613
54 67 3.334477834578224
56 67 3.131136910560194
57 67 3.998637478264917
66 67 4.33510971488613
68 67 3.2364974262180204
54 68 2.2358655459101144
56 68 2.0325246218920845
57 68 2.9000251895968074
58 68 3.7289739113158142
61 68 3.2364974262180204
62 68 2.995335369401132
66 68 3.2364974262180204
68 68 2.1378851375499104
30 69 2.6123431171450266
49 69 4.047427642434349
50 69 4.33510971488613
52 69 4.201578322261607
57 69 2.3891995658308165
58 69 2.6303616226477047
64 69 4.248098337896501
69 69 3.3542804618744038
70 69 3.3542804618744038
8 70 3.6419625343261846
17 70 1.290587277162707
20 70 1.6960523852708713
22 70 2.815283961141717
23 70 3.2364974262180204
30 70 2.3891995658308165
49 70 3.3542804618744038
50 70 3.6419625343261846
52 70 3.6419625343261846
57 70 1.6960523852708713
58 70 1.9372144420877595
64 70 3.6419625343261846
69 70 2.2556681732062938
48 71 2.004353744925388
51 71 3.966458579900682
63 71 3.418818983011975
71 71 3.554951157336555
72 72 3.2364974262180204
78 72 4.217326679229746
80 72 3.2364974262180204
29 73 4.33510971488613
30 73 3.439021690329495
73 73 3.4878118544989265
76 73 2.6768816382825977
77 73 2.3891995658308165
82 73 3.8932769626070907
72 74 3.6419625343261846
75 74 3.082346746390762
76 74 2.543350245658075
78 74 3.554951157336555
80 74 1.339377441332139
81 74 1.1996154989569803
29 75 2.871037652723555
30 75 -0.6553228718926062
59 75 2.900025189596807
73 75 3.6884825499610776
75 75 3.105877243800956
76 75 2.3891995658308165
81 75 1.373968886101758
24 76 3.842633229788336
29 76 1.2905872771627072
32 76 3.929644606777966
33 76 3.929644606777966
71 76 0.7515907764300199
73 76 3.2364974262180204
75 76 2.1378851375499104
76 76 2.1378851375499104
77 76 3.6419625343261846
24 77 4.33510971488613
32 77 4.33510971488613
33 77 4.33510971488613
71 77 1.8502030650981298
76 77 2.543350245658075
77 77 2.948815353766239
72 78 1.4447379569899652
78 78 3.554951157336555
80 78 4.090912754374088
93 78 -1.1702218210462327
95 78 3.2364974262180204
96 78 2.1378851375499104
97 78 3.2364974262180204
74 79 3.6419625343261846
75 79 3.5931723701567524
76 79 3.2364974262180204
81 79 2.29822778762509
78 80 0.6462302607721937
80 80 3.5366020186683587
93 80 2.080152670881339
95 80 4.33510971488613
96 80 4.301208163210449
97 80 4.33510971488613
74 81 3.1455256480122937
75 81 2.6768816382825977
76 81 1.4872975714087613
79 81 3.9076657000591903
81 81 3.457748829380192
24 82 3.796113214153443
32 82 4.33510971488613
33 82 4.33510971488613
76 82 3.929644606777966
77 82 4.33510971488613
82 82 2.948815353766239
86 83 3.6419625343261846
104 83 4.33510971488613
106 83 2.4523784674523483
108 83 4.33510971488613
111 83 2.1378851375499104
47 84 4.33510971488613
83 84 4.33510971488613
85 84 4.33510971488613
86 84 4.33510971488613
104 84 4.33510971488613
106 84 2.29822778762509
108 84 4.33510971488613
47 85 4.33510971488613
83 85 4.33510971488613
86 85 4.33510971488613
104 85 4.33510971488613
106 85 2.4523784674523483
108 85 4.33510971488613
83 86 3.6419625343261846
86 86 2.948815353766239
104 86 4.33510971488613
106 86 2.4523784674523483
108 86 4.33510971488613
111 86 2.1378851375499104
87 87 5.097249766933027
88 88 2.948815353766239
89 88 2.543350245658075
90 88 3.6419625343261846
92 88 4.027625015138169
56 89 2.4379897300002487
57 89 0.5974400966027618
60 89 2.948815353766239
88 89 4.152788158092175
89 89 3.45964097753223
90 89 2.543350245658075
92 89 3.4237089683061668
54 90 2.8236522108122335
55 90 4.33510971488613
57 90 2.794664673938981
65 90 4.33510971488613
66 90 4.33510971488613
67 90 4.33510971488613
68 90 3.2364974262180204
90 90 2.948815353766239
92 90 2.600508659498024
59 91 3.960416265444719
63 91 3.824284091120139
75 91 2.900025189596807
91 91 2.948815353766239
94 91 4.33510971488613
54 92 2.069880408435853
55 92 3.8997916436282845
57 92 0.6545985104427103
65 92 3.986803020617914
66 92 3.4478065198852272
67 92 3.6991209481661333
68 92 2.4827256238416404
90 92 4.027625015138169
92 92 3.559032154995452
58 93 2.413297117409877
62 93 1.2013561434347642
68 93 2.8902211895001866
93 93 3.112523344046205
59 94 4.201578322261607
63 94 3.824284091120139
75 94 2.900025189596807
93 95 3.0194329209801927
96 95 4.33510971488613
97 95 3.6419625343261846
93 96 3.260594977797081
96 96 3.2364974262180204
93 97 3.0194329209801927
95 97 3.6419625343261846
96 97 4.33510971488613
97 97 2.948815353766239
87 98 5.097249766933027
87 99 4.90309375249207
98 99 4.90309375249207
99 99 3.516799391372179
87 100 4.691784658824862
98 100 4.691784658824862
99 100 4.691784658824862
100 100 3.3054902977049716
87 101 4.189692715027626
98 101 4.38640300927368
99 101 4.38640300927368
100 101 4.38640300927368
101 101 3.5597244360892124
87 102 2.794664673938981
98 102 4.33510971488613
99 102 4.33510971488613
100 102 4.33510971488613
101 102 4.33510971488613
102 102 2.948815353766239
98 103 4.33510971488613
99 103 4.33510971488613
100 103 4.33510971488613
101 103 4.33510971488613
102 103 4.33510971488613
106 104 2.4523784674523483
111 104 2.831032318109856
105 105 3.2364974262180204
106 105 1.1996154989569805
111 105 3.208326549251324
112 105 3.2364974262180204
105 106 3.1455256480122937
106 106 2.849527519318855
111 106 2.0166995807476873
112 106 1.1996154989569803
113 106 0.7941503908488159
99 107 2.6611332813144584
100 107 3.5084311417016623
101 107 4.2366696420728776
102 107 4.33510971488613
103 107 4.33510971488613
107 107 3.5084311417016623
104 108 4.33510971488613
106 108 2.4523784674523483
108 108 2.948815353766239
111 108 2.6233929533316114
106 109 1.6161304432517296
109 109 3.331807606022345
110 109 3.6419625343261846
111 109 -0.010549275616876718
106 110 3.1455256480122933
111 110 0.7515907764300199
102 111 1.1570558845381844
103 111 1.8502030650981298
106 111 -0.3044618978192937
107 111 2.7664937969722847
109 111 2.1378851375499104
111 111 2.8413951051454025
112 111 3.2364974262180204
113 111 3.208326549251324
101 112 2.2556681732062938
102 112 4.33510971488613
103 112 4.33510971488613
107 112 4.33510971488613
113 112 4.33510971488613
101 113 3.3542804618744038
102 113 4.33510971488613
103 113 4.33510971488613
107 113 4.33510971488613
113 113 3.2364974262180204
114 114 2.7256718024520294
115 114 2.3018575556756686
116 114 2.2368250854048144
117 114 2.0325246218920845
120 114 2.7256718024520294
122 114 2.7256718024520294
130 114 2.5025282511378197
131 114 1.7040205549200482
114 115 1.8093810705778746
115 115 1.8419042622834345
116 115 2.001752963225331
117 115 1.244067261527814
118 115 3.035826730755869
119 115 3.035826730755869
120 115 3.035826730755869
121 115 3.035826730755869
122 115 2.748144658304088
130 115 2.6303616226477047
131 115 2.085634447206033
114 116 1.6270595137839199
115 116 2.1469349730698286
116 116 2.903352979689482
117 116 1.0880630130512328
120 116 2.6386604254623998
122 116 1.1570558845381842
132 116 2.425567210001691
114 117 3.4988616906855112
117 117 3.45964097753223
120 117 2.543350245658075
122 117 2.543350245658075
115 118 1.7140708907735498
116 118 3.0621440390732424
118 118 3.418818983011975
119 118 3.8242840911201395
121 118 3.418818983011975
115 119 1.5317493339795953
116 119 3.2364974262180204
118 119 3.418818983011975
119 119 3.2364974262180204
121 119 3.0133538749038107
114 120 1.5216989981260935
117 120 4.152788158092175
120 120 2.948815353766239
122 120 4.33510971488613
116 121 2.9880360669195207
118 121 3.8242840911201395
119 121 4.024954786582291
121 121 3.418818983011975
114 122 2.9880360669195203
117 122 4.152788158092175
122 122 3.5084311417016623
115 123 3.035826730755869
118 123 3.418818983011975
119 123 3.2364974262180204
121 123 3.418818983011975
124 123 4.33510971488613
125 123 4.33510971488613
115 124 3.0358267307558693
118 124 3.8888226122577105
119 124 3.8242840911201395
121 124 4.33510971488613
124 124 3.418818983011975
115 125 3.035826730755869
118 125 3.418818983011975
119 125 3.2364974262180204
121 125 3.9784347709473975
124 125 4.33510971488613
125 125 2.948815353766239
0 126 3.2364974262180204
1 126 4.257148173416418
2 126 3.413120961897337
123 126 2.2556681732062938
124 126 0.6462302607721937
125 126 2.2556681732062938
126 126 3.5084311417016623
6 127 0.9678138848996559
7 127 -2.167680331029494
127 127 3.304300529569383
128 127 2.3367165033076773
129 127 2.9137240339549693
133 127 0.9678138848996559
134 127 0.9678138848996559
6 128 3.5327632423611925
7 128 1.38766773045992
127 128 0.3085682560153919
128 128 3.3241031568655623
129 128 3.047255426579492
133 128 3.1078800483959266
134 128 3.3657091576980265
6 129 3.6419625343261846
7 129 2.7036928957332544
128 129 2.9827169054419205
133 129 3.6419625343261846
134 129 3.6419625343261846
130 130 3.2364974262180204
131 130 3.3134584673541485
132 130 2.6487107613159013
114 131 1.5862375192636646
115 131 1.8963924475675042
127 131 0.051523153025500826
130 131 3.195675431697765
131 131 3.101364752226524
132 131 2.3742739156141406
114 132 0.7107687819097649
115 132 0.9439626690774761
127 132 2.3724573846877433
131 132 2.3421856010626403
132 132 2.9082219568009857
7 133 3.873764148383509
133 133 2.948815353766239
7 134 3.6845221487449806
133 134 4.33510971488613
134 134 3.2364974262180204
135 135 2.948815353766239
136 135 4.047427642434349
139 135 3.3906481060452784
147 135 3.6419625343261846
148 135 3.6419625343261846
136 136 2.948815353766239
138 136 1.0029052047109261
139 136 3.6783301784970592
4 137 2.6611332813144584
5 137 2.3891995658308165
137 137 2.948815353766239
142 137 4.121535614588071
137 138 3.998637478264917
138 138 3.261687675046579
139 138 0.00965343170064278
140 138 1.248027662743911
141 138 1.878373942064826
142 138 3.6197393975414744
136 139 2.831032318109856
137 139 1.0392728488818008
138 139 1.9555635807559562
139 139 3.3002640445770095
140 139 1.4630870956581616
141 139 3.0133538749038102
142 139 0.26608296064831927
43 140 0.3461256683218556
140 140 3.208326549251324
141 140 1.8502030650981298
150 140 3.1082430906943417
43 141 2.7256718024520294
44 141 3.0823467463907623
140 141 2.879822482279288
141 141 2.50252825113782
150 141 1.914741586235701
4 142 3.2316781397820713
5 142 3.5854503240628426
137 142 2.6864510892987483
142 142 3.561919826652648
137 143 1.7701603574245932
138 143 3.7754939269507073
139 143 0.7769085844143098
142 143 -0.7947890000369434
143 143 3.561919826652648
21 144 2.948815353766239
39 144 1.4039159624697102
40 144 1.8502030650981298
144 144 3.2364974262180204
145 144 3.929644606777966
146 144 3.3198790351570713
21 145 3.3542804618744038
39 145 3.195675431697765
40 145 4.047427642434349
145 145 3.2364974262180204
21 146 2.3782704952986267
39 146 1.5360877355781932
40 146 1.6050806070651444
144 146 3.6563512717782842
145 146 3.6845221487449806
146 146 3.3968400762932
135 147 3.6419625343261846
136 147 4.047427642434349
139 147 3.524179498669801
147 147 2.948815353766239
135 148 3.6419625343261846
136 148 3.6419625343261846
139 148 3.3418579418758467
147 148 4.33510971488613
148 148 3.2364974262180204
135 149 4.33510971488613
136 149 3.6419625343261846
139 149 2.985182997937114
147 149 4.33510971488613
148 149 4.33510971488613
43 150 3.5729696628392333
44 150 3.2830174418529134
141 150 3.1675045547310687
150 150 3.524179498669801
