0 0 0.9269756319741714
3 0 0.9915141531117426
4 0 0.5860490450035782
5 0 -2.2173113359029566
0 1 0.9915141531117426
0 2 0.5860490450035782
1 2 3.3586377672433594
4 3 3.3586377672433594
5 3 1.9415717474567153
5 4 2.3470368555648795
5 5 1.9108000887899614
7 5 1.9415717474567153
8 5 -1.4596256342054401
9 5 1.5166885534914494
10 5 -0.13786979422312065
11 5 0.38342712941016527
12 5 -2.2779359577193916
5 6 0.6606379019946509
9 6 2.0621997352453296
11 6 1.5491787209159034
12 6 -0.13135511320192703
10 7 2.665490586683414
11 7 1.8004931491968095
12 7 0.11995931507897897
5 8 -0.07333127308554951
6 8 2.03688192726104
9 8 1.4178427188548166
10 8 1.749199854809259
11 8 1.6573923055561361
12 8 -0.796331416795176
6 9 -0.017241806434506103
7 9 2.179982770901713
8 9 0.1650797503594486
10 9 0.7936884097818225
11 9 1.8004931491968095
12 9 0.4994489367838828
11 10 1.8004931491968095
12 10 0.8131064956389242
5 11 -1.6960144122696708
6 11 0.2964157524205356
8 11 0.19105523676270922
12 11 1.1073459686368643
0 12 -3.3457765877207475
1 12 0.8131064956389242
2 12 1.2185716037470886
5 12 -3.376548246387501
6 12 0.6307849388449698
8 12 1.0754707601064155
9 12 -0.49907989332724434
10 12 0.5254244231871433
11 12 -1.0327201948594065
12 12 0.8032541991959126
