0 0 0.2236394293383794
1 0 -3.139438994220166
3 0 -1.5300010817860659
4 0 -3.03407847856234
7 0 0.010443959161083094
9 0 -0.431388793117956
10 0 -2.649232657656911
0 1 0.19276551595503794
3 1 2.3978952727983702
7 1 0.6061358035703155
7 2 2.908720896564361
9 2 2.908720896564361
10 2 1.5018072482417348
0 3 -0.431388793117956
1 3 3.0910424533583156
7 3 2.2155737160044158
0 4 -0.2614897563225586
1 4 3.0910424533583156
3 4 2.5032557884561966
8 4 2.5032557884561966
8 5 4.700480365792417
9 5 2.908720896564361
10 5 1.5018072482417348
2 6 4.700480365792417
7 6 2.908720896564361
9 6 2.908720896564361
0 7 -3.321760551014121
1 7 1.2992829841302609
3 7 2.2155737160044158
4 7 1.404643499788087
9 7 2.8217095195747315
10 7 1.9613395776201752
0 8 -1.5300010817860659
1 8 2.3978952727983702
3 8 4.007333185232471
9 8 2.2155737160044158
10 8 1.5018072482417348
0 9 -3.321760551014121
1 9 1.2992829841302609
4 9 1.404643499788087
10 9 2.450887802938881
0 10 -3.119236286902647
1 10 1.3964467325839085
4 10 1.869532028367052
10 10 1.7996416921575338
11 10 0.40319495957362517
12 10 2.19495442880168
14 10 2.6004195369098446
15 10 2.19495442880168
16 10 0.3566749439387324
0 11 -1.9354661898942302
1 11 1.992430164690206
3 11 2.908720896564361
4 11 2.5032557884561966
8 11 2.908720896564361
10 11 1.9072723563498992
10 12 2.19495442880168
11 12 3.6018680771243066
1 13 2.174751721484161
4 13 2.6855773452501515
5 13 3.784189633918261
8 13 3.784189633918261
9 13 1.2992829841302609
10 13 0.5855165163675797
11 13 3.378724525810097
10 14 -0.002270148534539297
11 14 2.0977906803480324
12 14 3.196402969016142
15 14 3.196402969016142
16 14 2.7444178452730847
16 15 3.4011973816621555
2 16 2.995732273553991
4 16 1.203972804325936
5 16 2.995732273553991
6 16 3.4011973816621555
7 16 0.5108256237659906
8 16 1.6094379124341003
10 16 -1.589235205116581
11 16 2.5902671654458267
13 16 3.4011973816621555
16 16 2.3895964699836756
