17 0 4.922411060681417
26 0 4.922411060681417
28 0 4.922411060681417
0 1 4.922411060681417
17 1 4.922411060681417
26 1 4.922411060681417
2 2 3.823798772013307
7 2 3.823798772013307
19 2 -1.6400330330123032
20 2 2.4375044108934163
3 3 3.536116699561526
4 3 4.922411060681417
5 3 4.229263880121471
4 4 3.536116699561526
5 4 4.922411060681417
11 4 4.922411060681417
43 4 3.536116699561526
11 5 4.922411060681417
43 5 4.922411060681417
6 6 3.823798772013307
8 6 4.740089503887462
27 6 2.4375044108934163
2 7 4.334624395779298
7 7 2.725186483345197
19 7 -0.9468858524523579
20 7 1.7443572303334711
8 8 3.536116699561526
27 8 4.452407431435681
19 9 -0.5414207443441934
23 9 3.1306515914533617
25 9 3.536116699561526
10 10 3.823798772013307
13 10 4.922411060681417
15 10 4.516945952573252
16 10 3.1306515914533617
43 11 4.922411060681417
49 11 4.922411060681417
9 12 4.922411060681417
23 12 3.1306515914533617
25 12 3.536116699561526
15 13 4.922411060681417
16 13 4.229263880121471
57 13 3.1306515914533617
9 14 4.922411060681417
12 14 4.922411060681417
25 14 3.536116699561526
16 15 4.229263880121471
57 15 3.823798772013307
9 16 4.229263880121471
12 16 4.229263880121471
14 16 4.229263880121471
57 16 3.536116699561526
26 17 4.922411060681417
28 17 4.922411060681417
32 17 4.922411060681417
2 18 2.2143608595792066
7 18 3.823798772013307
18 18 3.900759813149435
6 19 0.15172643621575188
19 19 0.49903562416684233
20 19 -0.8291028167959743
22 19 -1.2345679249041388
29 19 -0.7645642956584031
31 19 0.5571915443239164
19 20 -1.5222499973559196
20 20 3.4715781784239548
21 20 3.536116699561526
3 21 4.740089503887462
4 21 3.1306515914533617
21 21 3.823798772013307
19 22 -1.6400330330123032
22 22 2.725186483345197
23 22 2.0320393027852517
24 22 1.4259034992149364
19 23 -1.6400330330123032
23 23 3.536116699561526
25 23 3.536116699561526
29 23 0.13491931789937064
22 24 1.4259034992149364
24 24 3.422457381089005
10 25 4.229263880121471
19 25 -1.927715105464084
23 25 1.7443572303334711
25 25 3.248434627109745
29 25 0.540384426007535
28 26 4.922411060681417
32 26 4.922411060681417
37 26 4.922411060681417
18 27 3.7184382563554808
27 27 3.9415818076696905
32 28 4.922411060681417
37 28 4.922411060681417
40 28 4.922411060681417
19 29 -0.5414207443441934
29 29 2.457307038189596
33 29 2.8429695190015805
34 29 0.540384426007535
19 30 0.15172643621575188
29 30 1.9266787871274256
22 31 3.1306515914533617
37 32 4.922411060681417
40 32 4.922411060681417
46 32 4.922411060681417
33 33 3.536116699561526
34 33 4.229263880121471
36 33 3.1306515914533617
19 34 -1.2345679249041388
29 34 1.6389967146756448
30 34 3.536116699561526
34 34 2.1498223384416355
36 34 3.823798772013307
41 34 3.536116699561526
29 35 1.9266787871274256
30 35 4.922411060681417
34 35 3.536116699561526
29 36 1.5212136790192612
34 36 2.4375044108934163
36 36 2.725186483345197
41 36 4.516945952573252
47 36 4.229263880121471
40 37 4.922411060681417
46 37 4.922411060681417
52 37 3.312973148247316
30 38 4.229263880121471
34 38 3.536116699561526
35 38 4.922411060681417
38 38 3.536116699561526
29 39 1.2335316065674804
34 39 3.536116699561526
36 39 3.823798772013307
39 39 3.536116699561526
46 40 4.922411060681417
52 40 3.312973148247316
56 40 3.1306515914533617
47 41 4.922411060681417
52 41 3.312973148247316
35 42 4.229263880121471
38 42 4.922411060681417
42 42 3.536116699561526
43 43 3.536116699561526
49 43 4.922411060681417
54 43 3.9415818076696905
36 44 3.823798772013307
39 44 4.922411060681417
39 45 4.634728988229636
44 45 4.922411060681417
45 45 3.536116699561526
52 46 3.312973148247316
56 46 3.823798772013307
47 47 3.536116699561526
52 47 4.229263880121471
38 48 3.1306515914533617
42 48 4.740089503887462
48 48 3.823798772013307
54 49 4.634728988229636
44 50 4.922411060681417
45 50 4.922411060681417
12 51 4.922411060681417
14 51 4.922411060681417
16 51 4.229263880121471
45 52 3.7184382563554808
50 52 4.411585436915426
52 52 3.495294705041271
56 52 2.6198259676873707
48 53 4.740089503887462
53 53 3.536116699561526
0 54 4.229263880121471
1 54 4.634728988229636
17 54 3.536116699561526
54 54 3.9415818076696905
14 55 4.922411060681417
16 55 4.229263880121471
51 55 4.922411060681417
56 56 3.823798772013307
58 56 3.3129731482473166
16 57 2.4375044108934163
51 57 3.823798772013307
55 57 4.229263880121471
57 57 3.823798772013307
48 58 2.2143608595792066
53 58 4.229263880121471
58 58 3.900759813149435
