0 0 1.620810873369036
1 0 -1.7155378615521941
3 0 0.1397830891656054
6 0 1.718449342932952
9 0 1.246195993953201
10 0 -1.4596044874149936
11 0 -1.0541393793068292
12 0 0.5644869591816775
13 0 -1.7172342148003727
14 0 -2.258112183632765
15 0 1.0253021623730068
16 0 -2.845898848534884
18 0 1.8726000227602102
20 0 0.6198370542648423
21 0 -1.5061245030498864
23 0 1.3129842348247875
24 0 -2.2068188892452145
25 0 -3.5898183544682527
0 1 1.336935533791834
1 1 -1.3922084503701755
3 1 0.5501238773372539
4 1 -2.0012725137195795
9 1 1.6962771107743635
10 1 -0.8485930037811942
12 1 1.0862673090875343
13 1 -1.2473013294264785
15 1 0.43234084168087017
16 1 -1.1362750762329752
18 1 1.3486315735550252
20 1 0.65548439299508
21 1 -1.7424108798032902
24 1 -2.2889545861713603
0 2 1.108430039336239
1 2 0.7424957699847097
3 2 1.5862158090240295
9 2 1.8850711820739354
12 2 0.6952428851341643
13 2 -0.8173452013100185
0 3 0.5587951403984961
1 3 1.7416741616646325
3 3 1.669103468829797
9 3 0.8693465532115934
10 3 1.7744639844876233
12 3 0.49044847248815093
13 3 -2.1207519026241415
15 3 1.2636383607216326
16 3 -0.30497755719221264
19 3 1.7744639844876233
20 3 1.081316803927678
21 3 -1.6042605413224735
22 3 -0.38502026486574886
0 4 0.7850298842823787
1 4 1.736397104563789
3 4 0.4518854377538403
4 4 -0.8185771078409285
9 4 1.0872130474249595
10 4 1.3149316551091832
12 4 0.8959135805963152
13 4 -1.7693540157862528
14 4 -2.2561647633483695
15 4 0.5164239588914117
16 4 -1.745339139582379
18 4 0.33410240209745695
19 4 2.125861871325512
20 4 1.0272495826574022
23 4 1.0272495826574022
24 4 -2.2048714689608193
25 4 -3.182405826075693
0 5 -0.020035212481552014
1 5 1.2880069517385906
3 5 1.6617233615321745
4 5 -0.7073514727307041
9 5 0.861966445913971
10 5 2.3171302141092727
12 5 1.107222674263522
13 5 -0.9649812001160831
20 5 0.8507931453158456
21 5 -1.1416370193743604
11 6 4.089471597480226
12 6 1.994525869264425
21 6 1.6915763246818556
3 7 2.192351612594345
10 7 1.8922470201440067
11 7 4.089471597480226
12 7 1.3013786887044796
13 7 -0.21120939773970301
0 8 0.21048844613028025
2 8 3.971688561823843
3 8 0.6882742158180709
4 8 -0.07136270601070749
9 8 0.5816644807598126
11 8 3.501684932578107
12 8 1.406739204362306
13 8 -1.0221396139560317
16 8 0.10048755091595182
20 8 1.4867819120358425
21 8 -0.5056482526543639
0 9 -1.463487987441391
1 9 0.02687573357270601
3 9 1.4302115605474481
4 9 -0.02257254184127543
5 9 -0.7586447671182546
9 9 -1.3154555041260687
10 9 0.10048755091595202
12 9 1.6378509253256928
13 9 0.3388369391795689
14 9 -1.6143108771759747
16 9 0.28280910770990636
17 9 -1.0753143764432875
20 9 1.7868865044861806
21 9 0.16218111992129175
24 9 -0.17672322166853366
25 9 -3.233699120463243
0 10 -0.9526623636754007
1 10 0.7608449086529064
3 10 2.1351931987543966
4 10 0.33410240209745695
5 10 -0.24781914335226396
9 10 -0.3991647722519137
10 10 0.9477854113031553
12 10 1.406739204362306
13 10 -0.01053870227755188
14 10 -1.1034852534099842
15 10 0.9759562882698517
16 10 -0.18719452153582916
17 10 -1.6631010413454068
19 10 1.4867819120358425
20 10 1.4867819120358425
21 10 -1.1987954332143091
24 10 -0.6467268509142692
1 11 -0.037662787564865345
3 11 1.4992044320343998
4 11 0.0464203296456761
5 11 1.25625825342401
10 11 0.5059526590241161
12 11 1.7068437968126442
13 11 0.011934153574506712
16 11 0.9114177671322805
20 11 1.6045649476922257
21 11 0.7107470716701295
24 11 -0.24126174280610496
0 12 -2.0543563188809184
1 12 0.16997657721337933
4 12 0.724063323669656
5 12 -0.8386874747917911
9 12 -2.0886453923595503
10 12 -0.49038078052357537
12 12 -1.4867142200712666
13 12 0.9615108630821286
14 12 -1.0012064042895659
16 12 -0.08491567241541093
17 12 -2.2539693727849337
19 12 0.8959135805963152
21 12 0.6526832707153684
22 12 -1.2635706687570571
24 12 0.1486991787660943
25 12 -1.5219823589087247
0 13 -1.5745142406348949
1 13 0.3250953113272729
3 13 -1.4151822020656388
4 13 0.9606750920347324
9 13 -1.2986483858096873
10 13 -0.21120939773970301
12 13 -2.0830115746412945
13 13 0.732498631562849
14 13 -1.1920386507514291
15 13 -1.127500129613858
16 13 0.011934153574506712
17 13 -0.9939687369893353
19 13 0.4819377828202423
20 13 -1.3098216864078127
21 13 0.8797982915431873
22 13 -1.6775464665331299
23 13 -0.6166745058478673
24 13 0.42787056154996667
25 13 -1.4941254044057584
0 14 -2.6674607917673274
1 14 -0.14302330322269152
4 14 0.87932945258078
5 14 -1.0463268395700356
7 14 1.093739323926235
8 14 -0.4103380728500389
9 14 -1.6031375765778497
10 14 -0.18719452153582916
11 14 -0.29255503719365555
12 14 -1.6943535848495113
13 14 0.8705957726120255
14 14 -0.9857022177536009
16 14 0.40059214336628973
17 14 -1.3629964488950688
21 14 0.893068628464084
24 14 0.2893665082560654
25 14 -2.828234012355079
4 15 0.5164239588914117
7 15 3.866328046166016
10 15 0.9759562882698517
13 15 -0.4343529490539127
14 15 1.5637429531719707
16 15 1.381421396378016
21 15 0.7752855928077007
22 15 1.994525869264425
0 16 -2.1566351680013365
1 16 -0.03766278756486546
3 16 -0.2925550371936554
4 16 -0.13590122714827862
5 16 1.4104089332512686
7 16 1.6045649476922257
8 16 0.10048755091595182
9 16 -1.7854591333718044
10 16 0.10048755091595182
11 16 0.21827058657233517
12 16 -1.1835279610835208
13 16 0.2216546845565759
14 16 1.442046018194451
16 16 -0.4748765939876102
17 16 -1.9507831137971876
21 16 0.5284255148761748
22 16 1.1190571319105251
24 16 0.26956388095988576
25 16 -1.624261208029143
0 17 -2.5339293991428047
1 17 -0.5972785755002877
3 17 -0.6698492683351235
4 17 -0.04319182904401097
5 17 1.5721112028424875
8 17 0.4163405003344291
9 17 -1.469606183953327
10 17 0.28280910770990636
12 17 -0.8676750116650431
13 17 0.2938855513173028
14 17 1.38853886414688
16 17 0.5341235359908125
17 17 -2.328077344938656
21 17 0.008030440094033364
22 17 1.658053632643212
24 17 -0.10773035018158217
25 17 -1.7784118878564013
4 18 0.33410240209745695
6 18 4.377153669932007
11 18 2.2977121282521713
12 18 0.20276640003636995
13 18 -1.3098216864078127
14 18 1.0937393239262352
15 18 3.8663280461660166
17 18 0.12865842788264834
21 18 -0.10018314454619937
23 18 3.971688561823843
25 18 0.1674982611989121
14 19 0.6882742158180708
15 19 4.154010118617797
16 19 1.1990998395840615
21 19 0.5929640360137459
22 19 1.8122043124704703
23 19 3.971688561823843
25 19 0.45518033365069305
1 20 0.25001928488691544
5 20 2.460231057749946
10 20 0.10048755091595182
13 20 -0.9043565782996483
14 20 1.0937393239262352
16 20 1.758715627519484
17 20 0.8218056084425936
21 20 -0.7933303251061447
24 20 0.9627110615198311
25 20 -0.9311140274691976
4 21 -1.658327762592749
5 21 0.8042731296809529
7 21 0.9984291441219103
8 21 -0.5056482526543639
10 21 -1.1987954332143091
11 21 0.305281963561965
12 21 -2.482810945213781
13 21 -1.1050272737617992
14 21 0.7752855928077007
16 21 1.254362518259111
17 21 0.9088169854322233
21 21 -1.39946612867646
22 21 0.8313750594587442
24 21 1.4551875466176254
25 21 0.4776531895027516
1 22 -1.2163177839065116
2 22 2.2176694205786345
3 22 -0.3725977448671918
4 22 -1.1322346666959702
5 22 0.7707504376423093
7 22 2.91081660113858
8 22 2.099886384922251
10 22 -0.67270233731753
11 22 1.5245222400186893
13 22 -1.6775464665331299
14 22 0.4747001155200118
16 22 1.4375108630290596
17 22 -0.2390663522426692
21 22 -1.5665202133396263
22 22 1.0390144242369885
24 22 1.413296604908465
25 22 0.3751376259771565
14 23 0.6882742158180708
17 23 0.8218056084425936
25 23 1.707943302146061
0 24 -3.309314677939722
1 24 -1.190342297503251
2 24 1.1450326183137856
5 24 1.2021910321537344
8 24 1.4327146907655668
9 24 -2.2449914627502445
10 24 -0.35904477846248833
11 24 0.8573505458620048
12 24 -1.6430602904619607
13 24 -1.5462104644720431
14 24 0.40059214336628973
16 24 -0.4235832996000595
17 24 1.3963470465946919
21 24 -1.9460098350445303
22 24 0.9779785336506195
24 24 -1.7994063608526547
25 24 1.1646410897021622
0 25 -4.286849035054596
1 25 -3.266488943286234
2 25 0.8606454417588574
4 25 -2.4892586455157475
5 25 -0.586273541177468
8 25 1.1483275142106384
9 25 -3.222525819865118
10 25 -2.029726316137307
11 25 0.3906418125131218
12 25 -2.6205946475768345
13 25 -1.5682333765594803
14 25 0.4676028536492502
16 25 -1.624261208029143
17 25 1.1971176783800705
20 25 -1.624261208029143
21 25 -2.5180790840512395
22 25 0.3751376259771565
24 25 -1.6783284292994187
25 25 1.4495316119943935
