0 0 0.3145959062212163
5 0 0.37548427589622857
8 0 -0.38665577615066815
9 0 -2.3325659252059814
0 1 0.37548427589622857
0 2 0.3754842758962284
0 3 -0.43544594032010026
1 3 2.9531726591351948
6 3 2.9531726591351948
8 3 1.3437347467010947
9 3 0.09097177820572679
0 4 -0.31766290466371677
2 4 3.3586377672433594
7 4 3.3586377672433594
8 4 1.0560526742493137
9 4 -0.19671029424605427
8 5 2.4423470353692043
9 5 1.8827312474337818
8 6 2.4423470353692043
9 6 1.8827312474337816
8 7 2.4423470353692043
9 7 1.8827312474337816
9 8 2.2881963555419462
0 9 -2.892181713141404
1 9 1.8827312474337816
3 9 2.2881963555419462
6 9 1.8827312474337816
8 9 -0.419853845560264
9 9 1.4408984951547426
10 9 2.2881963555419462
11 9 1.8827312474337816
12 9 -0.7563260821814769
11 10 3.3586377672433594
12 10 2.1058747987479913
12 11 2.511339906856156
0 12 -2.956720234278975
2 12 2.1058747987479913
4 12 2.511339906856156
7 12 2.1058747987479913
8 12 -0.8898574748059997
12 12 2.174867670234943
