0 0 2.30973539447657
1 0 1.3954669079831825
6 0 1.8502030650981298
7 0 3.6419625343261846
8 0 2.948815353766239
9 0 2.948815353766239
10 0 1.6678815083041751
11 0 2.831032318109856
12 0 1.5878388006306385
13 0 1.4447379569899652
14 0 1.1570558845381844
21 0 0.4639087039782391
22 0 2.4480400658537502
24 0 1.7448425494403035
29 0 2.1378851375499104
30 0 -0.2292384765817062
33 0 0.8087491902699686
35 0 0.004376374599799003
0 1 1.2662551765031764
1 1 1.7701603574245932
2 1 2.509117074015833
4 1 0.21681191164153638
5 1 0.8256987485837418
7 1 1.7701603574245932
8 1 1.0770131768646478
9 1 1.0770131768646478
11 1 1.322135634897633
12 1 1.3001567281788575
13 1 2.5994397123091186
14 1 1.7056218362870221
16 1 -0.8138371950076381
18 1 1.2311638566919063
19 1 2.781761269103073
21 1 -1.4078934729233523
22 1 0.18319530084255142
24 1 2.175625465532758
25 1 -1.9187190966893433
29 1 -0.0215991118034617
30 1 1.3001567281788575
33 1 -0.8399094353174131
36 1 0.5661875530986573
44 1 1.2593347336586027
0 2 2.4098188530335523
1 2 2.4788117245205035
2 2 3.220749069249881
11 2 1.667881508304175
13 2 1.8502030650981298
22 2 1.8036830494632368
24 2 -0.0469169197877516
30 2 0.17622663152645804
36 2 0.2407651526640292
3 3 2.790037178406933
16 3 0.23378953892760398
25 3 0.7826813635000509
30 3 0.9206671064739539
38 3 0.6285306836727929
44 3 1.9784574006218087
4 4 2.149649979129497
5 4 1.7476875015725346
15 4 2.175625465532758
16 4 1.927002828917563
25 4 1.0770131768646478
26 4 1.7701603574245932
27 4 0.7515907764300199
28 4 3.1564547185444836
31 4 1.9524819142185479
37 4 1.6366289648000707
46 4 1.2593347336586027
1 5 0.8398833835756981
4 5 1.4600054291207536
5 5 1.765209852264737
12 5 1.3646952493164288
14 5 -0.5213748993828674
15 5 1.4447379569899652
16 5 1.1732758284049478
19 5 0.5284472251158101
24 5 0.9984508543615458
25 5 0.17177228117707788
26 5 1.3646952493164288
27 5 1.3516475339239533
28 5 2.607888766795646
29 5 1.3757450855030138
31 5 1.5580666422969685
36 5 0.7107687819097649
37 5 0.9339123332239745
38 5 0.3053036738016003
40 5 0.5284472251158101
43 5 0.12298211700764582
46 5 0.8649194617370232
10 6 3.929644606777966
21 6 2.948815353766239
23 6 4.33510971488613
33 6 2.888190731949804
35 6 2.4892830243877992
7 7 2.948815353766239
10 7 2.543350245658075
11 7 2.831032318109856
21 7 3.1029660335934977
22 7 3.32350880320765
29 7 3.2364974262180204
33 7 2.600508659498024
1 8 0.38386599630470253
12 8 3.2742377542008674
14 8 2.7256718024520294
24 8 2.0325246218920845
1 9 0.38386599630470253
8 9 4.33510971488613
12 9 3.1564547185444836
14 9 2.7256718024520294
24 9 2.0325246218920845
6 10 2.543350245658075
10 10 3.054175869424066
21 10 2.6975009254853335
23 10 3.929644606777966
33 10 3.1758728044015854
35 10 2.5946435400456256
36 10 1.4447379569899652
42 10 2.3202066943438653
0 11 2.486191831818126
1 11 0.7515907764300199
7 11 3.2364974262180204
10 11 1.4447379569899652
11 11 2.936392833767682
21 11 2.3610286888641205
22 11 3.4035515108811865
29 11 2.4255672100016916
30 11 0.7515907764300199
33 11 1.789578443281695
36 11 0.8161292975675911
0 12 0.789331104412867
1 12 1.969956544741812
2 12 1.0770131768646478
5 12 1.1621709852049547
8 12 2.175625465532758
9 12 2.175625465532758
12 12 2.4536456270728015
13 12 0.38386599630470253
14 12 1.9314285050207156
19 12 1.0770131768646478
24 12 1.6647998417667669
29 12 1.7701603574245932
30 12 0.38386599630470253
36 12 0.5661875530986573
0 13 0.7515907764300199
1 13 0.3838659963047028
2 13 2.8618039767766095
11 13 3.118714390561637
13 13 3.054175869424066
18 13 2.831032318109856
22 13 3.035826730755869
24 13 2.1866753017193425
30 13 2.2556681732062938
36 13 2.1378851375499104
0 14 1.8989932292675618
1 14 1.5312684491422444
2 14 -0.7400641003476969
8 14 2.7256718024520294
9 14 2.948815353766239
12 14 2.285973522701623
13 14 -0.4523820278959159
14 14 2.854504674294998
19 14 1.339377441332139
24 14 1.8700056923943096
30 14 2.2556681732062938
36 14 0.5772373892852423
44 14 0.42308670945798416
1 15 1.077013176864648
5 15 1.732420029441746
12 15 0.6715480687564837
15 15 2.948815353766239
24 15 2.0325246218920845
26 15 3.197276713064739
28 15 2.543350245658075
31 15 0.9339123332239747
37 15 2.543350245658075
43 15 1.8502030650981298
46 15 0.9339123332239747
1 16 -1.5069843755675834
4 16 1.4887478979864077
5 16 1.2943537599581838
15 16 -1.426941667894047
16 16 1.7881534341342478
18 16 0.36481780133400804
25 16 1.8688951981102822
26 16 -2.2001315561275288
27 16 1.671647991099652
31 16 1.4634300900021178
37 16 1.5812131256585014
38 16 1.6457516467960722
40 16 2.667402894328054
43 16 1.568790605659944
44 16 1.3944372185151666
3 17 2.0350277521102025
17 17 3.998637478264917
2 18 1.1570558845381844
5 18 0.12298211700764582
11 18 2.4255672100016916
13 18 1.4447379569899652
16 18 1.7511121624538988
18 18 2.1378851375499104
22 18 2.6303616226477047
27 18 2.1378851375499104
30 18 1.1570558845381844
36 18 1.2215944056757555
38 18 1.6270595137839199
1 19 0.38386599630470253
12 19 1.7701603574245932
14 19 3.2852875903874525
24 19 2.7256718024520294
30 19 2.2556681732062938
36 19 1.6270595137839199
44 19 2.7256718024520294
20 20 2.948815353766239
35 20 3.262472912621281
38 20 1.6270595137839199
41 20 3.3365808847750027
0 21 0.05844359587007458
6 21 2.543350245658075
10 21 2.948815353766239
21 21 2.891656939926291
23 21 2.948815353766239
30 21 1.3801994358523941
31 21 1.62705951378392
33 21 3.0600409888764637
35 21 2.6434337042150577
36 21 1.4447379569899652
42 21 1.339377441332139
0 22 3.1158694384294057
1 22 1.1214649394354816
7 22 2.342679550195924
10 22 1.5317493339795953
11 22 2.6303616226477047
21 22 2.7845123024749627
22 22 2.8351560352937177
29 22 1.9372144420877595
30 22 -0.1422270995920765
33 22 1.8765898202713245
35 22 0.0913877515894285
30 23 2.2556681732062938
33 23 2.195043551389859
35 23 1.3906707357196897
36 23 3.0133538749038102
39 23 4.33510971488613
42 23 4.33510971488613
46 23 2.7256718024520294
0 24 0.2407651526640294
1 24 1.4824782849728126
2 24 2.2556681732062938
5 24 0.423086709457984
11 24 2.0325246218920845
12 24 2.0325246218920845
13 24 2.4379897300002487
14 24 1.9271641062342582
18 24 2.0325246218920845
22 24 1.4263888183217686
24 24 1.339377441332139
29 24 1.62705951378392
30 24 2.2556681732062938
36 24 1.7223696935882449
1 25 -1.2255719161293976
4 25 1.7362588057489117
5 25 0.2182922968119706
16 25 1.8980943528025445
18 25 -0.16469995544413504
25 25 2.459968636719024
27 25 0.1836067388240807
31 25 1.1162338900179294
38 25 2.286305142668184
40 25 2.0325246218920845
43 25 2.0325246218920845
44 25 1.889423778251411
1 26 1.252903843328312
5 26 1.3646952493164286
12 26 0.3038232886311662
15 26 3.561919826652648
24 26 0.5661875530986573
26 26 3.316084864136368
28 26 2.4633075379845386
31 26 1.2593347336586027
37 26 2.3987690168469675
43 26 1.5878388006306388
46 26 1.2593347336586027
1 27 -0.427064219911626
4 27 2.0784617170791098
5 27 1.7407188322564413
15 27 -1.040168692798035
16 27 1.4352592130354216
18 27 2.217927845223447
27 27 2.355457643814665
31 27 1.2215944056757555
37 27 1.4447379569899652
38 27 1.1790347912569596
40 27 0.7515907764300199
43 27 1.0392728488818008
15 28 3.2364974262180204
26 28 3.561919826652648
31 28 2.7256718024520294
37 28 3.6419625343261846
43 28 2.543350245658075
46 28 2.7256718024520294
1 29 0.8946916200706931
5 29 1.2215944056757555
10 29 1.4447379569899652
12 29 1.3646952493164288
20 29 3.2364974262180204
21 29 2.6975009254853335
22 29 0.8386021534196499
32 29 2.948815353766239
33 29 2.195043551389859
35 29 2.083817916279635
38 29 0.5284472251158102
41 29 1.3906707357196897
0 30 2.1686567962166645
1 30 0.25033460368017996
2 30 0.17622663152645804
3 30 0.7775662628332807
6 30 2.2556681732062938
8 30 2.948815353766239
9 30 2.948815353766239
10 30 2.0733466164123393
11 30 1.8502030650981298
12 30 1.0770131768646478
13 30 1.5625209926463486
14 30 2.093149243708519
18 30 1.1570558845381844
21 30 1.3801994358523941
22 30 2.160357993401969
24 30 0.6462302607721937
29 30 1.1570558845381844
30 30 1.274838920194568
31 30 0.6462302607721937
32 30 1.9679861007545132
33 30 0.5210671178181876
35 30 -0.6887708059601463
36 30 1.7448425494403033
42 30 1.7448425494403033
44 30 1.339377441332139
0 31 0.2407651526640294
4 31 0.16072244499049287
5 31 1.1162338900179294
6 31 2.7256718024520294
10 31 2.543350245658075
15 31 1.62705951378392
16 31 0.5471393581279628
18 31 3.0133538749038107
21 31 1.8502030650981298
26 31 2.240163986670329
27 31 2.1378851375499104
31 31 1.1162338900179294
33 31 -0.10754154160418647
35 31 0.4743800038455345
37 31 2.0325246218920845
38 31 1.4039159624697102
43 31 0.9339123332239747
20 32 4.33510971488613
29 32 1.8502030650981298
32 32 3.3542804618744038
33 32 1.9073614789380782
35 32 3.048898812323222
38 32 1.6270595137839199
41 32 2.6434337042150573
0 33 0.8087491902699684
6 33 3.1113342832640143
10 33 2.801179354960175
20 33 2.195043551389859
21 33 2.7305617877462214
23 33 2.888190731949804
30 33 1.8203501019484485
31 33 1.5018963708299138
32 33 0.8087491902699684
33 33 2.4298831424672604
35 33 2.195043551389859
36 33 2.195043551389859
38 33 -0.5130066497123509
39 33 3.293655840057969
41 33 0.7546819689996929
42 33 2.9369808961192367
46 33 1.6842179276238687
47 34 3.824284091120139
51 34 2.195043551389859
52 34 3.2852875903874525
53 34 2.7256718024520294
0 35 0.29205844705157985
6 35 2.4892830243877992
10 35 1.6783528081714705
21 35 1.3906707357196897
23 35 2.4892830243877992
29 35 0.29205844705157985
30 35 1.1029886632679087
31 35 1.1675271844054798
32 35 0.6975235551597443
33 35 2.083817916279635
35 35 2.3974754751346765
36 35 1.3906707357196897
39 35 2.77696509683958
41 35 2.978831249706505
42 35 1.9784574006218085
45 35 2.083817916279635
46 35 2.083817916279635
49 35 0.4351592906922532
51 35 -1.4425426083365267
53 35 1.5158338786736956
0 36 0.5284472251158102
1 36 1.3134019549288782
5 36 -1.0809906873182902
6 36 1.6270595137839199
10 36 0.9339123332239745
11 36 1.2215944056757555
12 36 0.16072244499049287
14 36 1.0292225130282993
19 36 1.6270595137839199
20 36 3.131136910560194
21 36 0.5284472251158102
22 36 1.868221570600808
29 36 2.3202066943438653
30 36 1.4935281211593971
31 36 0.01762160134981963
32 36 3.45964097753223
33 36 1.5018963708299138
35 36 1.4552092568572608
36 36 2.3847452154814364
38 36 0.30530367380160045
39 36 2.3202066943438653
41 36 -1.3173794653825206
42 36 2.6566789309650782
46 36 0.7107687819097649
1 37 -0.086137632941033
4 37 -0.30928118425524276
5 37 0.39491583249128753
15 37 2.7664937969722847
16 37 0.36481780133400804
26 37 3.2742377542008674
27 37 2.1378851375499104
37 37 2.6611332813144584
43 37 2.6611332813144584
1 38 -1.6310370242375622
4 38 1.1415516980022191
5 38 -0.38784350675834484
16 38 1.6270595137839199
18 38 2.3202066943438653
25 38 2.303399576027484
27 38 1.410836405314284
31 38 0.7107687819097649
35 38 0.6285306836727926
37 38 1.6270595137839199
38 38 1.8634482918481503
41 38 0.6285306836727926
43 38 2.607888766795646
44 38 0.7107687819097649
46 38 0.01762160134981963
29 39 3.2364974262180204
30 39 2.2556681732062938
32 39 4.047427642434349
36 39 3.418818983011975
42 39 3.824284091120139
46 39 2.7256718024520294
16 40 0.36481780133400804
18 40 3.929644606777966
27 40 2.6975009254853335
31 40 3.418818983011975
38 40 2.7256718024520294
34 41 3.1824302049477446
35 41 2.358254761981395
41 41 3.146712122345665
45 41 3.587895313055909
46 41 1.7271429723409024
47 41 3.2777403847520694
49 41 0.9051629199379886
50 41 1.3906707357196897
51 41 1.8532942576678024
53 41 1.9407170726389615
20 42 3.8242840911201395
29 42 3.0133538749038107
30 42 1.339377441332139
32 42 3.904326798793676
33 42 1.6842179276238687
35 42 0.879845111953699
36 42 3.2364974262180204
38 42 0.7107687819097649
39 42 3.418818983011975
42 42 3.418818983011975
46 42 1.8093810705778748
1 43 0.6715480687564837
4 43 1.3646952493164288
5 43 0.12298211700764582
15 43 1.8502030650981298
16 43 1.3456470543457344
25 43 2.0325246218920845
26 43 2.0578424298763744
27 43 1.7324200294417462
37 43 1.5625209926463486
38 43 1.6270595137839199
43 43 2.1378851375499104
3 44 2.0499163646039538
5 44 0.30530367380160045
12 44 0.16072244499049287
14 44 1.9271641062342582
16 44 0.5471393581279628
24 44 1.1162338900179294
25 44 1.8093810705778746
30 44 0.6462302607721937
36 44 0.01762160134981963
38 44 1.9635317504051328
44 44 1.8093810705778748
34 45 4.33510971488613
47 45 4.33510971488613
50 45 2.1378851375499104
51 45 2.888190731949804
52 45 1.339377441332139
53 45 2.7256718024520294
15 46 1.62705951378392
26 46 2.106632594045806
29 46 1.62705951378392
30 46 0.6462302607721937
31 46 1.1162338900179294
32 46 2.4379897300002487
33 46 -0.10754154160418647
35 46 1.1675271844054798
36 46 1.8093810705778746
37 46 2.0325246218920845
41 46 1.7271429723409024
42 46 2.214846178686039
43 46 0.9339123332239747
46 46 1.1162338900179294
49 46 0.8538696255504382
50 46 1.914741586235701
53 46 1.1162338900179294
57 46 3.418818983011975
63 46 3.418818983011975
64 46 0.37429654528855183
34 47 3.418818983011975
47 47 3.418818983011975
51 47 2.195043551389859
52 47 3.226447090364519
53 47 2.8508349454060355
54 47 3.8242840911201395
49 48 2.4633075379845386
50 48 3.2364974262180204
51 48 3.5813379125097495
52 48 1.339377441332139
53 48 1.6270595137839199
34 49 1.7701603574245932
41 49 0.6174808474862077
45 49 1.7701603574245932
47 49 0.8538696255504382
48 49 3.1564547185444836
49 49 2.5374155101382603
50 49 2.568668053642365
51 49 2.6258264674823133
52 49 0.9716526612068216
53 49 1.7701603574245932
58 49 3.561919826652648
60 49 -1.3653338585045565
64 49 2.509827553619431
65 49 2.175625465532758
66 49 3.091916197406913
34 50 2.1378851375499104
46 50 1.914741586235701
47 50 2.1378851375499104
49 50 2.3455245023281552
50 50 2.0201021018935275
51 50 2.562768331515177
52 50 1.4447379569899652
53 50 1.9947842939092373
57 50 2.831032318109856
58 50 2.831032318109856
60 50 -0.9976090783792391
63 50 3.093396582577347
64 50 1.865951422066269
65 50 2.1378851375499104
66 50 1.8502030650981298
34 51 2.195043551389859
46 51 1.6842179276238687
47 51 2.195043551389859
48 51 1.5018963708299138
49 51 1.2395321063624227
50 51 2.1378851375499104
51 51 2.7462204706794173
52 51 2.740270601873182
53 51 2.8713836136334234
54 51 2.195043551389859
63 51 2.0325246218920845
64 51 -0.44401377822539934
46 52 1.9271641062342582
48 52 3.2852875903874525
49 52 2.5120977021539708
50 52 2.5094486939823937
51 52 2.1437502570023086
52 52 2.938765017912738
53 52 2.2948888863595753
54 52 3.2852875903874525
63 52 2.2948888863595753
64 52 -0.31885063527139346
34 53 2.3202066943438653
41 53 1.7271429723409024
45 53 2.7256718024520294
46 53 2.3202066943438653
47 53 1.9635317504051328
48 53 2.7256718024520294
49 53 2.006549135488824
50 53 2.4743573741711233
51 53 2.43143232945409
52 53 2.7744619666214616
53 53 2.1378851375499104
54 53 2.7256718024520294
63 53 1.2703845698451877
64 53 -0.31885063527139346
49 54 1.7701603574245932
51 54 2.195043551389859
52 54 3.418818983011975
53 54 3.0133538749038102
56 55 4.33510971488613
55 56 3.952117462630024
56 56 4.288589699251237
49 57 3.561919826652648
50 57 2.1378851375499104
58 57 4.33510971488613
64 57 3.2364974262180204
60 58 1.1996154989569803
64 58 3.4878118544989265
65 58 4.33510971488613
66 58 4.047427642434349
60 59 1.1996154989569803
61 59 3.8651060856403943
62 59 3.1564547185444836
59 60 1.1996154989569803
60 60 3.2681279701046257
61 60 1.135076977819409
62 60 1.1996154989569803
64 60 0.6399997110215577
65 60 0.506468318397035
66 60 -0.18667886216291033
68 60 2.1671995252186855
70 60 2.4988984830872414
71 60 0.4374754469100834
72 60 1.177636592238205
60 61 0.7296118697112446
61 61 2.979587012432993
62 61 3.1407063615763446
64 61 1.7760950929444077
67 61 2.5841722401783302
59 62 3.1564547185444836
60 62 0.42642561072349844
61 62 3.0751090790905313
62 62 2.606408381625212
64 62 2.53230040947149
66 62 1.4824782849728124
67 62 1.4187624705867046
68 62 -0.481131441181902
69 62 2.4633075379845386
70 62 2.0578424298763744
73 62 2.280985981190584
49 63 3.4378671779826693
50 63 2.831032318109856
57 63 4.33510971488613
58 63 3.8242840911201395
63 63 3.5366020186683587
64 63 1.7605909064084424
49 64 -0.17574979163072008
50 64 -0.21349011961356704
57 64 1.290587277162707
59 64 3.3700288188425427
60 64 0.9276817834733385
61 64 2.900025189596807
62 64 2.363224079427556
63 64 1.1852267615048806
64 64 2.7119729580938676
65 64 3.3054902977049716
66 64 3.3054902977049716
67 64 1.25284694917986
59 65 3.6419625343261846
60 65 1.1996154989569803
62 65 3.0229233259199613
64 65 3.4306534406589777
65 65 2.948815353766239
66 65 2.948815353766239
59 66 2.948815353766239
60 66 1.42275905027119
61 66 2.4788117245205035
62 66 2.781761269103073
64 66 3.082346746390762
65 66 4.047427642434349
66 66 2.6611332813144584
62 67 1.8416193214067382
67 67 3.3959251631461225
68 67 0.39741896270940613
69 67 3.414178603455473
70 67 2.7738739042699074
73 67 1.8865707092690045
60 68 -0.6462111915413505
68 68 3.1096708506653163
69 68 0.004376374599799003
70 68 1.9014963594856804
71 68 0.3873686268559048
72 68 2.57266463332685
73 68 1.3906707357196897
60 69 2.010545715173309
68 69 1.1029886632679085
69 69 3.3542804618744038
70 69 3.6419625343261846
73 69 4.33510971488613
60 70 2.2982277876250903
68 70 2.237968596106893
69 70 2.543350245658075
70 70 2.1378851375499104
72 70 1.4872975714087613
73 70 3.929644606777966
68 71 0.06891489573737011
70 71 -0.16469995544413504
71 71 2.731211982827645
72 71 1.2796582066305167
76 71 3.18520413183047
77 71 3.0133538749038102
78 71 2.334000016476201
68 72 2.1571491893651844
71 72 2.1804447519687065
72 72 2.722832235943952
76 72 0.21878624594525392
60 73 3.597510771755351
73 73 3.524179498669801
74 74 3.00692298457352
75 74 2.075133926986435
80 74 0.538016676131961
74 75 1.1000026950893467
75 75 2.876494692186613
79 75 0.08840178341086691
80 75 3.0377628397827356
81 75 1.9348861523281684
71 76 2.8557249307002275
76 76 3.3906481060452784
77 76 3.796113214153443
78 76 2.5151793686913786
71 77 1.6270595137839199
76 77 1.8502030650981298
78 77 3.929644606777966
74 78 2.5085641295726595
75 78 -0.3705520096482839
78 78 3.5650014931900564
79 79 3.2699550924088663
81 79 2.6030694803596974
82 79 2.1330658511139617
83 79 0.7633556180096064
74 80 -0.30928118425524276
75 80 1.9909756189792118
79 80 2.523932159800973
80 80 3.1206656106928983
81 80 3.3870702846973946
79 81 3.4472569183325086
81 81 3.2563000535142
82 81 0.5126988681476711
83 81 -0.5324247355694525
82 82 3.1935980801839303
83 82 2.6219125681611772
84 82 -0.6710712288607454
55 83 2.6864510892987483
56 83 2.260783273873064
82 83 1.6002613206291958
83 83 2.767676529221334
84 83 3.386715737627558
55 84 3.3054902977049716
56 84 3.098876048341973
83 84 2.794664673938981
84 84 3.2466497976820388
