0 0 1.5047227747728464
1 0 -1.8902049938757135
3 0 -0.03279155442622165
4 0 -2.1484731811212012
6 0 0.9576071496016553
7 0 -0.1410051390664544
9 0 1.2480029279250324
10 0 -1.6573526284345428
11 0 -0.29515581889371273
12 0 0.6106084999934548
13 0 -1.4933979485106637
14 0 -1.8274040926366828
15 0 0.9576071496016553
16 0 -2.1778870663274943
18 0 1.7460645099659255
21 0 0.6391534184831207
22 0 -2.012807315968046
24 0 0.26445996904170993
25 0 -2.583352174435659
26 0 -4.489130222064655
0 1 1.314990727088407
1 1 -0.6898619576003562
3 1 0.6820436660674348
4 1 -1.576738804268218
6 1 1.5293415264546384
7 1 1.5293415264546384
9 1 1.6026727995401882
10 1 -0.3924710710216144
11 1 -0.011103514492510675
12 1 0.6143588392404988
13 1 -1.5660205880481939
14 1 -2.459642520109636
15 1 -0.36777845843124307
16 1 -1.200687581366347
18 1 0.7308338302368668
21 1 1.3286708309924873
22 1 -2.421902192126789
0 2 1.7649075977674054
9 2 1.07176041720746
12 2 1.0344227467698157
0 3 -0.11646403015033666
1 3 1.423981010796812
3 3 1.137658557861071
4 3 -0.8979803611603722
6 3 1.514952789002539
9 3 1.1362989383450313
10 3 1.4649423684278777
12 3 1.0248532957536651
13 3 -1.4468779328757708
15 3 1.0041271652365482
17 3 -1.6059426275054582
18 3 1.0041271652365482
19 3 2.2080999695624843
21 3 0.21566980487227805
22 3 -0.3568493878990524
23 3 -0.06058357175588026
24 3 1.227270716550758
0 4 0.8924194885516432
1 4 1.6219343132824633
3 4 0.806767731078053
4 4 -2.24047209962187
9 4 0.4869543804434789
10 4 1.3416909064231044
12 4 0.6437727244467921
13 4 -1.2852922745609945
14 4 -2.4302286349033424
15 4 0.3547826073349956
16 4 -1.8644208767199988
18 4 -0.33836457322494967
19 4 1.5587554116609317
21 4 0.2594724275306708
22 4 -1.6993411263605502
24 4 0.5779261586492054
26 4 -3.482516851897214
0 5 -0.9919327675042366
1 5 1.2416594540028574
3 5 1.766267217283445
9 5 1.022970253038028
10 5 2.2141790156388668
12 5 0.762489031286174
13 5 -1.2237343815615613
17 5 -0.6896518956313031
19 5 1.7380963403167484
21 5 1.8251077173063783
24 5 2.143561448424913
1 6 1.5293415264546384
3 6 2.2080999695624843
4 6 0.8656082311009863
11 6 4.2230029901047486
12 6 0.9166397111134322
0 7 1.2416594540028574
2 7 4.664835742383788
11 7 3.124390701436639
12 7 0.9166397111134322
13 7 -0.37643652117435755
0 8 -0.6554605308830238
2 8 3.460862938057852
3 8 1.0041271652365482
9 8 0.44315175778508586
10 8 0.845903160021654
11 8 3.712177366338758
12 8 0.4058140873474417
13 8 -0.8872621449403482
14 8 0.16502607205352315
15 8 2.256890133731916
20 8 4.5594752267259615
21 8 2.1615799539275913
25 8 0.3253687221287022
0 9 -1.5637190910599146
1 9 0.29257889930571157
2 9 1.6363136460068062
3 9 1.319644036681773
4 9 0.03431071206022382
7 9 2.041778754114971
9 9 -0.6882503537060147
10 9 0.5254312647468824
11 9 0.09586860505965739
12 9 1.649317730430013
13 9 0.4236827789377557
14 9 -1.6595232199975227
16 9 0.29257889930571174
21 9 1.8411080586528195
22 9 -0.11770549523840165
23 9 -0.632369895311558
25 9 -1.0937154618141791
26 9 -2.7118114369913937
0 10 -1.6609823964851216
1 10 0.5238196608525407
3 10 1.7903647688625055
4 10 0.19655860212010176
9 10 -0.27468803536523095
10 10 0.5335284749795016
12 10 1.5975167990815635
13 10 0.22747952565764532
14 10 -1.9391080822166842
15 10 0.845903160021654
16 10 -0.27468803536523095
18 10 0.15275597946170866
19 10 1.762193891895809
21 10 0.05744579965738398
22 10 0.04454239482147617
24 10 1.0690467113358637
25 10 -0.3924710710216144
0 11 -0.9919327675042366
1 11 0.6820436660674346
3 11 1.766267217283445
4 11 0.711457551273728
9 11 0.1066795211638727
10 11 1.2025781039603864
12 11 1.4556362118461192
13 11 -0.5305872010016159
17 11 0.003495284928642142
21 11 1.8251077173063783
22 11 -0.13370583658484275
25 11 -0.011103514492510675
0 12 -2.51175852124865
1 12 0.07850864419717656
3 12 -0.8521708251290782
4 12 0.9833912667573699
5 12 -0.6290272738148682
9 12 -1.007681124472376
10 12 0.3758995307759184
12 12 -1.4504839030181844
13 12 1.0406294986122868
14 12 -1.2858068102039386
16 12 0.12729880836660845
17 12 -1.1108653607076067
22 12 0.8721970539789993
23 12 -0.6641185936261386
25 12 0.07850864419717656
26 12 -2.7435601353059744
0 13 -1.2738841652470327
1 13 0.45836117644861446
3 13 -1.2237343815615611
4 13 1.050082641256042
5 13 -0.5305872010016159
9 13 -1.7847097890130235
10 13 -0.04695732004411514
12 13 -1.4855752228294545
13 13 0.7968993136896887
14 13 -1.8805139179506316
15 13 -1.5804093255002936
16 13 -0.3984154278931329
17 13 -1.4178903960025186
18 13 -1.5804093255002936
19 13 0.3167106593855878
21 13 -1.6757195053046183
22 13 0.9605867909387505
23 13 -1.9519728819327764
24 13 -0.6641185936261386
25 13 0.6777240049229183
26 13 -1.2905743996874115
0 14 -1.4945616240660489
1 14 0.025264129678364288
3 14 -1.7808840770017902
4 14 0.8278679031181394
5 14 -0.17144616456768993
9 14 -2.3418594844532525
10 14 0.006802066838629111
12 14 -1.2805848662227868
13 14 0.9721175119626861
14 14 -1.0105472577507149
16 14 0.7184113102383096
17 14 -1.0587493595685928
22 14 0.9731032192874456
23 14 -1.5928318454988506
25 14 0.24840768099257413
26 14 -2.2859790260587958
13 15 0.6168152518359259
14 15 1.5513204331734138
16 15 0.7308338302368668
17 15 -0.3531796590100903
22 15 1.1190571319105251
23 15 1.5976445048476522
25 15 0.3253687221287022
1 16 -0.5075404008064016
3 16 -0.11646403015033666
4 16 -0.2549829642858986
5 16 1.6471245621110218
9 16 -0.3897573651500182
10 16 0.23613758840075996
13 16 0.1124101958728578
14 16 1.4423301494650087
16 16 0.9965369959698724
17 16 -1.1860887819451942
22 16 0.6916131170835856
23 16 1.5379252701460298
25 16 0.1856067797535437
26 16 -2.4133184484353976
0 17 -3.2655303236250304
1 17 0.01788402238074166
3 17 -0.9127954469455128
4 17 0.3837701442082479
5 17 1.25625825342401
9 17 -2.1669180349569204
10 17 0.027592836507702743
12 17 -1.5111085248346194
13 17 0.41469106774579145
14 17 1.4867819120358425
16 17 0.31798861483107976
17 17 -0.8838079100722606
19 17 0.15764596475590031
22 17 -0.009408119907265587
23 17 1.4153229480536973
24 17 0.5631110728640647
25 17 0.20020557917469617
26 17 -1.8878940252482541
3 18 1.0041271652365482
6 18 3.866328046166016
11 18 3.0190301857788127
12 18 -0.2873330932125036
13 18 -0.19411496438040288
14 18 1.2636383607216328
15 18 3.3555024224000256
22 18 0.20276640003637011
24 18 2.4800336850461258
26 18 -0.8872621449403482
13 19 -1.0695837017343028
14 19 0.6758516958195138
15 19 3.173180865606071
16 19 0.5485122734429121
17 19 1.25625825342401
23 19 2.108470128613643
24 19 4.089471597480226
25 19 0.1430471653347478
26 19 -1.0695837017343028
13 20 0.7221757674937521
14 20 1.7744639844876233
15 20 3.866328046166016
0 21 -0.7507707106873486
2 21 3.365552758253527
4 21 -0.43367475302927455
7 21 3.771017866361692
11 21 1.8251077173063783
12 21 -0.38264327301682854
13 21 -1.6757195053046183
14 21 0.4751810003573626
16 21 1.7341359391006517
17 21 -0.44848983881441495
22 21 -0.5856909603279
23 21 1.5023343250433274
25 21 0.9232057228843228
26 21 -0.28942514418472765
1 22 -1.0356078310068983
5 22 1.370371560191431
8 22 0.8959135805963154
10 22 -0.8027554655657275
13 22 -1.4373084818596202
14 22 0.5532493737271815
16 22 1.3508587459678496
17 22 0.8115724321625647
22 22 -0.9350666017850209
23 22 0.6421330598202158
25 22 1.5670818544374854
26 22 0.4926013258492522
4 23 -1.4030753102173779
13 23 -0.6992099134374086
14 23 1.1152183556033595
16 23 1.8633476705806578
17 23 0.8846946969915271
22 23 -0.45647922884789377
23 23 1.3802316282424274
25 23 1.2755610056785387
26 23 -0.24722478969435122
13 24 -0.6641185936261386
14 24 1.0813168039276781
16 24 0.9539773815510765
17 24 1.6617233615321745
23 24 1.4153229480536973
26 24 0.7221757674937521
4 25 -1.576738804268218
5 25 -0.011103514492510675
8 25 1.423981010796812
10 25 -1.0856182515815598
11 25 -0.011103514492510675
13 25 -1.3147061597672878
14 25 0.6758516958195138
16 25 -0.2843968494921918
17 25 1.4764990450802584
20 25 1.9348066345628026
22 25 -1.7287550115668435
23 25 0.9654060773746994
25 25 -1.2006875813663471
26 25 1.0932394488845842
0 26 -4.492759990115233
1 26 -2.818783556543562
2 26 0.3167106593855878
3 26 -2.8331722939956614
4 26 -1.4030753102173779
5 26 0.3857035308725392
8 26 1.4153229480536973
10 26 -2.29824911865061
11 26 0.3857035308725392
12 26 -3.4314853718847678
13 26 -1.728829330618567
14 26 0.25955224554563927
15 26 -1.5804093255002936
16 26 -3.1064656289953425
17 26 1.0459628445876494
19 26 -1.0695837017343028
20 26 0.7221757674937521
21 26 -1.6757195053046183
22 26 -2.5359207705277296
23 26 -0.24722478969435122
25 26 -1.7201712678754522
26 26 1.4153229480536973
