0 0 0.8497938739711276
3 0 0.9090704839006679
4 0 0.5036053757925034
5 0 -2.0613439816690335
0 1 0.9090704839006679
0 2 0.5036053757925034
1 2 3.3586377672433594
4 3 3.3586377672433594
5 3 2.179982770901713
5 4 2.5854478790098776
5 5 2.2177230988845604
8 5 1.4868355903417678
10 5 0.6218381528551634
11 5 -1.761599036767977
8 6 2.26002547857525
10 6 1.8004931491968095
11 6 0.11020314013361425
6 7 2.03688192726104
8 7 1.6314168191528755
9 7 2.03688192726104
10 7 1.8004931491968095
11 7 -0.6519369119132824
10 8 1.8004931491968095
11 8 0.8033503206935597
10 9 1.8004931491968095
11 9 0.8033503206935596
7 10 0.19105523676270922
11 10 1.1547482075314484
0 11 -3.437976431877187
1 11 0.8033503206935596
2 11 1.208815428801724
6 11 0.8033503206935596
7 11 1.1398225573147727
8 11 -0.2952619679745502
9 11 0.8033503206935596
10 11 -0.8883256899775128
11 11 0.7637411825985139
