0 0 3.7602363928957683
3 0 1.6247053845648887
0 1 3.9272904775589343
2 2 3.3505536488434
4 2 1.8101086078962514
7 2 0.9991783916799226
2 3 1.2992829841302609
3 3 3.391147045808654
2 4 1.8101086078962514
4 4 3.6018680771243066
5 4 3.6018680771243066
4 5 3.6018680771243066
5 5 4.295015257684252
6 6 4.412798293340635
12 6 2.1355310083308794
6 7 2.5032557884561966
7 7 3.1194419278800134
0 8 0.14310084364067324
1 8 2.70805020110221
8 8 2.661530185467317
8 9 1.0986122886681098
9 9 3.6788291182604347
10 9 3.784189633918261
10 10 4.295015257684252
11 10 3.784189633918261
9 11 2.580216829592325
11 11 3.966511190712216
12 12 2.828678188890825
13 13 3.699031825577954
16 13 1.8382794848629478
13 14 1.3682758556172123
14 14 3.131864447878571
15 14 1.4423838277709342
14 15 1.442383827770934
15 15 3.7602363928957683
9 16 2.174751721484161
16 16 3.6410887902775877
14 17 0.6400373552459968
17 17 3.0534850410518524
17 18 2.719478896925833
18 18 4.295015257684252
18 19 5.393627546352362
18 20 4.700480365792417
19 20 5.393627546352362
20 20 4.007333185232471
19 21 4.700480365792417
20 21 5.393627546352362
21 21 4.007333185232471
20 22 4.700480365792417
21 22 5.393627546352362
23 23 4.007333185232471
24 23 4.518158808998462
24 24 4.295015257684252
26 24 4.700480365792417
27 24 3.6018680771243066
21 25 4.007333185232471
22 25 4.700480365792417
25 25 4.112693700890297
32 25 4.295015257684252
27 26 5.393627546352362
27 27 4.295015257684252
28 27 5.393627546352362
29 27 4.988162438244197
30 27 4.295015257684252
29 28 5.393627546352362
30 28 5.393627546352362
31 28 5.393627546352362
25 29 3.6018680771243066
30 29 5.393627546352362
31 29 5.393627546352362
25 30 4.295015257684252
31 30 5.393627546352362
25 31 4.295015257684252
32 31 5.393627546352362
25 32 4.700480365792417
33 33 3.986713898029735
34 33 1.7737409637253767
35 33 2.6004195369098446
33 34 2.6210388241125804
34 34 3.5620221685771067
23 35 3.670860948611258
24 35 0.9628107475090479
33 35 0.8086600676817896
34 35 0.6751286750572669
35 35 3.6120204485883245
33 36 3.447717397297048
34 36 2.6210388241125804
35 36 2.7545702167371027
38 37 4.700480365792417
39 37 4.700480365792417
34 38 1.2347444629926896
35 38 2.0614230361771577
36 38 4.700480365792417
38 38 3.3141860046725258
39 38 4.700480365792417
40 38 3.3141860046725258
39 39 4.007333185232471
40 39 4.700480365792417
41 39 4.295015257684252
42 39 4.700480365792417
36 40 4.700480365792417
38 40 4.007333185232471
41 40 3.6018680771243066
42 40 4.700480365792417
43 40 3.3141860046725258
38 41 4.007333185232471
40 41 4.295015257684252
41 41 3.196402969016142
42 41 4.295015257684252
43 41 3.6018680771243066
43 42 4.700480365792417
44 42 3.3141860046725258
40 43 3.3141860046725258
41 43 4.295015257684252
43 43 3.3141860046725258
44 43 3.537329555986735
41 44 2.2155737160044158
43 44 3.537329555986735
44 44 4.125116220888854
45 45 2.8780512735081243
46 45 1.2321436812926323
37 46 4.0943445622221
38 46 2.70805020110221
45 46 1.0498221244986778
46 46 3.6888794541139363
45 47 1.1451323043030026
46 47 3.6888794541139363
47 47 4.007333185232471
46 48 2.995732273553991
47 48 5.393627546352362
47 49 5.393627546352362
48 49 5.393627546352362
47 50 4.700480365792417
48 50 5.393627546352362
49 50 5.393627546352362
52 51 4.700480365792417
53 51 4.988162438244197
48 52 4.700480365792417
49 52 4.700480365792417
50 52 4.700480365792417
53 52 4.295015257684252
54 52 3.0910424533583156
49 53 4.295015257684252
50 53 4.295015257684252
52 53 3.6018680771243066
53 53 3.196402969016142
54 53 4.295015257684252
50 54 3.784189633918261
52 54 3.784189633918261
53 54 3.784189633918261
54 54 4.37197629882038
55 55 2.7760344554054033
57 55 0.8827680398355114
55 56 2.4232130807826606
56 56 4.295015257684252
57 57 3.699031825577954
58 57 3.8531825054052127
59 57 2.466888144285322
59 58 5.10594547390058
59 59 4.412798293340635
60 59 4.923623917106625
61 59 4.007333185232471
60 60 4.007333185232471
61 60 5.393627546352362
62 60 5.393627546352362
63 60 4.700480365792417
62 61 5.393627546352362
63 61 5.393627546352362
64 61 5.393627546352362
51 62 5.393627546352362
63 62 5.393627546352362
64 62 5.393627546352362
51 63 5.393627546352362
52 63 4.700480365792417
64 63 5.393627546352362
51 64 5.393627546352362
52 64 4.700480365792417
53 64 4.295015257684252
65 65 3.7602363928957683
67 65 1.2531418281324058
65 66 1.3246007921145508
66 66 3.1194419278800134
56 67 2.719478896925833
67 67 3.0534850410518524
68 68 3.0534850410518524
71 68 1.1100409844917325
68 69 1.620866608257723
69 69 4.295015257684252
66 70 1.0563368055198714
70 70 3.533863348010249
70 71 1.6441234704219905
71 71 3.6410887902775877
