8 0 4.075113200294213
0 1 4.634728988229636
1 1 3.9415818076696905
8 1 2.6888188391743224
2 2 2.9047341132564264
4 2 -0.014458083175229888
5 2 3.076584370183086
3 3 3.823798772013307
6 3 3.536116699561526
1 4 2.236833715431265
4 4 2.834670716186886
2 5 2.3834371896231406
4 5 2.236833715431265
2 6 2.3834371896231406
6 6 3.9415818076696905
7 7 3.823798772013307
18 7 4.229263880121471
19 7 3.1306515914533617
7 8 2.976500911626103
8 8 3.7386409636730003
9 9 3.7386409636730003
10 9 1.9350470367979422
3 10 2.0891977166252005
10 10 3.062646862339304
9 11 1.2717528193876781
11 11 2.461995430901712
11 12 2.524515787883046
11 13 2.119050679774882
12 13 4.922411060681417
11 14 0.7327563186549911
12 14 4.922411060681417
13 14 4.922411060681417
14 14 3.536116699561526
13 15 4.922411060681417
14 15 4.922411060681417
16 16 3.4183336639051425
17 16 1.5902065505062126
16 17 0.5657022339918248
17 17 2.6495981260210413
19 18 4.922411060681417
19 19 3.823798772013307
20 19 4.229263880121471
16 20 3.1306515914533617
20 20 3.9415818076696905
21 21 3.823798772013307
23 21 3.823798772013307
24 21 4.740089503887462
21 22 4.740089503887462
22 22 3.536116699561526
14 23 4.922411060681417
15 23 4.922411060681417
14 24 3.536116699561526
15 24 4.922411060681417
23 24 4.922411060681417
24 24 3.536116699561526
21 25 3.823798772013307
22 25 4.922411060681417
22 26 4.922411060681417
25 26 4.922411060681417
27 27 3.0128685557969783
28 27 2.0320393027852517
28 28 3.823798772013307
29 28 3.823798772013307
29 29 3.823798772013307
30 29 4.740089503887462
31 29 3.1306515914533617
30 30 3.536116699561526
31 30 4.922411060681417
33 30 4.229263880121471
26 31 4.229263880121471
31 31 3.536116699561526
33 31 4.922411060681417
34 31 4.922411060681417
27 32 0.49159426183810306
32 32 2.6147108670206003
25 33 4.922411060681417
26 33 4.922411060681417
34 33 4.922411060681417
22 34 4.229263880121471
25 34 4.922411060681417
26 34 4.922411060681417
35 35 2.56984603538235
36 35 2.6537275193630525
38 35 -0.23664423853311248
39 35 1.2674331582431617
35 36 1.5551152306949427
39 36 4.229263880121471
35 37 0.781925342461461
37 37 3.2890199072248234
32 38 1.5902065505062126
38 38 3.536116699561526
39 38 2.8429695190015805
38 39 3.823798772013307
39 39 3.536116699561526
40 40 3.536116699561526
45 40 4.740089503887462
40 41 4.922411060681417
45 41 3.823798772013307
40 42 4.922411060681417
41 42 4.922411060681417
47 43 4.922411060681417
48 43 4.922411060681417
43 44 4.922411060681417
47 44 4.229263880121471
48 44 4.922411060681417
43 45 4.516945952573252
44 45 4.922411060681417
45 45 3.823798772013307
48 45 3.823798772013307
37 46 2.35746170321988
46 46 3.823798772013307
46 47 4.046942323327516
47 47 3.536116699561526
46 48 3.1306515914533617
47 48 4.922411060681417
50 49 4.922411060681417
51 49 4.922411060681417
51 50 4.922411060681417
52 50 4.922411060681417
51 51 3.536116699561526
52 51 4.922411060681417
53 51 4.922411060681417
54 51 3.536116699561526
53 52 4.922411060681417
54 52 4.922411060681417
54 53 4.922411060681417
55 53 4.922411060681417
54 54 3.536116699561526
55 54 4.922411060681417
56 54 4.922411060681417
57 54 4.229263880121471
56 55 4.922411060681417
57 55 4.922411060681417
58 55 3.1306515914533617
57 56 4.922411060681417
58 56 3.823798772013307
58 57 4.229263880121471
58 58 3.823798772013307
60 58 3.536116699561526
40 59 4.229263880121471
41 59 4.922411060681417
42 59 4.922411060681417
41 60 3.536116699561526
42 60 4.229263880121471
59 60 4.634728988229636
60 60 3.9415818076696905
49 61 3.823798772013307
61 61 3.823798772013307
63 61 2.2143608595792066
64 61 4.516945952573252
62 62 3.536116699561526
63 62 3.1306515914533617
49 63 2.2143608595792066
50 63 2.2143608595792066
61 63 2.907508040139152
63 63 3.0898295969331064
64 63 2.2143608595792066
49 64 4.922411060681417
50 64 4.922411060681417
51 64 4.229263880121471
62 65 1.4259034992149364
63 65 -1.2821467018872734
65 65 2.4402554442653064
66 65 2.3421942310890915
62 66 4.634728988229636
65 66 1.4259034992149364
66 66 3.536116699561526
65 67 0.4450742462032102
67 67 3.248434627109745
