0 0 0.26874344727683114
1 0 -2.566441895052043
3 0 -0.08153524526404252
6 0 -0.03708348269320858
7 0 -0.7746824258239878
8 0 -0.592360869030033
9 0 -2.671802410709869
12 0 -2.566441895052043
0 1 -0.0014925375905061877
6 1 1.4259034992149364
8 1 1.5212136790192612
9 1 -0.5582278626605747
0 2 -0.08153524526404252
6 2 1.608225056008891
8 2 1.7035352358132159
9 2 -0.37590630586662
1 3 2.4375044108934163
6 3 1.8313686073231008
7 3 4.229263880121471
8 3 2.6198259676873707
9 3 0.540384426007535
0 4 -0.1868957609218688
1 4 3.1306515914533617
6 4 0.9150778754489458
0 5 -0.43821018920277477
2 5 3.312973148247316
6 5 1.608225056008891
8 5 1.0103880552532707
1 6 0.7327563186549911
3 6 2.524515787883046
6 6 0.12662051508467573
7 6 2.524515787883046
8 6 2.524515787883046
9 6 1.608225056008891
12 6 0.7327563186549911
13 6 0.7327563186549911
8 7 2.6198259676873707
9 7 1.9266787871274256
9 8 2.2267833795777636
12 8 0.8280664984593159
13 8 0.8280664984593159
14 8 -0.08822423341483891
0 9 -2.8541239675038237
1 9 1.6389967146756448
4 9 2.189043051594917
5 9 -0.37590630586662
9 9 1.687786878845077
12 9 2.1498223384416355
13 9 1.7443572303334711
14 9 -0.08822423341483891
1 10 3.1306515914533617
4 10 3.312973148247316
9 10 1.2335316065674804
4 11 3.312973148247316
9 11 1.2335316065674804
10 11 4.922411060681417
2 12 1.5212136790192612
5 12 1.5212136790192612
13 12 3.1306515914533617
14 12 2.725186483345197
2 13 1.5212136790192612
5 13 1.5212136790192612
6 13 0.7327563186549911
14 13 3.1306515914533617
0 14 -2.096438265806307
2 14 2.6843644888249423
5 14 3.0898295969331064
9 14 -1.4745185945347294
10 14 2.907508040139152
11 14 3.3129731482473166
14 14 2.2143608595792066
