0 0 0.3687432664468717
3 0 0.4009299529427731
4 0 -0.004535155165391374
5 0 -2.7948234545045736
0 1 0.40092995294277295
0 2 -0.004535155165391151
1 2 3.447717397297048
4 3 3.447717397297048
5 3 2.0437234590777567
5 4 2.449188567185921
5 5 1.773433129337845
6 5 -0.11576079027561557
7 5 1.7560413866259756
8 5 -0.44118319071024364
9 5 2.092513623247189
11 5 1.4971797527096866
12 5 -0.5793335291910606
5 6 1.8301493587796975
6 6 0.2637288314292879
7 6 1.442383827770934
9 6 1.6247053845648887
11 6 1.4936771221584846
12 6 0.3109817162798338
5 7 2.0437234590777567
6 7 2.828678188890825
5 8 0.657429097957866
6 8 2.5409961164390436
7 8 1.5224265354444706
8 8 0.42381424677636087
9 8 1.7047480922384253
10 8 2.908720896564361
11 8 2.0437234590777567
12 8 -0.5252663079207851
5 9 -0.258861633916289
6 9 1.442383827770934
7 9 2.3978952727983702
8 9 1.0116009116784797
10 9 1.2992829841302609
11 9 2.2260450158717116
12 9 1.5665977537576081
6 10 1.730065900222715
8 10 1.8101086078962514
11 10 2.449188567185921
12 10 1.5541752337590509
5 11 -1.5938627006486292
6 11 0.982851498392494
8 11 1.3505762785178113
9 11 -0.5465437063680699
10 11 1.3505762785178113
11 11 -0.49525041198051944
12 11 2.1506955786299247
0 12 -2.8789065717151145
1 12 1.9596403418672153
2 12 2.36510544997538
5 12 -2.0834109259673346
6 12 1.26649316130727
8 12 2.0004623363874705
9 12 -0.11980119981262065
10 12 1.5541752337590509
11 12 -0.9847986372992252
12 12 1.6719582694154345
