0 0 0.19768163963568633
1 0 -2.461578397297092
3 0 -0.1589933043030463
6 0 0.19768163963568613
7 0 -0.1589933043030463
8 0 -2.3562178816392656
11 0 -0.1589933043030463
13 0 -0.1589933043030463
15 0 -3.624729207102773
0 1 0.10337096016444469
6 1 1.367062999192003
11 1 3.312973148247316
0 2 0.24647180380511824
0 3 -0.1589933043030463
1 3 3.312973148247316
0 4 -0.1589933043030463
1 4 3.312973148247316
0 5 -0.1589933043030463
2 5 3.823798772013307
0 6 -2.798050633918305
1 6 1.367062999192003
3 6 2.976500911626103
7 6 2.976500911626103
8 6 2.1655706954097744
8 7 2.725186483345197
0 8 -2.76168298974743
1 8 2.096577823922823
4 8 2.6381751063555674
8 8 1.8570978532889197
10 8 0.5279619060089779
12 8 2.5020429320309874
14 8 2.096577823922823
15 8 -0.047402238894584024
4 9 2.4375044108934163
8 9 2.137399818443078
12 9 2.2143608595792066
14 9 2.2143608595792066
15 9 1.0512100497735257
8 10 1.9142562671288685
9 10 3.823798772013307
12 10 2.2143608595792066
14 10 2.2143608595792066
13 11 4.922411060681417
15 11 2.8429695190015805
9 12 2.2143608595792066
10 12 2.2143608595792066
14 12 3.312973148247316
15 12 2.6198259676873707
15 13 3.248434627109745
8 14 0.017136282242987237
9 14 2.2143608595792066
10 14 2.2143608595792066
15 14 3.0252910757955354
0 15 -2.526116918434663
2 15 2.8429695190015805
5 15 3.248434627109745
8 15 -1.1460145275626936
9 15 2.4375044108934163
10 15 2.8429695190015805
12 15 0.540384426007535
15 15 2.267605374098019
