0 0 0.269450210856977
5 0 -0.03943406924540712
6 0 -0.4448991773535713
7 0 -2.7272815630300977
11 0 -2.5731308832028392
0 1 -0.08822423341483916
5 1 1.5212136790192612
6 1 1.5212136790192612
7 1 0.08612915372993854
0 2 0.02955880224154443
5 2 1.2335316065674804
6 2 1.2335316065674804
7 2 -0.20155291872184225
0 3 -0.4936893415230035
1 3 3.1306515914533617
5 3 1.5212136790192612
6 3 1.5212136790192612
0 4 -0.37590630586662016
2 4 3.536116699561526
5 4 1.2335316065674804
6 4 1.2335316065674804
6 5 2.6198259676873707
7 5 1.7725281073001673
11 5 0.8280664984593159
12 5 1.0103880552532707
7 6 2.177993215408332
11 6 0.8280664984593159
12 6 1.0103880552532707
13 6 -0.08822423341483891
0 7 -3.420428743590043
1 7 1.695567066164039
3 7 2.1010321742722033
5 7 -0.42469647003605215
7 7 1.6367265661411055
8 7 0.49159426183810306
9 7 1.8778886229579936
11 7 2.1010321742722033
12 7 1.6547450716437837
13 7 -0.13701439758427109
0 8 -1.4745185945347299
1 8 2.4375044108934163
3 8 2.4375044108934163
7 8 1.5902065505062126
7 9 1.8778886229579936
8 9 4.229263880121471
1 10 3.1306515914533617
3 10 3.1306515914533617
8 10 4.229263880121471
7 11 -0.6070180268300067
8 11 2.4375044108934163
9 11 3.1306515914533617
12 11 3.1306515914533617
13 11 2.725186483345197
13 12 3.3129731482473166
0 13 -2.3908093264088848
2 13 2.907508040139152
3 13 0.42260139035115163
4 13 3.3129731482473166
5 13 -0.08822423341483891
8 13 2.2143608595792066
10 13 3.3129731482473166
13 13 2.2143608595792066
