0 0 0.03454583613849895
3 0 0.03960913809504588
4 0 -0.3658559700131186
5 0 -3.1384446922528997
0 1 0.03960913809504567
0 2 -0.3658559700131186
1 2 4.922411060681417
4 3 4.922411060681417
5 3 3.536116699561526
5 4 3.9415818076696905
5 5 3.6538997352179097
6 5 3.9415818076696905
7 5 3.536116699561526
8 5 2.1498223384416355
7 6 4.922411060681417
8 6 4.922411060681417
2 7 4.922411060681417
8 7 4.922411060681417
0 8 -1.7521503311330093
1 8 4.922411060681417
2 8 4.922411060681417
8 8 3.536116699561526
