0 0 0.26145106030291104
6 0 0.06453852113757116
8 0 -0.6773988235918061
9 0 -3.1623054733798064
0 1 0.06453852113757116
10 1 2.2143608595792066
11 1 3.312973148247316
14 1 3.312973148247316
6 2 3.312973148247316
8 2 2.976500911626103
9 2 1.1847414423980485
0 3 -0.3409265869705933
1 3 3.312973148247316
11 3 3.312973148247316
14 3 3.312973148247316
7 4 4.229263880121471
8 4 2.976500911626103
9 4 1.1847414423980485
2 5 4.922411060681417
6 5 3.312973148247316
8 5 2.976500911626103
8 6 2.976500911626103
9 6 1.8778886229579936
8 7 2.976500911626103
9 7 1.8778886229579936
9 8 2.283353731066158
0 9 -3.1623054733798064
1 9 1.8778886229579936
3 9 2.283353731066158
9 9 1.6367265661411055
13 9 -0.20155291872184225
14 9 1.1847414423980485
15 9 2.283353731066158
17 9 1.8778886229579936
18 9 0.08612915372993854
9 10 2.283353731066158
9 11 1.8778886229579936
10 11 3.823798772013307
9 12 1.8778886229579936
10 12 3.823798772013307
4 13 3.536116699561526
7 13 3.536116699561526
8 13 2.283353731066158
9 13 0.49159426183810306
10 13 3.1306515914533617
12 13 3.536116699561526
16 13 3.536116699561526
9 14 1.1847414423980485
10 14 3.823798772013307
11 14 4.922411060681417
10 15 2.2143608595792066
13 15 1.9266787871274256
17 15 3.312973148247316
18 15 2.907508040139152
9 16 1.1847414423980485
10 16 3.823798772013307
12 16 4.922411060681417
9 17 -0.42469647003605215
10 17 2.2143608595792066
13 17 1.9266787871274256
18 17 3.312973148247316
2 18 3.1306515914533617
4 18 3.1306515914533617
5 18 3.536116699561526
6 18 0.8280664984593159
7 18 2.4375044108934163
12 18 2.4375044108934163
13 18 3.248434627109745
16 18 3.1306515914533617
18 18 2.4375044108934163
