0 0 0.019883925666545437
3 0 0.022989518224698562
4 0 -0.3824755898834658
5 0 -2.4619171315633017
0 1 0.022989518224698562
0 2 -0.3824755898834658
1 2 5.393627546352362
4 3 5.393627546352362
5 3 4.700480365792417
5 4 5.10594547390058
0 5 -2.4619171315633017
1 5 4.007333185232471
2 5 4.007333185232471
5 5 3.71965111278069
8 5 5.10594547390058
9 5 4.700480365792417
10 5 2.908720896564361
1 6 5.393627546352362
2 6 5.393627546352362
5 6 4.007333185232471
2 7 5.393627546352362
5 7 4.007333185232471
6 7 5.393627546352362
9 8 5.393627546352362
10 8 4.988162438244197
10 9 5.393627546352362
5 10 2.908720896564361
6 10 4.988162438244197
7 10 5.393627546352362
10 10 4.295015257684252
