0 0 0.4066547116678721
3 0 0.4401506660960544
4 0 0.034685557987889894
5 0 -2.8556861999082748
0 1 0.4401506660960543
0 2 0.034685557987889894
1 2 3.447717397297048
4 3 3.447717397297048
5 3 1.9436400005207741
5 4 2.3491051086289385
5 5 1.7613184437268197
6 5 -0.13580154115906176
7 5 1.9436400005207741
8 5 -0.6954173290944846
9 5 2.0437234590777567
10 5 -0.5412666492672265
11 5 1.2017026557913968
12 5 -0.8895733435354419
5 6 1.8101086078962514
8 6 0.2696635669491026
9 6 1.573719829832021
11 6 1.4736363712750384
12 6 0.0755075525081451
5 7 1.6559579280689933
6 7 2.6210388241125804
10 7 2.2155737160044158
11 7 0.9628107475090479
12 7 -0.2121745199436359
5 8 0.690877032025406
6 8 2.466888144285322
9 8 1.4195691500047627
10 8 2.572248659943148
11 8 2.0126328720077256
12 8 0.1445004239950965
5 9 -0.595333870537502
6 9 1.7560413866259756
7 9 2.449188567185921
8 9 0.9087435262387722
10 9 0.657429097957866
11 9 2.1772548517022794
12 9 1.40773469235776
11 10 2.3491051086289385
12 10 1.8672670217362
5 11 -0.6954173290944846
6 11 0.9628107475090479
8 11 0.8086600676817896
12 11 2.118581450017106
0 12 -2.9320591786928487
1 12 1.8672670217362
2 12 2.2727321298443646
5 12 -2.969014885215278
6 12 1.1741198411762548
8 12 2.0315700730274764
9 12 -0.1608812255560853
10 12 1.6849454649422455
11 12 -0.2609646841130679
12 12 1.5189603274679844
