0 0 5.070300850491952
4 0 4.377153669932007
0 1 0.22349253055348692
1 1 0.5975738475103181
5 1 -0.9354119883707428
2 2 5.070300850491952
7 2 5.252622407285907
2 3 5.763448031051897
3 3 5.070300850491952
1 4 -1.1654162111404744
3 4 4.377153669932007
4 4 3.764049197045598
9 4 3.0373793244470093
1 5 -1.1443628019426422
4 5 1.5386069799004283
5 5 2.339818946647836
6 5 1.848761908204268
9 5 -0.03260971971347421
10 5 1.4920869642655354
11 5 -0.32029179216525516
1 6 -0.06680392247236484
6 6 3.396324416920281
11 6 4.446146541418958
7 7 5.147261891628081
8 7 3.866328046166016
12 7 5.6580875153940715
13 7 5.252622407285907
4 8 2.9908593088121163
8 8 4.782618778040171
9 8 3.8175378819965844
4 9 2.248921964082739
5 9 0.5270060682219485
9 9 3.6907861763574403
10 9 0.6394840516486388
14 9 3.5298558095448036
23 9 4.040681433310794
24 9 3.124390701436639
1 10 -2.5517105722603652
5 10 1.2807778705983286
9 10 1.044949159756803
10 10 3.4237233911083953
14 10 2.7031772363603355
15 10 2.4800336850461258
18 10 3.396324416920281
1 11 -0.6264197104077874
5 11 0.3728553883946902
6 11 3.9353209176529678
11 11 3.663387202169326
17 11 5.139293721978904
20 11 4.2230029901047486
8 12 6.168913139160062
13 12 6.168913139160062
8 13 6.168913139160062
9 13 3.124390701436639
9 14 2.836708628984858
10 14 2.7031772363603355
14 14 4.49493670558839
18 14 4.782618778040171
36 14 4.782618778040171
1 15 -2.774854123574575
5 15 -0.6769667361039876
10 15 2.634184364873384
15 15 4.454114711068136
19 15 4.271793154274181
5 16 2.031083464998223
11 16 4.2230029901047486
16 16 4.782618778040171
17 17 4.782618778040171
20 17 6.168913139160062
39 17 5.475765958600117
41 17 5.475765958600117
18 18 4.782618778040171
36 18 6.168913139160062
40 18 5.070300850491952
45 18 4.377153669932007
5 19 0.9324711763301129
10 19 2.2977121282521713
15 19 4.5594752267259615
39 20 5.475765958600117
41 20 6.168913139160062
46 20 5.475765958600117
1 21 -0.47226903058052927
6 21 4.782618778040171
11 21 4.2230029901047486
10 22 2.9908593088121163
15 22 3.866328046166016
19 22 5.475765958600117
23 23 4.782618778040171
24 23 6.168913139160062
32 23 5.475765958600117
32 24 6.168913139160062
26 25 4.5594752267259615
27 25 5.763448031051897
6 26 3.173180865606071
11 26 4.2230029901047486
26 26 4.741796783519916
27 26 4.5594752267259615
26 27 5.252622407285907
27 27 5.070300850491952
28 28 2.778360447009321
30 28 1.297539912397314
28 29 2.3961522010654237
29 29 5.070300850491952
30 30 4.818986422211046
31 30 4.154010118617798
25 31 5.252622407285907
26 31 2.9500373142918614
31 31 5.147261891628081
33 31 5.6580875153940715
32 32 5.070300850491952
37 32 5.070300850491952
25 33 6.168913139160062
26 33 4.5594752267259615
27 33 5.070300850491952
11 34 3.5298558095448036
16 34 6.168913139160062
34 34 4.782618778040171
16 35 5.475765958600117
34 35 6.168913139160062
40 36 5.070300850491952
45 36 5.763448031051897
35 37 4.377153669932007
37 37 5.070300850491952
38 37 5.293444401806162
34 38 5.881231066708281
35 38 6.168913139160062
38 38 4.782618778040171
6 39 4.089471597480226
11 39 3.5298558095448036
21 39 5.475765958600117
41 39 5.475765958600117
46 39 4.782618778040171
50 39 4.377153669932007
15 40 2.7677157574979065
19 40 5.070300850491952
22 40 5.763448031051897
40 40 3.971688561823843
45 40 5.070300850491952
46 41 5.475765958600117
50 41 5.070300850491952
59 41 5.475765958600117
11 42 4.2230029901047486
21 42 6.168913139160062
39 42 5.475765958600117
29 43 1.332631232208584
43 43 2.800340984813983
44 43 1.044949159756803
29 44 3.8175378819965844
43 44 0.19765129936959946
44 44 4.446146541418958
22 45 5.070300850491952
40 45 5.581126474257943
45 45 5.070300850491952
21 46 5.475765958600117
39 46 4.782618778040171
42 46 5.475765958600117
50 46 4.377153669932007
59 46 5.475765958600117
47 47 4.782618778040171
52 47 2.4077130234664996
47 48 4.964940334834126
48 48 5.147261891628081
48 49 5.6580875153940715
39 50 4.377153669932007
42 50 5.763448031051897
46 50 5.070300850491952
50 50 3.971688561823843
58 50 5.070300850491952
59 50 5.070300850491952
51 51 2.8486848200315738
54 51 1.750072531363464
43 52 -0.9244914867087042
47 52 1.021418662346609
52 52 2.7450154801437017
53 52 0.9413759546730728
55 52 1.7145658429065542
52 53 0.2482287741131273
53 53 4.535521985703469
55 53 3.6039637816985253
54 54 5.070300850491952
57 54 3.771017866361692
55 55 5.070300850491952
56 55 5.475765958600117
52 56 2.120030951014719
56 56 5.188083886148336
48 57 3.2601922425957013
49 57 4.869630155029801
57 57 4.66895945956765
46 58 5.475765958600117
50 58 5.763448031051897
50 59 5.475765958600117
58 59 6.168913139160062
59 59 4.782618778040171
