1 0 6.168913139160062
2 0 6.168913139160062
171 0 5.070300850491952
171 1 6.168913139160062
1 2 6.168913139160062
171 2 5.763448031051897
0 3 6.168913139160062
1 3 6.168913139160062
2 3 6.168913139160062
3 4 6.168913139160062
5 4 6.168913139160062
6 4 6.168913139160062
0 5 6.168913139160062
2 5 6.168913139160062
3 5 6.168913139160062
0 6 6.168913139160062
3 6 6.168913139160062
5 6 6.168913139160062
4 7 6.168913139160062
5 7 6.168913139160062
6 7 6.168913139160062
9 8 5.881231066708281
9 9 5.188083886148336
90 9 5.881231066708281
92 9 5.475765958600117
93 9 4.782618778040171
12 10 5.6580875153940715
11 11 5.070300850491952
87 11 6.168913139160062
88 11 5.763448031051897
160 11 4.377153669932007
12 12 5.147261891628081
121 12 5.252622407285907
122 12 5.6580875153940715
125 12 4.5594752267259615
31 13 0.29211150037222006
14 14 5.188083886148336
51 14 5.475765958600117
15 15 5.070300850491952
52 15 6.168913139160062
70 15 5.475765958600117
10 16 5.321615278772859
12 16 3.712177366338758
15 16 4.916150170664694
16 16 4.474317418385655
16 17 4.628468098212913
17 17 4.49493670558839
31 17 -1.0941828607476707
18 18 4.782618778040171
19 18 6.168913139160062
103 18 5.475765958600117
19 19 4.782618778040171
101 19 5.881231066708281
103 19 6.168913139160062
20 20 4.782618778040171
21 20 6.168913139160062
28 20 1.7380963403167484
21 21 4.782618778040171
28 21 2.4312435208766936
31 21 -0.4010356801877253
28 22 2.4312435208766936
30 22 3.971688561823843
31 22 -0.8065007882958897
23 23 3.9559402048557035
26 23 4.184781777284551
31 23 -1.2765044175416254
61 23 4.089471597480226
24 24 4.5313043497592655
25 24 5.070300850491952
38 24 5.475765958600117
45 24 3.8663280461660166
114 24 3.5298558095448036
45 25 5.6580875153940715
18 26 4.782618778040171
19 26 3.173180865606071
26 26 4.202800282787229
34 26 3.866328046166016
35 26 4.271793154274181
59 26 4.5594752267259615
60 26 3.173180865606071
61 26 4.5594752267259615
119 26 2.4800336850461258
28 27 2.4312435208766936
31 27 -0.11335360773594438
11 28 3.124390701436639
16 28 2.2770928410494355
28 28 2.6055969080214716
31 28 -0.3852873232195862
28 29 2.4312435208766936
31 29 -0.11335360773594438
28 30 0.23401894354047423
30 30 4.259370634275624
31 30 -0.3646680360168505
8 31 -0.11335360773594438
9 31 -2.1927951494157805
14 31 -0.4010356801877253
17 31 -0.4010356801877253
23 31 -0.4010356801877253
26 31 -3.109085881289935
28 31 -0.6729693956713672
30 31 -0.5188187158441088
31 31 0.2540116541399495
32 31 -0.26750428756320277
33 31 0.10978994357826526
46 31 0.29211150037222006
47 31 -1.0941828607476707
54 31 -0.21871412339377072
24 32 4.829138793675064
25 32 4.2230029901047486
32 32 4.474317418385655
26 33 4.271793154274181
33 33 4.782618778040171
34 33 6.168913139160062
26 34 3.866328046166016
35 34 6.168913139160062
35 35 4.782618778040171
119 35 5.698909509914326
23 36 4.782618778040171
31 36 -0.8065007882958897
22 37 6.168913139160062
28 37 1.7380963403167484
30 37 3.971688561823843
37 37 4.782618778040171
114 38 5.321615278772859
28 39 2.4312435208766936
31 39 -0.11335360773594438
17 40 4.782618778040171
31 40 -0.11335360773594438
17 41 4.782618778040171
31 41 -0.8065007882958897
40 41 6.168913139160062
28 42 1.7380963403167484
31 42 -1.499647968855835
47 42 4.089471597480226
63 42 5.070300850491952
67 42 4.782618778040171
43 43 4.782618778040171
49 43 6.168913139160062
66 43 6.168913139160062
143 43 5.475765958600117
28 44 2.4312435208766936
31 44 -0.8065007882958897
39 44 6.168913139160062
43 45 5.475765958600117
45 45 5.147261891628081
49 45 4.5594752267259615
47 46 5.881231066708281
28 47 1.7380963403167484
31 47 -2.1927951494157805
42 47 5.188083886148336
47 47 4.49493670558839
63 47 4.782618778040171
20 48 5.986591582366107
21 48 4.377153669932007
48 48 5.070300850491952
65 49 6.168913139160062
66 49 6.168913139160062
143 49 6.168913139160062
28 50 1.332631232208584
39 50 5.763448031051897
44 50 6.168913139160062
50 50 5.070300850491952
51 51 5.070300850491952
127 51 5.070300850491952
131 51 6.168913139160062
132 51 5.763448031051897
69 52 6.168913139160062
70 52 6.168913139160062
53 53 5.070300850491952
55 53 5.070300850491952
56 53 6.168913139160062
8 54 4.5594752267259615
9 54 3.866328046166016
53 54 5.252622407285907
54 54 4.741796783519916
55 55 5.070300850491952
138 55 6.168913139160062
139 55 5.070300850491952
141 55 3.971688561823843
55 56 6.168913139160062
22 57 6.168913139160062
37 57 6.168913139160062
42 58 4.377153669932007
58 58 5.070300850491952
62 58 5.763448031051897
63 58 5.070300850491952
60 59 6.168913139160062
71 59 6.168913139160062
60 60 4.782618778040171
71 60 6.168913139160062
72 60 4.377153669932007
73 60 6.168913139160062
59 61 6.168913139160062
60 61 6.168913139160062
31 62 -0.8065007882958897
42 62 5.475765958600117
47 62 4.782618778040171
42 63 4.377153669932007
47 63 3.6840064893720617
58 63 3.971688561823843
62 63 5.070300850491952
63 63 3.971688561823843
67 63 5.763448031051897
37 64 5.881231066708281
57 64 6.168913139160062
64 64 4.782618778040171
48 65 6.168913139160062
48 66 5.070300850491952
65 66 6.168913139160062
143 66 6.168913139160062
58 67 5.986591582366107
67 67 4.782618778040171
75 68 6.168913139160062
76 68 6.168913139160062
77 68 6.168913139160062
68 69 6.168913139160062
75 69 6.168913139160062
76 69 6.168913139160062
68 70 6.168913139160062
69 70 6.168913139160062
70 70 4.782618778040171
76 70 5.475765958600117
72 71 5.763448031051897
73 71 6.168913139160062
64 72 4.377153669932007
72 72 5.070300850491952
74 72 5.986591582366107
72 73 6.168913139160062
57 74 5.475765958600117
64 74 6.168913139160062
74 74 4.782618778040171
77 75 6.168913139160062
79 75 6.168913139160062
80 75 5.475765958600117
75 76 6.168913139160062
77 76 6.168913139160062
79 76 6.168913139160062
79 77 6.168913139160062
80 77 6.168913139160062
4 78 6.168913139160062
6 78 6.168913139160062
7 78 6.168913139160062
80 79 6.168913139160062
81 79 6.168913139160062
7 80 5.475765958600117
78 80 6.168913139160062
80 80 4.782618778040171
81 80 6.168913139160062
4 81 6.168913139160062
7 81 6.168913139160062
78 81 6.168913139160062
107 82 6.168913139160062
154 82 6.168913139160062
82 83 6.168913139160062
83 83 4.782618778040171
107 83 6.168913139160062
154 83 4.782618778040171
82 84 6.168913139160062
83 84 6.168913139160062
83 85 6.168913139160062
84 85 6.168913139160062
83 86 5.475765958600117
84 86 6.168913139160062
85 86 6.168913139160062
88 87 6.168913139160062
160 87 6.168913139160062
160 88 6.168913139160062
162 88 6.168913139160062
31 89 -1.499647968855835
89 89 4.782618778040171
147 89 6.168913139160062
148 89 6.168913139160062
91 90 5.475765958600117
92 90 6.168913139160062
93 90 6.168913139160062
84 91 5.475765958600117
85 91 6.168913139160062
86 91 6.168913139160062
91 91 4.782618778040171
91 92 6.168913139160062
93 92 6.168913139160062
86 93 6.168913139160062
91 93 6.168913139160062
94 94 4.782618778040171
139 94 4.782618778040171
140 94 6.168913139160062
141 94 5.070300850491952
110 95 6.168913139160062
112 95 6.168913139160062
95 96 6.168913139160062
96 96 4.782618778040171
110 96 4.782618778040171
112 96 6.168913139160062
95 97 6.168913139160062
96 97 6.168913139160062
28 98 3.124390701436639
99 98 5.475765958600117
28 99 3.124390701436639
31 99 -1.499647968855835
108 99 5.475765958600117
28 100 0.8218056084425932
99 100 4.964940334834126
100 100 5.147261891628081
108 100 5.252622407285907
101 101 4.782618778040171
102 101 6.168913139160062
105 101 3.866328046166016
118 101 6.168913139160062
105 102 5.252622407285907
118 102 6.168913139160062
101 103 6.168913139160062
102 103 6.168913139160062
27 104 6.168913139160062
28 104 2.4312435208766936
31 104 -1.499647968855835
104 104 4.782618778040171
104 105 4.964940334834126
105 105 5.147261891628081
106 105 5.6580875153940715
27 106 6.168913139160062
104 106 6.168913139160062
153 107 6.168913139160062
154 107 6.168913139160062
28 108 3.124390701436639
31 108 -0.8065007882958897
28 109 2.4312435208766936
29 109 6.168913139160062
31 109 -0.8065007882958897
29 110 5.475765958600117
109 110 6.168913139160062
110 110 4.782618778040171
111 110 6.168913139160062
28 111 2.4312435208766936
29 111 6.168913139160062
109 111 6.168913139160062
110 112 6.168913139160062
111 112 6.168913139160062
123 113 6.168913139160062
144 113 6.168913139160062
146 113 6.168913139160062
113 114 5.321615278772859
114 114 4.985143042151646
123 114 4.916150170664694
144 114 4.2230029901047486
116 115 6.168913139160062
117 115 6.168913139160062
100 116 5.6580875153940715
100 117 4.964940334834126
116 117 6.168913139160062
117 117 4.782618778040171
105 118 5.6580875153940715
96 119 4.089471597480226
97 119 5.475765958600117
119 119 5.188083886148336
120 119 5.881231066708281
96 120 6.168913139160062
97 120 6.168913139160062
125 121 6.168913139160062
136 121 6.168913139160062
137 121 6.168913139160062
121 122 6.168913139160062
125 122 6.168913139160062
136 122 6.168913139160062
144 123 6.168913139160062
146 123 6.168913139160062
159 123 6.168913139160062
17 124 4.089471597480226
40 124 6.168913139160062
41 124 6.168913139160062
124 124 4.782618778040171
136 125 6.168913139160062
137 125 6.168913139160062
152 125 5.475765958600117
126 126 5.070300850491952
128 126 5.986591582366107
130 126 5.070300850491952
126 127 6.168913139160062
98 128 5.475765958600117
128 128 4.782618778040171
129 128 6.168913139160062
130 128 6.168913139160062
28 129 2.4312435208766936
98 129 6.168913139160062
99 129 5.475765958600117
98 130 6.168913139160062
99 130 5.475765958600117
129 130 6.168913139160062
126 131 5.070300850491952
127 131 6.168913139160062
132 131 6.168913139160062
126 132 5.763448031051897
127 132 6.168913139160062
115 133 6.168913139160062
117 133 5.475765958600117
134 133 6.168913139160062
115 134 6.168913139160062
117 134 6.168913139160062
115 135 5.475765958600117
133 135 6.168913139160062
134 135 6.168913139160062
135 135 4.782618778040171
137 136 6.168913139160062
152 136 6.168913139160062
151 137 5.475765958600117
152 137 6.168913139160062
139 138 5.475765958600117
141 138 5.763448031051897
94 139 4.782618778040171
133 139 5.475765958600117
135 139 5.475765958600117
141 139 5.070300850491952
135 140 5.475765958600117
139 140 5.475765958600117
141 140 5.070300850491952
94 141 5.763448031051897
135 141 5.070300850491952
139 141 4.377153669932007
140 141 5.070300850491952
141 141 3.971688561823843
13 142 6.168913139160062
31 142 -0.11335360773594438
48 143 5.763448031051897
65 143 6.168913139160062
146 144 6.168913139160062
157 144 6.168913139160062
159 144 6.168913139160062
41 145 6.168913139160062
124 145 6.168913139160062
156 146 5.070300850491952
157 146 6.168913139160062
159 146 6.168913139160062
31 147 0.29211150037222006
31 148 -0.11335360773594438
147 148 6.168913139160062
23 149 4.089471597480226
36 149 6.168913139160062
150 149 6.168913139160062
23 150 4.782618778040171
36 150 6.168913139160062
50 151 5.986591582366107
151 151 4.782618778040171
50 152 4.377153669932007
151 152 6.168913139160062
152 152 4.782618778040171
163 153 6.168913139160062
164 153 6.168913139160062
165 153 6.168913139160062
153 154 6.168913139160062
154 154 4.782618778040171
163 154 6.168913139160062
164 154 5.475765958600117
13 155 6.168913139160062
31 155 -1.499647968855835
142 155 6.168913139160062
155 155 4.782618778040171
124 156 5.475765958600117
145 156 5.763448031051897
156 156 4.664835742383788
158 156 5.070300850491952
156 157 5.070300850491952
158 157 6.168913139160062
145 158 5.475765958600117
156 158 5.763448031051897
158 158 4.782618778040171
156 159 5.070300850491952
157 159 6.168913139160062
158 159 5.475765958600117
160 160 4.782618778040171
161 160 5.188083886148336
162 160 6.168913139160062
89 161 5.698909509914326
148 161 4.782618778040171
161 161 5.188083886148336
161 162 5.881231066708281
164 163 6.168913139160062
165 163 6.168913139160062
166 163 5.475765958600117
165 164 6.168913139160062
166 164 6.168913139160062
166 165 6.168913139160062
168 165 6.168913139160062
166 166 4.782618778040171
167 166 5.475765958600117
168 166 6.168913139160062
142 167 5.070300850491952
155 167 5.986591582366107
167 167 5.070300850491952
167 168 6.168913139160062
36 169 6.168913139160062
149 169 6.168913139160062
150 169 6.168913139160062
149 170 6.168913139160062
150 170 6.168913139160062
169 170 6.168913139160062
149 171 5.070300850491952
169 171 5.763448031051897
170 171 6.168913139160062
171 171 5.070300850491952
