0 0 0.040150567349413135
3 0 0.04652001563489291
4 0 -0.35894509247327144
5 0 -3.1315338147130527
0 1 0.0465200156348927
0 2 -0.35894509247327144
1 2 4.700480365792417
4 3 4.700480365792417
5 3 3.3141860046725258
5 4 3.71965111278069
5 5 3.431969040328909
6 5 3.71965111278069
7 5 3.3141860046725258
8 5 2.6210388241125804
2 6 4.700480365792417
7 6 4.700480365792417
8 6 4.700480365792417
1 7 4.700480365792417
2 7 4.700480365792417
8 7 4.700480365792417
0 8 -1.0520922730332167
1 8 4.700480365792417
2 8 4.700480365792417
