0 0 0.20219869521481335
3 0 -2.2348900802226943
6 0 0.25001656956530605
7 0 -0.15544853854285817
8 0 -2.522572152674475
11 0 -2.6403551883308585
12 0 0.25001656956530605
14 0 -0.1554485385428583
0 1 0.25001656956530605
0 2 0.25001656956530605
0 3 -0.1554485385428583
1 3 3.196402969016142
0 4 -0.1554485385428583
1 4 3.196402969016142
0 5 -0.1554485385428583
2 5 4.295015257684252
1 6 1.4916548767777167
3 6 1.6094379124341003
7 6 2.995732273553991
8 6 2.0149030205422647
0 7 -2.553343811341229
1 7 1.4916548767777167
3 7 1.6094379124341003
8 7 2.4203681286504293
0 8 -3.110358817576594
1 8 1.6277870511022967
3 8 2.082042323379893
8 8 1.7620993887098908
9 8 -0.26933293378358447
10 8 2.2155737160044158
11 8 -0.26933293378358447
13 8 2.6210388241125804
15 8 2.2155737160044158
16 8 0.4726044109457928
0 9 -2.6403551883308585
1 9 1.404643499788087
3 9 2.2155737160044158
8 9 2.3697243958316743
8 10 2.2155737160044158
9 10 3.6018680771243066
0 11 -2.6403551883308585
1 11 2.0977906803480324
3 11 1.5224265354444706
4 11 3.6018680771243066
8 11 1.8101086078962514
9 11 3.4195465203303517
9 12 3.6018680771243066
11 12 3.6018680771243066
14 12 5.393627546352362
8 13 -0.6747980418917489
9 13 2.0977906803480324
10 13 3.196402969016142
11 13 1.404643499788087
15 13 3.196402969016142
16 13 2.83972802507741
8 14 1.5224265354444706
9 14 3.6018680771243066
11 14 3.6018680771243066
8 15 -0.5570150062353654
9 15 1.5224265354444706
11 15 2.2155737160044158
16 15 3.3141860046725258
0 16 -2.745715703988685
1 16 0.20067069546215105
2 16 3.0910424533583156
3 16 0.3184537311185345
4 16 3.0910424533583156
5 16 3.4965075614664802
8 16 -0.7801585575495751
9 16 2.3978952727983702
11 16 3.004031076368686
16 16 2.34660197841082
