0 0 4.007333185232471
1 0 4.700480365792417
1 1 3.5610460826040513
2 1 4.295015257684252
3 1 1.0541605260972757
4 1 2.280112237141987
27 1 3.0910424533583156
1 2 3.378724525810097
2 2 3.196402969016142
4 2 2.0977906803480324
10 2 4.295015257684252
11 2 2.908720896564361
27 2 4.295015257684252
3 3 2.5070293778398365
4 3 1.159521041755102
23 3 0.5664573197521393
0 4 4.112693700890297
1 4 1.5869650565820417
3 4 0.46637386119515667
4 4 3.8895501495760874
6 5 2.8813219223762467
6 6 2.7669115711985026
7 6 0.9354117733209334
44 6 0.3163725649147101
47 6 2.8813219223762467
7 7 3.699031825577954
8 7 3.1600353248452673
8 8 4.412798293340635
9 8 3.8531825054052127
9 9 4.209857449343945
26 9 3.2935667174697896
1 10 3.0910424533583156
2 10 3.6018680771243066
11 10 4.007333185232471
13 10 3.3141860046725258
27 10 4.007333185232471
2 11 2.908720896564361
10 11 4.007333185232471
11 11 3.3141860046725258
13 11 4.007333185232471
27 11 4.007333185232471
68 11 3.3141860046725258
12 12 2.1484344131667874
10 13 3.3141860046725258
11 13 4.007333185232471
13 13 3.71965111278069
68 13 4.700480365792417
14 14 4.209857449343945
15 14 4.364008129171203
33 14 3.447717397297048
15 15 4.007333185232471
32 15 5.10594547390058
33 15 5.393627546352362
14 16 -1.8354863314409402
16 16 1.1883099757653657
17 16 0.02341244062474326
21 16 -2.4416221350112557
14 17 2.572248659943148
17 17 3.368253225942801
18 17 3.6018680771243066
22 17 3.3141860046725258
18 18 4.295015257684252
19 18 4.988162438244197
19 19 4.295015257684252
20 19 5.393627546352362
34 19 4.988162438244197
35 19 4.295015257684252
34 20 5.393627546352362
35 20 5.393627546352362
42 20 5.393627546352362
16 21 -1.7382707842770688
21 21 2.0673088683544187
36 21 1.455287232606842
3 22 0.1786917887433759
22 22 4.412798293340635
23 22 1.9791849379401856
3 23 0.4923493475984175
6 23 -1.8548765260182485
23 23 2.60709159663173
24 23 2.8546536752940854
25 23 2.736870639637702
23 24 2.8546536752940854
6 25 2.2935352574741277
23 25 1.7560413866259756
25 25 3.196402969016142
26 26 4.209857449343945
28 26 3.8531825054052127
1 27 3.784189633918261
2 27 3.6018680771243066
10 27 4.007333185232471
11 27 4.007333185232471
28 28 4.412798293340635
29 28 4.412798293340635
40 28 4.412798293340635
12 29 1.455287232606842
40 29 4.700480365792417
41 29 2.5032557884561966
12 30 1.742969305058623
29 30 4.700480365792417
12 31 1.0498221244986776
29 31 4.700480365792417
30 31 5.393627546352362
17 32 3.8250116284385163
32 32 4.007333185232471
17 33 2.908720896564361
32 33 5.393627546352362
35 34 5.393627546352362
42 34 5.393627546352362
43 34 5.393627546352362
42 35 5.393627546352362
43 35 5.393627546352362
50 35 5.393627546352362
36 36 4.412798293340635
45 36 5.10594547390058
48 36 4.007333185232471
21 37 2.1484344131667874
21 38 1.742969305058623
37 38 5.393627546352362
21 39 2.1484344131667874
40 40 4.007333185232471
41 40 4.112693700890297
29 41 2.5032557884561966
30 41 3.8895501495760874
31 41 4.295015257684252
41 41 4.043700829403345
43 42 5.393627546352362
50 42 5.393627546352362
54 42 4.700480365792417
50 43 5.393627546352362
54 43 5.393627546352362
5 44 3.9272904775589343
6 44 0.3163725649147101
44 44 3.7602363928957683
48 45 4.988162438244197
51 45 4.700480365792417
21 46 1.0498221244986776
37 46 5.393627546352362
38 46 5.393627546352362
44 47 3.9272904775589343
21 48 0.6443570163905132
39 48 4.295015257684252
48 48 3.196402969016142
51 48 4.988162438244197
55 48 4.295015257684252
21 49 1.0498221244986776
39 49 5.393627546352362
48 49 4.295015257684252
54 50 5.393627546352362
58 50 4.700480365792417
51 51 4.007333185232471
55 51 5.393627546352362
61 51 4.700480365792417
62 51 5.393627546352362
37 52 4.700480365792417
38 52 5.393627546352362
46 52 5.393627546352362
52 52 4.007333185232471
39 53 5.393627546352362
48 53 4.295015257684252
49 53 5.393627546352362
54 54 4.007333185232471
58 54 5.393627546352362
65 54 4.700480365792417
61 55 5.393627546352362
62 55 5.393627546352362
66 55 4.700480365792417
46 56 5.393627546352362
52 56 5.393627546352362
48 57 4.295015257684252
49 57 5.393627546352362
53 57 5.393627546352362
58 58 4.007333185232471
65 58 5.393627546352362
69 58 4.700480365792417
52 59 5.393627546352362
56 59 5.393627546352362
52 60 4.700480365792417
56 60 5.393627546352362
59 60 5.393627546352362
66 61 5.393627546352362
67 61 4.295015257684252
61 62 5.393627546352362
66 62 5.393627546352362
49 63 4.700480365792417
53 63 5.393627546352362
57 63 5.393627546352362
63 63 4.007333185232471
56 64 4.700480365792417
59 64 5.393627546352362
60 64 5.393627546352362
64 64 4.007333185232471
69 65 5.393627546352362
66 66 4.007333185232471
67 66 4.295015257684252
70 66 5.10594547390058
57 67 4.295015257684252
63 67 4.988162438244197
67 67 3.196402969016142
70 67 4.295015257684252
71 67 3.196402969016142
11 68 3.3141860046725258
13 68 4.700480365792417
68 68 4.007333185232471
60 69 4.295015257684252
64 69 5.211305989558407
69 69 4.295015257684252
70 70 4.007333185232471
71 70 5.211305989558407
63 71 3.6018680771243066
67 71 4.8058408814502425
71 71 4.295015257684252
