0 0 0.22758031731297707
1 0 -2.9143249989186577
3 0 -0.14173627667887634
7 0 0.26372883142928805
9 0 -0.2595193123352598
10 0 -2.8402170267649356
14 0 -3.232778730037192
0 1 0.26372883142928805
0 2 0.26372883142928805
0 3 -0.14173627667887634
1 3 3.3141860046725258
0 4 -0.14173627667887634
1 4 3.3141860046725258
0 5 -0.14173627667887634
1 5 3.3141860046725258
0 6 -0.8348834572388216
2 6 4.700480365792417
8 6 4.700480365792417
9 6 2.5032557884561966
10 6 0.7492366472109887
0 7 -3.032108034575041
1 7 1.1169614273363062
3 7 3.196402969016142
9 7 3.0786199333597586
10 7 1.8842165800499733
14 7 0.7985076962177714
16 7 0.9991783916799226
9 8 3.196402969016142
10 8 2.1355310083308794
10 9 2.4232130807826606
14 9 0.7985076962177714
16 9 0.9991783916799226
17 9 0.10536051565782614
0 10 -2.994367706592194
1 10 1.8478489358790986
4 10 2.540996116439044
10 10 1.6807948512159323
11 10 0.05608946665104337
12 10 1.442383827770934
13 10 -0.5035263212843794
14 10 2.340325420976893
16 10 1.8842165800499733
17 10 0.14310084364067324
10 11 2.4074647238145213
13 11 1.3682758556172123
14 11 0.9162907318741551
16 11 1.1169614273363062
10 12 2.1355310083308794
11 12 3.3141860046725258
0 13 -2.780793606294135
1 13 1.3682758556172123
5 13 3.447717397297048
10 13 1.288233147943676
11 13 3.1600353248452673
12 13 2.7545702167371027
14 13 1.0498221244986776
15 13 3.447717397297048
16 13 1.250492819960829
10 14 -0.262364264467491
11 14 2.302585092994046
12 14 2.302585092994046
13 14 1.742969305058623
16 14 2.995732273553991
17 14 2.5437471498109336
10 15 1.442383827770934
11 15 3.3141860046725258
12 15 4.007333185232471
10 16 -0.0616935690053399
11 16 1.8101086078962514
13 16 1.9436400005207741
17 16 3.149882953381249
0 17 -3.9259259105971376
1 17 0.22314355131420976
2 17 2.995732273553991
5 17 2.995732273553991
6 17 3.4011973816621555
8 17 2.995732273553991
9 17 0.10536051565782614
10 17 -1.6486586255873816
11 17 1.6094379124341003
12 17 1.6094379124341003
13 17 3.0647251450409425
14 17 -0.09531017980432477
15 17 2.995732273553991
17 17 2.3895964699836756
