0 0 3.196402969016142
1 0 1.3772445255999728
2 0 -1.794029617762594
9 0 3.447717397297048
10 0 3.6018680771243066
0 1 2.2935352574741277
1 1 2.3764843404548786
2 1 -1.6672779121234504
3 1 1.983380329170288
10 1 0.39641527258824644
11 1 1.1765738301378217
13 1 0.1732717212740366
24 1 1.2718840099421465
1 2 -0.9051378600765535
2 2 0.37093409735540384
4 2 -0.18459170532849364
5 2 -1.794029617762594
12 2 -0.8495680089217429
1 3 0.27863223693186284
2 3 -1.794029617762594
3 3 3.397073664478293
7 3 4.295015257684252
13 3 3.196402969016142
44 3 3.6018680771243066
2 4 -0.6954173290944846
4 4 3.196402969016142
5 4 4.582697330136033
14 4 4.295015257684252
2 5 -1.100882437202649
4 5 3.196402969016142
5 5 3.196402969016142
14 5 4.988162438244197
16 5 4.295015257684252
1 6 1.782709633708137
3 6 3.8895501495760874
44 7 5.393627546352362
53 7 4.700480365792417
2 8 0.2208734027796706
8 8 4.007333185232471
9 9 4.209857449343945
10 9 3.8531825054052127
0 10 4.007333185232471
1 10 1.4950275612563562
9 10 3.1600353248452673
10 10 3.71965111278069
1 11 0.07796154146971192
2 11 -1.9947003132247452
11 11 3.4310503448118364
23 11 3.2188758248682006
25 11 3.4011973816621555
2 12 -1.0318895657156975
11 12 2.659260036932778
12 12 3.8043923412357805
23 12 2.0614230361771577
13 13 4.37197629882038
15 13 4.882801922586371
27 13 3.784189633918261
16 14 4.988162438244197
17 14 4.700480365792417
27 15 5.393627546352362
2 16 -1.794029617762594
4 16 3.196402969016142
5 16 3.196402969016142
16 16 3.196402969016142
17 16 4.295015257684252
18 16 4.700480365792417
4 17 3.6018680771243066
5 17 3.6018680771243066
16 17 3.6018680771243066
18 17 4.700480365792417
20 17 4.700480365792417
18 18 4.007333185232471
20 18 5.393627546352362
28 18 4.700480365792417
30 18 4.700480365792417
5 19 4.295015257684252
16 19 4.295015257684252
17 19 4.700480365792417
28 20 4.700480365792417
30 20 5.393627546352362
32 20 5.393627546352362
2 21 -0.6954173290944846
8 21 5.393627546352362
22 22 4.295015257684252
24 22 3.091042453358316
23 23 4.412798293340635
35 23 4.700480365792417
1 24 0.5787368293822011
2 24 -1.8993901334204204
22 24 3.0910424533583156
24 24 3.6788291182604347
11 25 2.302585092994046
25 25 3.71965111278069
26 25 3.3141860046725258
36 25 4.007333185232471
37 25 3.71965111278069
1 26 1.0895624531481918
2 26 -1.38856450965443
11 26 2.995732273553991
12 26 3.447717397297048
27 27 4.295015257684252
40 27 5.211305989558407
49 27 4.295015257684252
16 28 3.6018680771243066
17 28 4.007333185232471
19 28 4.700480365792417
30 28 4.700480365792417
32 28 4.700480365792417
33 28 3.0910424533583156
17 29 4.700480365792417
19 29 5.393627546352362
28 29 4.700480365792417
32 30 5.393627546352362
33 30 4.477336814478206
19 31 5.393627546352362
28 31 4.700480365792417
29 31 5.393627546352362
33 32 4.477336814478206
41 32 4.700480365792417
28 33 3.0910424533583156
29 33 4.477336814478206
31 33 4.882801922586371
33 33 3.784189633918261
41 33 4.477336814478206
8 34 5.393627546352362
21 34 5.393627546352362
35 35 4.295015257684252
45 35 5.393627546352362
52 35 4.700480365792417
36 36 3.196402969016142
37 36 4.007333185232471
39 36 4.988162438244197
46 36 4.295015257684252
48 36 3.6018680771243066
11 37 1.6094379124341003
25 37 3.71965111278069
26 37 4.007333185232471
36 37 3.6018680771243066
37 37 3.71965111278069
39 37 4.007333185232471
12 38 3.8531825054052127
26 38 4.700480365792417
38 38 4.007333185232471
46 39 4.700480365792417
48 39 5.393627546352362
40 40 4.007333185232471
49 40 5.393627546352362
55 40 5.393627546352362
56 40 4.700480365792417
33 41 4.700480365792417
41 41 4.007333185232471
21 42 5.393627546352362
34 42 5.393627546352362
43 42 5.393627546352362
8 43 4.700480365792417
21 43 5.393627546352362
34 43 5.393627546352362
44 44 4.007333185232471
53 44 5.393627546352362
58 44 3.3141860046725258
52 45 5.393627546352362
59 45 4.700480365792417
36 46 3.6018680771243066
37 46 4.007333185232471
46 46 4.007333185232471
48 46 4.700480365792417
26 47 4.700480365792417
38 47 5.393627546352362
36 48 4.295015257684252
37 48 3.3141860046725258
46 48 4.700480365792417
48 48 4.007333185232471
55 49 5.393627546352362
56 49 5.393627546352362
62 49 5.393627546352362
34 50 5.393627546352362
42 50 5.393627546352362
43 50 5.393627546352362
3 51 3.8895501495760874
6 51 5.393627546352362
52 52 4.007333185232471
59 52 5.393627546352362
66 52 4.700480365792417
53 53 4.007333185232471
58 53 4.700480365792417
63 53 3.3141860046725258
38 54 5.393627546352362
47 54 5.393627546352362
56 55 5.393627546352362
62 55 5.393627546352362
69 55 5.393627546352362
62 56 5.393627546352362
68 56 5.393627546352362
69 56 5.393627546352362
42 57 5.393627546352362
43 57 5.393627546352362
50 57 5.393627546352362
3 58 1.8101086078962514
6 58 4.700480365792417
51 58 4.700480365792417
58 58 3.3141860046725258
63 58 4.007333185232471
70 58 2.3978952727983702
59 59 4.007333185232471
64 59 5.393627546352362
66 59 5.393627546352362
71 59 3.0910424533583156
38 60 4.700480365792417
47 60 5.393627546352362
54 60 5.393627546352362
47 61 5.393627546352362
54 61 5.393627546352362
60 61 5.393627546352362
68 62 5.393627546352362
69 62 5.393627546352362
73 62 4.295015257684252
51 63 4.007333185232471
58 63 4.007333185232471
63 63 3.3141860046725258
70 63 4.007333185232471
71 64 4.882801922586371
42 65 4.700480365792417
50 65 5.393627546352362
57 65 5.393627546352362
65 65 4.007333185232471
64 66 5.393627546352362
71 66 4.477336814478206
54 67 5.393627546352362
60 67 5.393627546352362
61 67 5.393627546352362
73 68 5.393627546352362
68 69 5.393627546352362
73 69 4.988162438244197
58 70 2.3978952727983702
63 70 4.007333185232471
70 70 4.37197629882038
57 71 3.784189633918261
65 71 4.700480365792417
71 71 4.37197629882038
60 72 5.393627546352362
61 72 5.393627546352362
67 72 5.393627546352362
67 73 4.295015257684252
72 73 4.988162438244197
73 73 4.295015257684252
74 73 5.393627546352362
61 74 5.393627546352362
67 74 5.393627546352362
72 74 5.393627546352362
