0 0 0.038372716494451585
3 0 0.044451762570833796
4 0 -0.3610133455373306
5 0 -2.4404548872171667
0 1 0.044451762570833796
0 2 -0.3610133455373306
1 2 4.74493212836325
4 3 4.74493212836325
5 3 4.051784947803305
5 4 4.457250055911469
0 5 -2.4404548872171667
1 5 3.3586377672433594
2 5 3.3586377672433594
5 5 3.0709556947915786
8 5 4.457250055911469
9 5 4.051784947803305
10 5 2.26002547857525
1 6 4.74493212836325
2 6 4.74493212836325
5 6 3.3586377672433594
2 7 4.74493212836325
5 7 3.3586377672433594
6 7 4.74493212836325
9 8 4.74493212836325
10 8 4.339467020255086
10 9 4.74493212836325
5 10 2.26002547857525
6 10 4.339467020255086
7 10 4.74493212836325
10 10 3.64631983969514
