0 0 1.378856762087097
1 0 -2.3608671677616466
3 0 0.06981792785971454
4 0 -1.7482588496857139
5 0 -1.8972944288462017
9 0 1.2248464729392512
10 0 -1.3836157360978045
12 0 0.5876122209417987
13 0 -1.8869850591873405
15 0 0.9553370010671158
18 0 1.3608021091752804
19 0 -0.7186394325045555
21 0 0.4853333718213806
22 0 -1.2638664829878787
23 0 -2.6645495815598688
24 0 -0.025492251944610255
25 0 -2.438425402107521
26 0 -5.143486064361365
0 1 1.2419206187993277
1 1 -0.6990612698102302
3 1 1.243271057897199
7 1 1.3486315735550252
9 1 1.2600781762135804
10 1 -0.41495701870633345
12 1 0.5754416853215436
13 1 -1.42915196556186
15 1 0.9431664654468608
18 1 1.3486315735550252
21 1 1.3486315735550252
22 1 -0.8060333893623981
23 1 -1.2904257560602332
25 1 -2.1629138652759954
0 2 1.0649899106402492
9 2 1.3982285146943974
12 2 1.370371560191431
13 2 0.21307576969523115
0 3 0.1799517222701987
1 3 1.482162966179548
3 3 0.12865842788264795
4 3 -0.9009609892985102
9 3 0.8386127267589746
10 3 2.171732325391609
12 3 1.416891575826324
13 3 -0.5288615750341462
16 3 -0.4019698231795223
19 3 1.7380963403167484
21 3 1.332631232208584
24 3 1.7380963403167484
26 3 -2.6867502915400614
0 4 0.7117105557026552
1 4 1.887628074287712
3 4 1.4504142678649676
4 4 -0.7831779536421268
9 4 0.8992373485754095
10 4 1.3915737678420343
12 4 0.11760859169606327
13 4 -2.4259815599200274
15 4 1.044949159756803
18 4 0.7572670873050223
19 4 1.4504142678649676
21 4 1.044949159756803
24 4 1.4504142678649676
26 4 -2.974432363991842
0 5 -0.11366508570139681
1 5 1.422739545708747
3 5 1.3013786887044796
4 5 -0.421387909036624
6 5 2.91081660113858
9 5 0.6250386264609157
10 5 2.2458402975453313
11 5 2.2176694205786345
12 5 1.4444795323451531
13 5 -0.5601141185382505
19 5 2.2176694205786345
22 5 -0.6301427228987342
2 6 4.782618778040171
4 6 1.4504142678649676
9 6 1.3982285146943974
11 6 4.089471597480226
12 6 2.0635187407513764
0 7 0.6595248025320849
2 7 5.475765958600117
6 7 4.782618778040171
20 7 5.475765958600117
11 8 4.782618778040171
12 8 2.0635187407513764
13 8 0.5007578421470122
22 8 0.8361943458946931
0 9 -2.031718280253744
1 9 0.043682851889087194
3 9 1.7347007513156103
4 9 0.14546554619902927
7 9 1.3982285146943974
9 9 -0.8875494599832672
10 9 1.0209342835529291
12 9 1.7701709307639184
13 9 0.35504603096561843
16 9 0.17445308307228174
17 9 -1.0295197212536544
19 9 1.3982285146943974
20 9 2.0913756952543427
21 9 2.0913756952543427
22 9 0.9017916283805063
24 9 0.7050813341344521
25 9 0.45163243332491326
26 9 -3.7197652977223576
0 10 -1.419916739147751
1 10 0.9431664654468608
3 10 1.9410371843134389
4 10 0.5749455305110676
5 10 0.42590995135057974
9 10 -0.3935309545336578
10 10 0.9395886440989768
12 10 1.7758366682995956
13 10 0.6726080990736713
16 10 -0.535501215804045
19 10 1.6045649476922257
21 10 1.1990998395840615
22 10 -0.5501000152251975
25 10 -1.2138333105788497
1 11 0.65548439299508
4 11 0.7572670873050223
12 11 2.0635187407513764
13 11 0.9062229502551764
16 11 1.25625825342401
22 11 0.548512273442912
0 12 -2.0650547005213356
1 12 -0.1231849610030274
3 12 -0.24454581800729483
4 12 0.8659009283078177
9 12 -2.0194981689189686
10 12 0.5175942340396019
12 12 -1.3542079428619893
13 12 1.0438443281312242
14 12 -1.4076966278129757
16 12 0.6111202920504254
17 12 -0.7751740690694653
19 12 1.3648920944268057
22 12 1.257919974874638
23 12 0.11212912593143752
24 12 1.3648920944268057
25 12 0.6259353778355661
26 12 -1.9613422487618948
0 13 -1.5121229330144847
1 13 0.7109141979344109
3 13 -0.9908970346307048
4 13 1.1713307006684184
5 13 -0.965579226646415
8 13 -0.1923893384129331
9 13 -1.2254043445952298
10 13 -0.046435425789853484
12 13 -2.506024267593564
13 13 1.0001190360223036
14 13 -1.643222220670395
16 13 0.2702341835351798
17 13 -1.7038468424868296
22 13 1.1147677021482336
23 13 -1.0396871988001368
25 13 0.6718222444163324
26 13 -1.6090811767171949
0 14 -1.553448131772274
1 14 0.5909458718575089
4 14 1.242774903086723
9 14 -1.374360207545384
10 14 -1.139852897580859
12 14 -2.0953643426082955
13 14 1.224676681373711
14 14 -1.4557058469993363
16 14 0.09310744361832915
17 14 -1.1108653607076067
18 14 0.6237356946804996
22 14 0.9539773815510764
23 14 -1.3221744543748135
25 14 0.3702867938709609
26 14 -2.7024986485082003
5 15 2.5053514930304157
10 15 1.920417897110703
12 15 0.9649064520832669
14 15 1.6045649476922257
16 15 2.2370875064357363
23 15 2.4312435208766936
0 16 -2.8668357220840766
1 16 -0.38596948183308105
4 16 -0.6896518956313031
5 16 1.4638976182022545
6 16 1.9494054339839553
9 16 -1.4349848293618186
10 16 0.18581684172259674
12 16 -1.462841783864785
13 16 0.6379589636604972
14 16 1.5747119845425448
16 16 1.0621022389830528
17 16 -0.8838079100722606
19 16 1.25625825342401
22 16 0.01788402238074166
23 16 2.0183983054709067
25 16 0.22961946438098968
26 16 -2.06997608976469
0 17 -2.8668357220840766
1 17 0.3872204064004007
2 17 1.25625825342401
3 17 -1.0463268395700356
4 17 0.5631110728640647
5 17 1.581680653858638
7 17 1.25625825342401
9 17 -1.4349848293618186
10 17 0.18581684172259674
12 17 -1.0573766757566205
13 17 0.5579162559869607
14 17 1.6823426487349102
16 17 0.36895505842310744
17 17 -1.5769550906322058
22 17 0.28024828684823283
23 17 1.25625825342401
25 17 0.3837701442082479
26 17 -1.915825409937432
5 18 2.2176694205786345
10 18 1.632735824658922
15 18 4.782618778040171
16 18 1.9494054339839553
23 18 2.143561448424913
24 18 3.396324416920281
26 18 -0.3353750343765838
6 19 4.089471597480226
11 19 3.396324416920281
12 19 0.6772243796314859
17 19 0.5631110728640647
24 19 4.49493670558839
26 19 0.5809156974975714
2 20 5.475765958600117
6 20 5.475765958600117
9 20 2.0913756952543427
5 21 1.8122043124704703
6 21 3.6840064893720617
7 21 3.6840064893720617
10 21 1.2272707165507577
14 21 0.9114177671322805
16 21 0.8507931453158456
17 21 1.25625825342401
20 21 4.377153669932007
23 21 1.044949159756803
25 21 1.5587554116609317
26 21 -0.740840142484748
1 22 -2.192327750482289
4 22 -1.3973978756124013
5 22 0.06300445766121113
8 22 0.8361943458946931
11 22 0.548512273442912
13 22 -1.5361240851140279
14 22 0.6091368952593468
16 22 1.627321934814842
17 22 0.7598213671101189
19 22 0.548512273442912
22 22 -2.299299870034457
23 22 1.1675514818491357
25 22 1.7004059287239586
26 22 0.26680036797763507
0 23 -2.672679707643119
1 23 -1.2904257560602332
2 23 2.143561448424913
5 23 1.370371560191431
7 23 2.143561448424913
13 23 -0.22875698258380794
14 23 1.075720818423557
16 23 2.018398305470907
17 23 0.003495284928642142
23 23 0.6031164074777638
25 23 1.340066210696102
26 23 0.021299909562148795
14 24 0.6237356946804996
17 24 1.25625825342401
26 24 1.1687023623996904
1 25 -2.1629138652759954
4 25 -1.367983990406108
5 25 0.09241834286750475
8 25 0.8656082311009863
10 25 -1.1856624336121533
11 25 0.5779261586492054
12 25 -2.1411738786395893
13 25 -1.10124509179957
14 25 0.8010697099634152
16 25 -1.5621400048470655
17 25 1.2412203760594696
22 25 -2.2698859848281634
23 25 0.4237754788219471
25 25 -0.8541777385019793
26 25 0.9237641512580602
1 26 -2.67074995019362
4 26 -1.7216693954964744
5 26 0.27772943850982534
7 26 -0.3353750343765838
8 26 1.0509193267433068
10 26 -1.693498518529778
11 26 0.35777214618336156
12 26 -3.0544750716653786
13 26 -1.9091857691675327
14 26 0.276426506729409
16 26 -2.06997608976469
17 26 0.9340549866039961
22 26 -1.9304242093585844
23 26 -0.1412190199356262
25 26 -2.237482560773504
26 26 1.1424116671679727
