0 0 0.1903481227323007
2 0 -2.252248278832452
3 0 -0.1728067371526161
5 0 -0.1728067371526161
7 0 0.19875681927986683
8 0 -1.5591010982725066
9 0 -0.3734774326147674
10 0 -2.4753918301466618
14 0 0.23265837095554825
0 1 0.23265837095554806
0 2 0.14564699396591851
7 2 1.704748092238425
8 3 4.700480365792417
9 3 2.995732273553991
10 3 1.5869650565820417
0 4 -0.30633812977713865
1 4 3.3141860046725258
8 4 2.6210388241125804
9 4 0.9162907318741551
10 4 -0.49247648509779424
0 5 -0.1728067371526161
2 5 4.007333185232471
0 6 -0.1728067371526161
2 6 4.007333185232471
3 7 3.0910424533583156
8 7 2.3978952727983702
9 7 2.995732273553991
10 7 2.174751721484161
9 8 2.995732273553991
10 8 2.280112237141987
10 9 2.6855773452501515
0 10 -2.8808569382548264
1 10 2.125961557314729
4 10 2.3978952727983707
10 10 1.7315462853931496
11 10 -0.02247285585205863
12 10 2.280112237141987
15 10 2.6430177308313554
16 10 2.280112237141987
17 10 0.5884362264709145
0 11 -2.4753918301466618
1 11 1.8382794848629478
4 11 2.3978952727983702
8 11 3.0910424533583156
9 11 1.3862943611198906
10 11 2.056968685827777
15 11 1.704748092238425
10 12 2.280112237141987
11 12 3.784189633918261
1 13 2.0614230361771577
4 13 2.6210388241125804
8 13 3.3141860046725258
10 13 1.5869650565820417
11 13 3.784189633918261
0 14 -0.8659539177125614
2 14 4.007333185232471
5 14 5.393627546352362
10 15 -0.49247648509779424
11 15 1.704748092238425
12 15 3.3141860046725258
16 15 3.3141860046725258
17 15 3.008804355121344
6 16 2.3491051086289385
13 16 2.0614230361771577
17 16 3.447717397297048
0 17 -2.7117806082108924
2 17 2.8546536752940854
4 17 1.0628942060660302
6 17 3.430017820197647
10 17 -0.6643267420244534
11 17 2.9191921964316565
13 17 3.460789478864401
17 17 2.3379629320756967
