0 0 0.5339364613196366
3 0 0.46516100476994754
4 0 0.09046755532853669
5 0 -2.5740563807237824
0 1 0.46516100476994754
3 1 1.3388921222253065
4 1 1.3388921222253065
0 2 0.09046755532853669
1 2 3.1306515914533617
3 2 1.3388921222253065
4 3 3.1306515914533617
5 3 1.7654106395313034
5 4 2.170875747639468
5 5 1.2825588678077187
6 5 -0.13170934535457784
7 5 1.072263458971358
8 5 -0.43181393780491606
9 5 2.0132468034358846
11 5 1.455255711227464
12 5 -0.6425349691205685
5 6 1.905172581906462
9 6 0.9458495341156995
11 6 0.6049229471451064
12 6 -0.5990498571808297
5 7 1.359945531423139
6 7 2.2143608595792066
7 7 1.3388921222253065
10 7 2.619825967687371
11 7 0.42260139035115163
12 7 -0.7813714139747845
5 8 0.9544804233149745
6 8 2.3685115394064646
7 8 1.6265741946770875
9 8 0.6457449416653613
10 8 2.5020429320309874
11 8 1.115748570911097
12 8 -1.1868365220829489
5 9 -0.6017129746003135
6 9 1.45667515788169
7 9 1.45667515788169
8 9 0.6457449416653613
11 9 2.006721494800962
12 9 1.3288417863718052
5 10 -0.5371744534627423
6 10 1.0103880552532707
7 10 2.907508040139152
10 10 2.396682416373161
11 10 1.7035352358132159
12 10 0.7872445039390609
5 11 -0.9426395615709067
6 11 0.6049229471451064
8 11 0.7102834628029325
12 11 1.9658995002807071
0 12 -2.6359317844418695
1 12 1.7035352358132159
2 12 2.1090003439213802
5 12 -2.146612365896843
6 12 0.7872445039390609
7 12 -0.08822423341483916
8 12 1.8576859156404741
9 12 -1.0690534864265653
10 12 1.1927096120472254
11 12 -1.6976621458489392
12 12 1.37503116884118
