0 0 2.7256718024520294
17 0 1.8502030650981296
18 0 2.7256718024520294
25 0 2.543350245658075
64 0 2.903352979689482
97 0 2.5715211226247714
100 0 2.7256718024520294
1 1 3.313458467354149
2 1 0.9339123332239747
3 1 3.418818983011975
30 1 2.7256718024520294
33 1 2.166056014516607
34 1 3.536602018668358
35 1 3.2852875903874525
36 1 3.418818983011975
84 1 3.344711010858253
85 1 2.3202066943438653
87 1 2.879822482279288
170 1 2.214846178686039
171 1 3.8242840911201395
2 2 3.2364974262180204
4 2 3.929644606777966
28 2 1.955563580755956
29 2 2.0733466164123393
30 2 1.8502030650981298
31 2 3.054175869424066
32 2 2.543350245658075
33 2 2.794664673938981
35 2 2.8618039767766095
37 2 2.948815353766239
38 2 3.2364974262180204
85 2 3.1793390123780716
153 2 0.1454549728597046
170 2 3.418818983011975
1 3 3.824284091120139
34 3 3.6419625343261846
35 3 3.3542804618744038
84 3 3.4878118544989265
85 3 2.1378851375499104
87 3 3.2364974262180204
171 3 4.33510971488613
2 4 2.543350245658075
28 4 2.831032318109856
29 4 2.2556681732062938
31 4 3.2364974262180204
33 4 2.3891995658308165
35 4 2.948815353766239
37 4 3.6419625343261846
38 4 3.6419625343261846
85 4 2.831032318109856
153 4 1.9372144420877595
170 4 3.418818983011975
5 5 2.948815353766239
7 5 2.948815353766239
8 5 3.3542804618744038
9 5 4.33510971488613
10 5 4.152788158092175
12 5 4.33510971488613
13 5 4.33510971488613
14 5 4.33510971488613
15 5 4.33510971488613
26 5 2.948815353766239
95 5 3.6419625343261846
98 5 3.6419625343261846
101 5 2.543350245658075
5 6 4.33510971488613
7 6 3.6419625343261846
8 6 4.047427642434349
9 6 4.33510971488613
11 6 4.33510971488613
12 6 4.33510971488613
13 6 4.33510971488613
14 6 4.33510971488613
15 6 4.33510971488613
5 7 4.047427642434349
6 7 3.6419625343261846
7 7 2.948815353766239
8 7 3.3542804618744038
9 7 4.152788158092175
10 7 3.6419625343261846
11 7 3.6419625343261846
12 7 4.33510971488613
13 7 4.047427642434349
14 7 4.33510971488613
15 7 4.33510971488613
33 7 1.6960523852708713
95 7 3.6419625343261846
98 7 3.6419625343261846
101 7 2.543350245658075
5 8 3.8651060856403943
6 8 2.948815353766239
7 8 3.8651060856403943
8 8 3.3542804618744038
9 8 4.152788158092175
10 8 4.047427642434349
11 8 2.948815353766239
12 8 4.33510971488613
13 8 4.201578322261607
14 8 4.33510971488613
15 8 4.33510971488613
33 8 1.0029052047109261
95 8 3.6419625343261846
101 8 1.8502030650981298
9 9 3.2364974262180204
10 9 4.33510971488613
12 9 3.2364974262180204
13 9 3.6419625343261846
14 9 3.2364974262180204
15 9 3.2364974262180204
19 9 3.929644606777966
20 9 1.2905872771627072
22 9 3.929644606777966
24 9 1.62705951378392
26 9 4.33510971488613
95 9 4.33510971488613
98 9 4.33510971488613
101 9 4.083795286605224
10 10 3.2364974262180204
19 10 4.33510971488613
20 10 2.389199565830817
21 10 3.2364974262180204
22 10 4.33510971488613
24 10 2.7256718024520294
26 10 4.33510971488613
95 10 4.33510971488613
98 10 4.33510971488613
101 10 4.33510971488613
103 10 2.0325246218920845
5 11 4.33510971488613
7 11 3.6419625343261846
8 11 4.047427642434349
9 11 4.33510971488613
10 11 3.2364974262180204
12 11 4.33510971488613
13 11 4.33510971488613
14 11 4.33510971488613
15 11 4.33510971488613
9 12 3.929644606777966
10 12 4.33510971488613
13 12 3.6419625343261846
14 12 4.33510971488613
15 12 4.33510971488613
22 12 4.33510971488613
26 12 4.33510971488613
95 12 4.33510971488613
98 12 4.33510971488613
101 12 3.929644606777966
9 13 3.6419625343261846
10 13 4.33510971488613
12 13 3.6419625343261846
13 13 2.948815353766239
14 13 3.6419625343261846
15 13 3.6419625343261846
19 13 3.6419625343261846
22 13 3.6419625343261846
24 13 2.0325246218920845
26 13 4.33510971488613
95 13 4.33510971488613
98 13 4.33510971488613
101 13 4.152788158092175
9 14 3.929644606777966
10 14 4.33510971488613
13 14 3.6419625343261846
19 14 3.6419625343261846
22 14 4.33510971488613
26 14 4.33510971488613
95 14 4.33510971488613
98 14 4.33510971488613
101 14 4.33510971488613
9 15 3.929644606777966
10 15 4.33510971488613
13 15 3.6419625343261846
14 15 4.33510971488613
22 15 4.33510971488613
26 15 4.33510971488613
95 15 4.33510971488613
98 15 4.33510971488613
101 15 4.33510971488613
0 16 1.2215944056757555
16 16 3.2364974262180204
17 16 1.8502030650981298
20 16 2.6768816382825977
21 16 2.1378851375499104
23 16 3.45964097753223
24 16 3.0133538749038107
25 16 2.543350245658075
64 16 1.0392728488818008
97 16 1.9837344577226523
100 16 2.543350245658075
103 16 3.2364974262180204
0 17 2.805714510125566
17 17 3.3542804618744038
18 17 3.8651060856403943
25 17 2.948815353766239
64 17 2.500790631239279
97 17 3.082346746390762
100 17 1.5625209926463486
0 18 2.7256718024520294
18 18 2.948815353766239
25 18 2.948815353766239
64 18 2.543350245658075
97 18 3.4878118544989265
100 18 3.3542804618744038
19 19 2.948815353766239
20 19 3.305490297704972
21 19 3.929644606777966
23 19 3.3542804618744038
24 19 3.418818983011975
103 19 3.6419625343261846
0 20 -0.31885063527139346
16 20 3.7754939269507073
17 20 1.6960523852708713
20 20 3.2765027608317197
21 20 3.2364974262180204
23 20 3.3542804618744038
24 20 3.177656926195087
25 20 1.0029052047109261
64 20 -0.09570708395718354
97 20 1.1364365973354487
100 20 1.6960523852708713
103 20 3.344711010858253
0 21 0.5284472251158102
16 21 2.831032318109856
20 21 3.4878118544989265
21 21 2.1378851375499104
23 21 3.554951157336555
24 21 3.2364974262180204
25 21 1.8502030650981298
64 21 -0.3470215122380897
97 21 1.2905872771627072
100 21 1.8502030650981298
103 21 3.418818983011975
19 22 4.33510971488613
20 22 3.082346746390762
21 22 3.929644606777966
23 22 3.3542804618744038
24 22 3.418818983011975
101 22 3.2364974262180204
103 22 3.131136910560194
0 23 1.1570558845381844
16 23 3.2364974262180204
17 23 3.171958905080449
18 23 1.5625209926463486
20 23 3.2541970033174215
21 23 1.8502030650981298
23 23 3.066598389422623
24 23 3.0441255335705644
25 23 2.4788117245205035
64 23 0.8693738120864033
97 23 1.4083703128190905
100 23 1.9679861007545132
103 23 3.2111796182337304
0 24 0.7107687819097649
16 24 3.418818983011975
17 24 2.7256718024520294
20 24 3.344711010858253
21 24 3.0133538749038107
23 24 3.3542804618744038
24 24 2.7256718024520294
25 24 2.0325246218920845
64 24 0.5284472251158102
97 24 0.7797616533967164
100 24 2.0325246218920845
103 24 3.2563000535142
0 25 2.805714510125566
17 25 3.171958905080449
18 25 3.3542804618744038
25 25 2.2556681732062938
64 25 2.4563388686684453
97 25 3.400800477509297
100 25 2.948815353766239
19 26 4.33510971488613
20 26 2.3891995658308165
21 26 3.929644606777966
22 26 4.33510971488613
23 26 3.171958905080449
24 26 3.418818983011975
26 26 2.948815353766239
101 26 3.929644606777966
103 26 2.7256718024520294
5 27 4.33510971488613
6 27 4.33510971488613
7 27 4.33510971488613
8 27 4.33510971488613
9 27 3.2364974262180204
11 27 4.33510971488613
12 27 3.6419625343261846
13 27 3.6419625343261846
27 27 2.948815353766239
33 27 2.3891995658308165
86 27 3.6419625343261846
5 28 2.1378851375499104
6 28 3.2364974262180204
7 28 2.831032318109856
8 28 2.948815353766239
11 28 3.2364974262180204
27 28 3.524179498669801
28 28 3.0317030135720073
29 28 3.0028825750365153
31 28 2.9851829979371143
33 28 1.2905872771627072
37 28 2.831032318109856
38 28 2.831032318109856
39 28 3.2364974262180204
86 28 3.524179498669801
153 28 3.32350880320765
5 29 1.5625209926463486
6 29 2.2556681732062938
7 29 2.2556681732062938
8 29 2.2556681732062938
11 29 2.2556681732062938
27 29 2.948815353766239
28 29 3.3906481060452784
29 29 3.171958905080449
31 29 3.1029660335934977
33 29 0.30975802415098075
37 29 3.3542804618744038
38 29 2.6611332813144584
39 29 3.6419625343261846
86 29 2.948815353766239
153 29 3.3841334250240847
2 30 3.796113214153443
4 30 3.6419625343261846
30 30 2.948815353766239
32 30 4.33510971488613
33 30 3.305490297704972
35 30 1.5625209926463486
85 30 3.6419625343261846
170 30 3.418818983011975
5 31 2.543350245658075
6 31 3.2364974262180204
7 31 2.543350245658075
8 31 2.543350245658075
11 31 3.2364974262180204
27 31 3.2364974262180204
28 31 3.2364974262180204
29 31 3.2364974262180204
31 31 2.1378851375499104
33 31 1.2905872771627072
37 31 3.2364974262180204
38 31 3.2364974262180204
39 31 3.2364974262180204
86 31 3.2364974262180204
153 31 3.2364974262180204
2 32 4.152788158092175
4 32 4.33510971488613
33 32 2.3891995658308165
35 32 2.2556681732062938
85 32 3.524179498669801
170 32 3.824284091120139
2 33 3.305490297704972
4 33 3.4878118544989265
5 33 2.3891995658308165
6 33 2.3891995658308165
7 33 1.6960523852708713
8 33 2.1015174933790357
9 33 1.9837344577226523
11 33 2.3891995658308165
12 33 2.3891995658308165
13 33 2.3891995658308165
14 33 2.3891995658308165
15 33 2.3891995658308165
28 33 1.5782693496144882
29 33 1.919195936585081
30 33 3.082346746390762
31 33 1.9837344577226523
32 33 3.7754939269507073
33 33 2.6405139941117226
34 33 1.6960523852708713
35 33 1.6960523852708713
37 33 1.6960523852708713
38 33 2.3891995658308165
39 33 2.3891995658308165
85 33 3.136413967661038
153 33 1.3775986541523368
170 33 3.177656926195087
1 34 2.948815353766239
2 34 2.2556681732062938
3 34 2.948815353766239
30 34 3.6419625343261846
32 34 2.948815353766239
33 34 2.3891995658308165
34 34 2.6611332813144584
35 34 3.171958905080449
36 34 2.948815353766239
84 34 2.9488153537662396
85 34 3.0541758694240655
87 34 2.543350245658075
170 34 2.948815353766239
171 34 3.6419625343261846
1 35 1.339377441332139
2 35 2.6611332813144584
4 35 2.2556681732062938
28 35 1.8502030650981298
29 35 2.2556681732062938
30 35 3.6419625343261846
31 35 1.8502030650981298
32 35 2.948815353766239
33 35 3.2541970033174215
34 35 2.948815353766239
35 35 2.815283961141717
37 35 2.2556681732062938
38 35 2.2556681732062938
85 35 3.0541758694240655
87 35 1.5625209926463486
153 35 1.8036830494632368
170 35 2.592140409827507
1 36 3.824284091120139
3 36 4.33510971488613
34 36 3.6419625343261846
35 36 3.3542804618744038
84 36 3.4878118544989265
87 36 3.2364974262180204
171 36 4.33510971488613
27 37 2.948815353766239
28 37 3.2364974262180204
29 37 3.5084311417016623
31 37 3.2364974262180204
38 37 2.948815353766239
39 37 3.6419625343261846
86 37 2.948815353766239
153 37 3.6419625343261846
27 38 3.6419625343261846
28 38 3.2364974262180204
29 38 3.3542804618744038
31 38 3.2364974262180204
37 38 2.948815353766239
39 38 3.6419625343261846
86 38 3.6419625343261846
153 38 3.54665235452186
28 39 3.524179498669801
29 39 3.3542804618744038
31 39 3.2364974262180204
37 39 3.6419625343261846
38 39 3.6419625343261846
153 39 3.54665235452186
40 40 3.567854562172463
47 40 4.083795286605224
51 40 2.543350245658075
41 41 3.418818983011975
48 41 4.33510971488613
49 41 4.33510971488613
50 41 4.33510971488613
89 41 2.1378851375499104
41 42 4.33510971488613
42 42 3.3542804618744038
48 42 4.201578322261607
49 42 3.6419625343261846
50 42 4.33510971488613
89 42 -0.6347035846898708
40 43 3.400800477509297
43 43 3.554951157336555
52 43 4.33510971488613
44 44 3.54665235452186
45 44 2.37501493083886
45 45 2.52513334713818
53 45 1.2764026421707506
55 45 2.557336487632815
59 45 0.7655770184047598
65 45 2.6373791953063512
66 45 2.7804800389470246
67 45 2.711487167460073
1 46 -1.2255719161293976
46 46 2.7334080723865193
54 46 2.175625465532758
58 46 2.6864510892987483
60 46 2.740518310569024
61 46 2.6864510892987483
62 46 2.4983988577958085
63 46 2.4633075379845386
83 46 1.4824782849728124
84 46 -1.5620441527506106
87 46 0.8946916200706934
88 46 0.789331104412867
93 46 1.3001567281788575
94 46 1.6366289648000707
41 47 1.6270595137839199
42 47 3.6419625343261846
47 47 3.524179498669801
51 47 4.297369386903283
48 48 2.948815353766239
49 48 4.33510971488613
89 48 3.3542804618744038
89 49 3.45964097753223
48 50 4.33510971488613
49 50 4.33510971488613
50 50 3.45964097753223
89 50 3.0028825750365153
41 51 4.266116843399178
42 51 4.33510971488613
50 51 3.3906481060452784
51 51 3.524179498669801
40 52 4.280049937703103
47 52 0.7515907764300199
52 52 3.3542804618744038
45 53 1.2764026421707506
53 53 3.208326549251324
1 54 2.7256718024520294
34 54 2.948815353766239
83 54 4.33510971488613
84 54 3.082346746390762
87 54 3.929644606777966
88 54 4.33510971488613
93 54 4.33510971488613
94 54 4.33510971488613
59 55 3.54665235452186
44 56 2.6487107613159013
45 56 -1.6139691157254141
56 56 2.855423771234015
70 56 1.8124627371152828
56 57 0.7879584206008948
57 57 3.2364974262180204
68 57 3.0541758694240655
70 57 2.4255672100016916
71 57 3.3010359473555915
72 57 3.477659483034908
77 57 2.831032318109856
79 57 3.0133538749038102
81 57 3.3906481060452784
82 57 2.831032318109856
46 58 1.4824782849728124
54 58 4.33510971488613
61 58 4.33510971488613
62 58 3.7754939269507073
63 58 3.6419625343261846
83 58 4.33510971488613
87 58 2.543350245658075
93 58 3.6419625343261846
94 58 3.6419625343261846
46 59 1.6748501776202682
59 59 3.2690206179235806
46 60 2.40614912414459
54 60 2.1378851375499104
58 60 3.2364974262180204
60 60 3.272865070388895
61 60 2.543350245658075
62 60 3.327469204423747
63 60 3.524179498669801
94 60 1.4447379569899652
46 61 0.38386599630470253
54 61 4.33510971488613
61 61 2.948815353766239
62 61 3.4878118544989265
83 61 4.33510971488613
87 61 3.6419625343261846
88 61 4.33510971488613
93 61 4.047427642434349
94 61 4.33510971488613
1 62 1.4729088339566616
34 62 1.0029052047109261
46 62 1.8391532289115449
54 62 3.7754939269507073
58 62 2.3891995658308165
60 62 2.494560081488643
61 62 2.3891995658308165
62 62 2.6405139941117226
63 62 3.082346746390762
83 62 3.7754939269507073
84 62 2.052727329209604
87 62 3.082346746390762
88 62 3.6419625343261846
93 62 3.6419625343261846
94 62 3.6419625343261846
46 63 2.175625465532758
54 63 3.6419625343261846
58 63 3.6419625343261846
60 63 2.1378851375499104
61 63 3.6419625343261846
62 63 3.305490297704972
63 63 2.948815353766239
83 63 3.6419625343261846
87 63 2.543350245658075
88 63 2.948815353766239
93 63 2.948815353766239
94 63 2.948815353766239
0 64 2.486191831818126
17 64 1.5625209926463486
18 64 2.2556681732062938
25 64 2.0733466164123393
64 64 2.724899899673448
74 64 1.8502030650981298
97 64 2.0245564522429076
100 64 2.2556681732062938
102 64 3.45964097753223
55 65 4.33510971488613
59 65 3.4776594830349086
55 66 4.33510971488613
59 66 3.32350880320765
65 66 4.33510971488613
67 66 4.33510971488613
55 67 4.33510971488613
59 67 3.4035515108811865
65 67 4.33510971488613
57 68 3.747323049984011
68 68 2.948815353766239
71 68 3.418818983011975
72 68 3.4412918388640334
79 68 3.418818983011975
81 68 3.6419625343261846
57 69 1.955563580755956
69 69 3.45964097753223
71 69 2.3202066943438653
72 69 1.7548928852938048
73 69 3.4988616906855112
75 69 3.8242840911201395
76 69 3.6419625343261846
78 69 3.6419625343261846
79 69 2.879822482279288
80 69 3.6419625343261846
81 69 1.8502030650981298
82 69 2.543350245658075
56 70 2.871854312630111
70 70 3.45964097753223
56 71 0.3461256683218556
57 71 3.418818983011975
68 71 3.6419625343261846
70 71 2.7256718024520294
71 71 2.9079933592459843
72 71 3.32350880320765
77 71 3.418818983011975
79 71 3.1956754316977656
81 71 3.131136910560194
82 71 3.418818983011975
56 72 1.661802462227793
57 72 2.7845123024749627
68 72 2.6303616226477047
70 72 3.4035515108811865
71 72 2.7256718024520294
72 72 3.1769053290157747
77 72 4.134439019423978
78 72 1.9372144420877595
79 72 2.2736866787089722
81 72 2.8535051739619144
82 72 2.6303616226477047
57 73 2.3202066943438653
68 73 2.0325246218920845
69 73 3.6419625343261846
71 73 2.50252825113782
72 73 1.9372144420877595
73 73 3.1956754316977656
75 73 3.681183247479466
76 73 3.418818983011975
78 73 3.8242840911201395
79 73 2.7256718024520294
80 73 3.6419625343261846
81 73 2.0325246218920845
82 73 2.7256718024520294
74 74 3.2283006590138417
99 74 2.5715211226247714
57 75 2.607888766795646
68 75 2.0325246218920845
69 75 3.2364974262180204
71 75 2.9079933592459843
72 75 2.2736866787089727
73 75 3.313458467354149
75 75 3.1956754316977656
76 75 3.131136910560194
78 75 4.11196616357192
79 75 3.1956754316977656
80 75 3.6419625343261846
81 75 2.0325246218920845
82 75 3.418818983011975
57 76 1.4447379569899652
68 76 2.2556681732062938
69 76 3.6419625343261846
71 76 2.0325246218920845
72 76 1.6495323696359785
73 76 3.6419625343261846
75 76 3.904326798793676
76 76 3.3542804618744038
78 76 3.6419625343261846
79 76 2.7256718024520294
80 76 3.3542804618744038
81 76 2.2556681732062938
82 76 2.948815353766239
56 77 2.6487107613159013
70 77 4.152788158092175
57 78 3.524179498669801
68 78 4.33510971488613
71 78 3.824284091120139
72 78 1.9372144420877595
79 78 3.824284091120139
81 78 3.6419625343261846
82 78 4.33510971488613
57 79 3.472886204282251
68 79 3.6419625343261846
70 79 0.9339123332239747
71 79 3.6011405398059297
72 79 3.372298967377082
77 79 2.7256718024520294
78 79 2.7256718024520294
79 79 3.1956754316977656
81 79 3.6419625343261846
82 79 3.418818983011975
57 80 2.543350245658075
68 80 2.948815353766239
69 80 3.45964097753223
71 80 3.131136910560194
72 80 1.9372144420877595
73 80 3.131136910560194
75 80 3.131136910560194
76 80 3.6419625343261846
78 80 3.6419625343261846
79 80 3.131136910560194
81 80 2.948815353766239
82 80 3.6419625343261846
56 81 -0.34702151223808986
57 81 3.3906481060452784
68 81 3.6419625343261846
70 81 2.948815353766239
71 81 3.131136910560194
72 81 3.4412918388640334
77 81 3.6419625343261846
79 81 3.131136910560194
81 81 2.948815353766239
57 82 3.747323049984011
68 82 4.33510971488613
71 82 2.7256718024520294
72 82 3.035826730755869
79 82 3.824284091120139
81 82 3.6419625343261846
1 83 3.418818983011975
34 83 2.948815353766239
36 83 4.33510971488613
84 83 3.7754939269507073
87 83 3.6419625343261846
88 83 4.33510971488613
93 83 3.6419625343261846
94 83 3.6419625343261846
1 84 3.7242006325631567
3 84 3.7754939269507073
33 84 1.829583777895394
34 84 3.4008004775092964
35 84 3.2541970033174215
36 84 3.7754939269507073
84 84 3.4878118544989265
85 84 1.2905872771627072
87 84 2.995335369401132
170 84 1.878373942064826
171 84 4.180959035058872
2 85 3.524179498669801
4 85 3.2364974262180204
28 85 1.5500984726477915
29 85 1.8502030650981298
30 85 3.0541758694240655
31 85 2.1378851375499104
32 85 3.524179498669801
33 85 3.136413967661038
34 85 0.7515907764300199
35 85 2.6975009254853335
37 85 2.1378851375499104
38 85 2.543350245658075
85 85 3.1595363850818923
153 85 1.3494277771856404
170 85 3.3010359473555915
5 86 4.33510971488613
6 86 4.33510971488613
7 86 4.33510971488613
8 86 4.33510971488613
9 86 3.2364974262180204
11 86 4.33510971488613
12 86 3.6419625343261846
13 86 2.948815353766239
15 86 3.6419625343261846
27 86 3.6419625343261846
33 86 2.3891995658308165
86 86 2.948815353766239
1 87 3.418818983011975
2 87 0.7515907764300199
3 87 3.6419625343261846
30 87 2.543350245658075
33 87 1.6960523852708715
34 87 3.1029660335934977
35 87 2.7664937969722847
36 87 3.6419625343261846
83 87 2.543350245658075
84 87 3.5418790757692022
85 87 1.955563580755956
87 87 2.831032318109856
88 87 3.45964097753223
93 87 3.2364974262180204
94 87 2.948815353766239
170 87 1.62705951378392
171 87 3.2364974262180204
1 88 3.824284091120139
3 88 4.33510971488613
34 88 3.3542804618744038
36 88 4.33510971488613
84 88 3.8932769626070907
87 88 3.2364974262180204
88 88 2.948815353766239
93 88 3.6419625343261846
94 88 2.948815353766239
89 89 2.871854312630111
91 89 2.9851829979371143
92 89 1.9555635807559562
96 89 3.1494860492283903
121 89 3.2364974262180204
128 89 1.8502030650981298
130 89 2.4563388686684453
133 89 2.36102868886412
140 89 1.7324200294417462
143 89 2.831032318109856
144 89 2.4098188530335523
89 90 1.8502030650981298
90 90 3.208326549251324
91 90 1.5988886368172235
96 90 1.8502030650981298
144 90 0.05844359587007458
89 91 1.4447379569899652
91 91 3.2364974262180204
96 91 3.2364974262180204
121 91 3.2364974262180204
128 91 3.929644606777966
129 91 3.524179498669801
130 91 4.152788158092175
133 91 4.152788158092175
140 91 3.929644606777966
143 91 4.33510971488613
144 91 2.948815353766239
90 92 1.9555635807559562
92 92 3.208326549251324
1 93 3.6419625343261846
3 93 3.6419625343261846
34 93 3.3542804618744038
36 93 3.6419625343261846
83 93 3.6419625343261846
84 93 3.998637478264917
87 93 3.45964097753223
88 93 3.6419625343261846
93 93 2.948815353766239
94 93 2.948815353766239
1 94 3.418818983011975
3 94 3.6419625343261846
34 94 3.3542804618744038
36 94 3.6419625343261846
83 94 3.6419625343261846
84 94 3.7754939269507073
87 94 3.45964097753223
88 94 4.047427642434349
93 94 4.047427642434349
94 94 2.948815353766239
19 95 4.33510971488613
20 95 2.3891995658308165
21 95 3.929644606777966
22 95 4.33510971488613
24 95 2.7256718024520294
26 95 4.33510971488613
98 95 4.33510971488613
101 95 4.33510971488613
103 95 2.7256718024520294
89 96 1.8502030650981298
91 96 3.929644606777966
121 96 4.33510971488613
130 96 4.33510971488613
133 96 4.33510971488613
140 96 3.2364974262180204
143 96 4.33510971488613
144 96 3.6419625343261846
0 97 3.177656926195087
17 97 2.3891995658308165
18 97 2.794664673938981
25 97 2.794664673938981
64 97 2.5668807430682694
97 97 2.841184689573874
100 97 2.6123431171450266
19 98 4.33510971488613
20 98 2.3891995658308165
21 98 3.929644606777966
22 98 4.33510971488613
23 98 2.2556681732062938
24 98 3.418818983011975
26 98 4.33510971488613
101 98 3.929644606777966
103 98 2.7256718024520294
43 99 3.5906692399386344
52 99 1.7448425494403035
99 99 3.5366020186683587
0 100 2.7256718024520294
17 100 2.948815353766239
18 100 2.948815353766239
25 100 2.948815353766239
64 100 2.4563388686684453
97 100 3.567854562172463
100 100 2.6611332813144584
19 101 4.33510971488613
20 101 2.9000251895968074
21 101 3.929644606777966
22 101 3.929644606777966
23 101 2.948815353766239
24 101 3.418818983011975
26 101 3.2364974262180204
98 101 3.2364974262180204
101 101 3.2364974262180204
103 101 3.0133538749038107
74 102 3.4878118544989265
0 103 1.2703845698451877
16 103 3.5729696628392333
17 103 2.948815353766239
20 103 3.2221086887659207
21 103 2.879822482279288
23 103 3.131136910560194
24 103 3.131136910560194
25 103 2.4379897300002487
64 103 0.6462302607721937
97 103 1.4729088339566616
100 103 2.0325246218920845
103 103 3.0257763949023677
105 104 3.824284091120139
111 104 3.929644606777966
112 104 3.3542804618744038
115 104 3.082346746390762
120 104 3.824284091120139
104 105 2.7256718024520294
105 105 2.9079933592459843
109 105 2.7256718024520294
110 105 2.7256718024520294
111 105 3.8242840911201395
112 105 3.2111796182337304
115 105 2.859203195076552
118 105 2.7256718024520294
119 105 2.7256718024520294
120 105 3.418818983011975
194 105 2.3202066943438653
197 105 1.4729088339566616
200 105 2.7256718024520294
201 105 2.7256718024520294
206 105 2.0325246218920845
207 105 2.7256718024520294
104 106 3.6419625343261846
105 106 3.131136910560194
106 106 2.948815353766239
107 106 3.6419625343261846
108 106 3.418818983011975
109 106 2.543350245658075
112 106 1.5625209926463486
113 106 2.948815353766239
114 106 2.7256718024520294
115 106 1.6960523852708713
116 106 3.6419625343261846
117 106 2.543350245658075
120 106 2.0325246218920845
104 107 3.6419625343261846
105 107 3.131136910560194
106 107 2.948815353766239
107 107 2.948815353766239
108 107 3.131136910560194
109 107 2.543350245658075
111 107 2.543350245658075
112 107 1.5625209926463486
113 107 2.948815353766239
114 107 2.7256718024520294
115 107 2.3891995658308165
116 107 3.6419625343261846
117 107 2.543350245658075
120 107 2.7256718024520294
104 108 3.0133538749038102
105 108 2.3202066943438653
106 108 3.4988616906855112
107 108 3.5729696628392333
108 108 3.3849174313362935
109 108 2.4743573741711233
111 108 0.5284472251158102
112 108 0.9339123332239745
113 108 3.418818983011975
114 108 2.96206058051626
115 108 1.7605909064084424
116 108 3.6419625343261846
117 108 2.9263424979141806
120 108 1.9635317504051328
104 109 3.2364974262180204
105 109 3.418818983011975
109 109 2.1378851375499104
110 109 3.2364974262180204
111 109 2.543350245658075
112 109 3.45964097753223
115 109 3.4878118544989265
118 109 3.6419625343261846
119 109 3.2364974262180204
120 109 2.7256718024520294
194 109 2.1378851375499104
200 109 2.1378851375499104
201 109 3.2364974262180204
206 109 2.543350245658075
207 109 3.2364974262180204
119 110 4.33510971488613
194 110 4.33510971488613
195 110 2.0325246218920845
197 110 3.082346746390762
200 110 4.33510971488613
201 110 4.33510971488613
206 110 3.6419625343261846
207 110 4.33510971488613
105 111 2.3202066943438653
109 111 3.6419625343261846
110 111 2.543350245658075
111 111 3.3165401338915568
112 111 3.599402919907389
115 111 3.2364974262180204
118 111 3.929644606777966
119 111 2.543350245658075
120 111 3.4988616906855112
201 111 2.1378851375499104
206 111 1.8502030650981298
207 111 2.543350245658075
105 112 2.7256718024520294
109 112 3.1029660335934977
110 112 3.8651060856403943
111 112 3.2364974262180204
112 112 3.1206656106928983
115 112 3.305490297704972
118 112 3.5084311417016623
119 112 3.6419625343261846
120 112 2.8434548381084133
194 112 2.543350245658075
197 112 1.0029052047109261
200 112 2.948815353766239
201 112 3.3542804618744038
206 112 2.2556681732062938
207 112 2.948815353766239
104 113 3.6419625343261846
105 113 2.948815353766239
106 113 3.6419625343261846
107 113 3.6419625343261846
108 113 3.2364974262180204
109 113 2.543350245658075
111 113 1.8502030650981298
112 113 0.8693738120864033
113 113 2.6611332813144584
114 113 2.7256718024520294
115 113 2.1015174933790357
116 113 3.6419625343261846
117 113 3.2364974262180204
120 113 2.0325246218920845
104 114 2.7256718024520294
105 114 2.214846178686039
106 114 3.418818983011975
107 114 3.6419625343261846
108 114 3.451608805834966
109 114 1.62705951378392
111 114 0.9339123332239747
112 114 0.6462302607721937
113 114 3.418818983011975
114 114 2.7256718024520294
115 114 1.4729088339566616
116 114 3.418818983011975
117 114 3.418818983011975
120 114 2.214846178686039
104 115 2.3891995658308165
105 115 3.082346746390762
109 115 2.6768816382825977
110 115 3.7754939269507073
111 115 3.1623894540642987
112 115 3.082346746390762
115 115 2.841184689573874
118 115 3.082346746390762
119 115 3.7754939269507073
120 115 2.9769862307329356
194 115 2.6768816382825977
197 115 1.1364365973354487
200 115 3.082346746390762
201 115 3.593172370156753
206 115 2.794664673938981
207 115 3.7754939269507073
104 116 4.33510971488613
105 116 3.824284091120139
109 116 3.2364974262180204
111 116 3.2364974262180204
112 116 3.171958905080449
115 116 3.4878118544989265
116 116 2.948815353766239
120 116 3.418818983011975
104 117 3.2364974262180204
105 117 2.7256718024520294
106 117 3.2364974262180204
107 117 3.2364974262180204
108 117 3.3616605691720265
109 117 2.1378851375499104
111 117 2.1378851375499104
112 117 1.8502030650981298
113 117 2.543350245658075
114 117 3.0133538749038107
115 117 2.389199565830817
116 117 3.2364974262180204
117 117 2.1378851375499104
120 117 2.7256718024520294
105 118 2.7256718024520294
109 118 2.543350245658075
110 118 4.33510971488613
112 118 2.948815353766239
115 118 3.082346746390762
118 118 2.948815353766239
119 118 4.33510971488613
194 118 3.2364974262180204
200 118 3.2364974262180204
201 118 4.33510971488613
206 118 3.6419625343261846
207 118 4.33510971488613
194 119 4.33510971488613
195 119 2.0325246218920845
197 119 3.082346746390762
200 119 4.33510971488613
201 119 4.33510971488613
203 119 3.2364974262180204
206 119 3.6419625343261846
207 119 4.33510971488613
105 120 2.214846178686039
106 120 2.0325246218920845
107 120 2.0325246218920845
108 120 2.214846178686039
109 120 3.2364974262180204
110 120 2.7256718024520294
111 120 3.2364974262180204
112 120 3.47944360482841
113 120 2.0325246218920845
114 120 1.8093810705778748
115 120 3.264668303184717
118 120 3.6419625343261846
119 120 2.7256718024520294
120 120 2.9079933592459843
91 121 3.929644606777966
128 121 4.33510971488613
130 121 4.33510971488613
133 121 4.33510971488613
140 121 4.33510971488613
143 121 4.33510971488613
144 121 2.948815353766239
106 122 2.543350245658075
108 122 2.4743573741711233
113 122 3.2364974262180204
114 122 3.5729696628392333
117 122 3.929644606777966
122 122 3.2364974262180204
123 122 3.2364974262180204
124 122 3.2364974262180204
125 122 3.2364974262180204
150 122 3.929644606777966
177 122 4.33510971488613
178 122 4.33510971488613
179 122 4.33510971488613
108 123 2.032524621892084
113 123 2.948815353766239
114 123 3.6419625343261846
117 123 3.2364974262180204
122 123 3.929644606777966
123 123 2.948815353766239
124 123 3.6419625343261846
125 123 4.047427642434349
150 123 4.33510971488613
177 123 4.33510971488613
178 123 4.33510971488613
179 123 4.33510971488613
108 124 2.3202066943438653
113 124 2.948815353766239
114 124 3.418818983011975
117 124 3.2364974262180204
122 124 3.929644606777966
123 124 3.6419625343261846
124 124 2.948815353766239
125 124 3.6419625343261846
150 124 3.6419625343261846
177 124 4.33510971488613
178 124 4.33510971488613
179 124 4.33510971488613
180 124 2.948815353766239
193 124 3.6419625343261846
108 125 2.543350245658075
113 125 2.948815353766239
114 125 3.6419625343261846
117 125 3.6419625343261846
122 125 3.929644606777966
123 125 2.948815353766239
124 125 3.6419625343261846
125 125 2.948815353766239
150 125 3.6419625343261846
177 125 4.33510971488613
178 125 4.33510971488613
179 125 4.33510971488613
126 126 3.418818983011975
182 126 3.915255869325866
183 126 4.33510971488613
184 126 2.9079933592459843
185 126 2.7256718024520294
127 127 3.313458467354149
131 127 3.2852875903874525
132 127 3.2364974262180204
134 127 3.755291219633188
137 127 3.418818983011975
141 127 3.418818983011975
142 127 3.418818983011975
145 127 3.418818983011975
148 127 3.131136910560194
149 127 3.418818983011975
184 127 3.313458467354149
186 127 3.8242840911201395
127 128 3.824284091120139
129 128 4.33510971488613
131 128 3.6419625343261846
132 128 3.929644606777966
134 128 2.7256718024520294
140 128 3.929644606777966
127 129 3.8242840911201395
129 129 3.2364974262180204
131 129 4.33510971488613
132 129 3.929644606777966
134 129 4.02495478658229
184 129 3.0133538749038107
127 130 2.7256718024520294
128 130 4.33510971488613
129 130 4.33510971488613
130 130 2.948815353766239
131 130 3.3542804618744038
132 130 2.543350245658075
133 130 3.6419625343261846
134 130 2.7256718024520294
140 130 4.248098337896501
127 131 3.7372727141305093
131 131 3.3542804618744038
132 131 3.6419625343261846
134 131 3.904326798793676
137 131 2.4379897300002487
141 131 2.2556681732062938
142 131 2.948815353766239
145 131 2.948815353766239
148 131 2.2556681732062938
149 131 2.948815353766239
184 131 3.6419625343261846
186 131 4.33510971488613
127 132 3.706501055463756
131 132 3.45964097753223
132 132 3.2364974262180204
134 132 3.706501055463756
137 132 3.0133538749038107
141 132 3.2364974262180204
142 132 3.2364974262180204
145 132 3.2364974262180204
148 132 2.543350245658075
149 132 3.2364974262180204
184 132 3.5729696628392333
186 132 3.929644606777966
127 133 3.131136910560194
128 133 4.33510971488613
129 133 4.33510971488613
130 133 3.6419625343261846
131 133 3.3542804618744038
132 133 3.2364974262180204
133 133 2.948815353766239
134 133 2.0325246218920845
140 133 4.152788158092175
127 134 3.313458467354149
131 134 2.948815353766239
132 134 3.418818983011975
134 134 3.313458467354149
137 134 3.418818983011975
141 134 3.6419625343261846
142 134 3.6419625343261846
145 134 4.11196616357192
148 134 3.2852875903874525
149 134 3.8242840911201395
184 134 3.1956754316977656
186 134 4.11196616357192
126 135 3.331807606022345
135 135 3.45964097753223
136 135 3.8651060856403943
138 135 4.2480983378965
139 135 3.7220052419997214
144 135 3.6419625343261846
146 135 4.152788158092175
147 135 3.6419625343261846
126 136 3.6419625343261846
135 136 3.3542804618744038
136 136 3.3542804618744038
138 136 4.201578322261607
139 136 3.8651060856403943
144 136 3.5084311417016623
146 136 3.8651060856403943
147 136 3.6419625343261846
182 136 1.6960523852708713
135 137 3.8242840911201395
136 137 3.6419625343261846
137 137 3.418818983011975
139 137 2.7256718024520294
141 137 3.6419625343261846
142 137 3.6419625343261846
144 137 1.339377441332139
145 137 2.7256718024520294
146 137 2.7256718024520294
147 137 4.11196616357192
148 137 3.9784347709473975
149 137 2.7256718024520294
126 138 4.33510971488613
138 138 2.948815353766239
139 138 4.047427642434349
146 138 2.948815353766239
182 138 3.400800477509297
183 138 2.948815353766239
126 139 4.047427642434349
135 139 2.2556681732062938
136 139 2.2556681732062938
138 139 2.948815353766239
139 139 3.3542804618744038
144 139 2.2556681732062938
146 139 2.948815353766239
147 139 2.948815353766239
182 139 3.4452522400801304
183 139 3.6419625343261846
127 140 3.5729696628392333
128 140 3.2364974262180204
129 140 4.33510971488613
130 140 1.8502030650981298
131 140 3.8651060856403943
132 140 3.842633229788336
133 140 2.543350245658075
134 140 3.131136910560194
140 140 3.45964097753223
184 140 2.0325246218920845
135 141 3.929644606777966
136 141 3.3542804618744038
137 141 3.6419625343261846
139 141 2.2556681732062938
141 141 2.948815353766239
142 141 3.6419625343261846
145 141 3.6419625343261846
146 141 2.948815353766239
147 141 3.6419625343261846
148 141 4.047427642434349
149 141 3.6419625343261846
135 142 3.929644606777966
136 142 3.3542804618744038
137 142 3.6419625343261846
139 142 2.2556681732062938
141 142 3.6419625343261846
142 142 2.948815353766239
145 142 3.6419625343261846
146 142 2.948815353766239
147 142 3.6419625343261846
148 142 4.047427642434349
149 142 3.6419625343261846
128 143 4.33510971488613
129 143 4.33510971488613
130 143 4.33510971488613
131 143 2.948815353766239
133 143 4.33510971488613
140 143 4.33510971488613
89 144 0.4639087039782391
91 144 2.948815353766239
121 144 2.948815353766239
126 144 3.6419625343261846
128 144 3.6419625343261846
129 144 2.543350245658075
130 144 3.6419625343261846
133 144 3.6419625343261846
136 144 1.5625209926463486
138 144 3.6419625343261846
139 144 3.3542804618744038
140 144 3.2364974262180204
143 144 3.6419625343261846
144 144 2.2556681732062938
146 144 2.948815353766239
182 144 2.1015174933790357
135 145 3.6419625343261846
136 145 3.6419625343261846
137 145 4.11196616357192
141 145 3.6419625343261846
142 145 3.6419625343261846
148 145 4.047427642434349
149 145 4.33510971488613
126 146 4.11196616357192
135 146 2.543350245658075
136 146 2.948815353766239
138 146 4.047427642434349
139 146 4.047427642434349
144 146 2.948815353766239
146 146 2.948815353766239
182 146 2.794664673938981
126 147 2.7256718024520294
135 147 3.6419625343261846
136 147 3.6419625343261846
138 147 4.33510971488613
139 147 4.047427642434349
144 147 3.6419625343261846
146 147 4.33510971488613
135 148 4.047427642434349
136 148 4.047427642434349
137 148 3.131136910560194
139 148 2.6611332813144584
141 148 2.948815353766239
142 148 2.948815353766239
144 148 2.6611332813144584
145 148 2.948815353766239
146 148 3.3542804618744038
147 148 4.047427642434349
148 148 3.3542804618744038
149 148 2.948815353766239
135 149 3.6419625343261846
136 149 3.6419625343261846
137 149 4.11196616357192
139 149 2.948815353766239
141 149 3.6419625343261846
142 149 3.6419625343261846
148 149 4.047427642434349
108 150 2.7256718024520294
113 150 2.948815353766239
114 150 3.824284091120139
117 150 3.929644606777966
122 150 3.2364974262180204
124 150 3.6419625343261846
125 150 3.6419625343261846
177 150 4.33510971488613
178 150 4.33510971488613
179 150 4.33510971488613
151 151 5.65686555486845
152 151 5.539082519212066
156 151 3.6553855546583254
160 151 4.64526464318997
162 151 2.948815353766239
164 151 4.963718374308504
165 151 5.171357739086749
167 151 4.478210558526803
169 151 4.8459353386521204
152 152 4.152788158092175
156 152 3.9918577912795383
160 152 4.64526464318997
162 152 4.047427642434349
164 152 4.963718374308504
165 152 5.171357739086749
167 152 4.478210558526803
169 152 4.8459353386521204
5 153 2.342679550195924
6 153 3.035826730755869
7 153 2.8535051739619144
8 153 2.6303616226477047
11 153 2.6303616226477047
27 153 3.54665235452186
28 153 3.2364974262180204
29 153 3.1158694384294057
31 153 3.1411872464136956
33 153 1.3775986541523368
37 153 2.8535051739619144
38 153 2.8535051739619144
39 153 3.32350880320765
86 153 3.54665235452186
153 153 3.1502370819336134
154 154 3.1841294407007044
155 154 3.2001297820471453
157 154 3.3054902977049716
158 154 3.082346746390762
159 154 3.370028818842543
161 154 3.567854562172463
163 154 3.3054902977049716
166 154 3.344711010858253
168 154 3.3054902977049716
174 154 2.3891995658308165
175 154 2.3891995658308165
154 155 3.338280120527963
155 155 2.831032318109856
157 155 3.2364974262180204
158 155 3.2364974262180204
159 155 3.3418579418758467
161 155 3.2364974262180204
163 155 3.2364974262180204
166 155 3.418818983011975
168 155 3.2364974262180204
174 155 1.8502030650981298
175 155 2.543350245658075
176 155 1.8502030650981298
154 156 3.264668303184717
155 156 3.331807606022345
156 156 3.4322420033441157
159 156 3.093396582577347
162 156 3.8242840911201395
166 156 2.7256718024520294
69 157 1.8502030650981298
73 157 3.418818983011975
75 157 2.7256718024520294
80 157 2.948815353766239
157 157 2.948815353766239
158 157 4.33510971488613
163 157 3.6419625343261846
172 157 4.33510971488613
173 157 4.33510971488613
174 157 4.33510971488613
175 157 4.33510971488613
176 157 4.33510971488613
69 158 2.543350245658075
73 158 3.418818983011975
75 158 2.7256718024520294
76 158 2.948815353766239
80 158 3.6419625343261846
172 158 4.33510971488613
173 158 4.33510971488613
174 158 4.33510971488613
175 158 4.33510971488613
176 158 4.33510971488613
154 159 3.21239987463896
155 159 3.118714390561637
157 159 3.2364974262180204
158 159 2.831032318109856
159 159 3.076154776142841
161 159 3.6419625343261846
163 159 3.2364974262180204
166 159 3.3616605691720265
168 159 3.747323049984011
174 159 2.543350245658075
175 159 2.831032318109856
176 159 2.831032318109856
154 160 0.5974400966027618
155 160 3.2364974262180204
156 160 4.348532735218271
159 160 1.7324200294417462
160 160 3.54665235452186
162 160 4.33510971488613
166 160 2.7256718024520294
167 160 4.478210558526803
154 161 2.9488153537662396
155 161 2.948815353766239
157 161 3.6419625343261846
158 161 3.6419625343261846
159 161 2.831032318109856
163 161 3.6419625343261846
166 161 2.7256718024520294
168 161 3.6419625343261846
172 161 3.6419625343261846
173 161 3.6419625343261846
174 161 3.6419625343261846
175 161 3.6419625343261846
176 161 3.6419625343261846
154 162 3.400800477509297
155 162 3.2364974262180204
156 162 3.4322420033441157
159 162 3.2364974262180204
162 162 3.3542804618744038
166 162 2.7256718024520294
69 163 2.543350245658075
73 163 3.418818983011975
75 163 2.7256718024520294
157 163 3.6419625343261846
158 163 4.33510971488613
172 163 4.33510971488613
173 163 4.33510971488613
174 163 4.33510971488613
175 163 4.33510971488613
176 163 4.33510971488613
155 164 2.543350245658075
156 164 4.348532735218271
160 164 4.64526464318997
162 164 4.33510971488613
167 164 4.478210558526803
169 164 4.8459353386521204
156 165 4.243172219560445
160 165 4.64526464318997
162 165 4.33510971488613
164 165 4.963718374308504
165 165 3.785063377966858
167 165 4.478210558526803
169 165 4.8459353386521204
75 166 1.1162338900179294
154 166 3.0823467463907623
155 166 2.7256718024520294
157 166 3.418818983011975
158 166 3.418818983011975
159 166 3.0133538749038107
161 166 3.418818983011975
163 166 3.418818983011975
166 166 2.7256718024520294
168 166 3.418818983011975
172 166 2.7256718024520294
173 166 3.418818983011975
174 166 3.418818983011975
175 166 3.418818983011975
176 166 3.418818983011975
154 167 2.3891995658308165
155 167 3.2364974262180204
156 167 4.348532735218271
159 167 2.1378851375499104
162 167 4.33510971488613
166 167 2.7256718024520294
73 168 2.7256718024520294
75 168 2.7256718024520294
157 168 4.33510971488613
158 168 4.33510971488613
163 168 4.33510971488613
172 168 4.33510971488613
173 168 4.33510971488613
174 168 4.33510971488613
175 168 4.33510971488613
176 168 4.33510971488613
155 169 3.2364974262180204
156 169 4.348532735218271
160 169 4.64526464318997
162 169 4.33510971488613
167 169 4.478210558526803
2 170 3.331807606022345
4 170 3.418818983011975
28 170 2.1378851375499104
29 170 2.4379897300002487
30 170 2.7256718024520294
31 170 2.3202066943438653
32 170 2.7256718024520294
33 170 3.0823467463907623
34 170 1.339377441332139
35 170 2.8434548381084133
37 170 2.7256718024520294
38 170 2.7256718024520294
85 170 3.093396582577347
153 170 1.4263888183217686
170 170 2.9079933592459843
1 171 2.7256718024520294
2 171 2.543350245658075
30 171 3.6419625343261846
33 171 3.082346746390762
34 171 3.6419625343261846
35 171 3.8651060856403943
85 171 2.1378851375499104
87 171 2.543350245658075
170 171 2.7256718024520294
69 172 4.152788158092175
73 172 4.11196616357192
75 172 3.418818983011975
76 172 4.047427642434349
80 172 3.6419625343261846
69 173 4.152788158092175
73 173 3.824284091120139
75 173 3.418818983011975
76 173 4.047427642434349
80 173 3.6419625343261846
172 173 4.33510971488613
69 174 3.6419625343261846
73 174 3.6419625343261846
75 174 3.131136910560194
76 174 3.6419625343261846
80 174 3.6419625343261846
172 174 4.33510971488613
173 174 4.33510971488613
174 174 2.948815353766239
175 174 3.6419625343261846
176 174 3.6419625343261846
69 175 3.524179498669801
73 175 3.418818983011975
75 175 2.7256718024520294
76 175 3.796113214153443
80 175 3.6419625343261846
172 175 4.33510971488613
173 175 4.33510971488613
174 175 3.6419625343261846
175 175 3.2364974262180204
176 175 4.33510971488613
69 176 3.6419625343261846
73 176 3.6419625343261846
75 176 3.418818983011975
76 176 4.047427642434349
80 176 3.6419625343261846
172 176 4.33510971488613
173 176 4.33510971488613
174 176 3.6419625343261846
176 176 2.948815353766239
106 177 3.6419625343261846
108 177 3.418818983011975
113 177 3.6419625343261846
114 177 3.824284091120139
117 177 3.929644606777966
179 177 4.33510971488613
106 178 3.6419625343261846
108 178 3.2364974262180204
113 178 3.6419625343261846
114 178 3.824284091120139
117 178 3.929644606777966
177 178 4.33510971488613
179 178 4.33510971488613
106 179 3.6419625343261846
107 179 3.6419625343261846
108 179 3.418818983011975
113 179 3.6419625343261846
114 179 3.824284091120139
117 179 3.929644606777966
108 180 0.9339123332239745
114 180 2.7256718024520294
122 180 4.33510971488613
123 180 4.33510971488613
124 180 4.047427642434349
125 180 4.33510971488613
150 180 4.33510971488613
177 180 4.33510971488613
178 180 4.33510971488613
179 180 3.6419625343261846
180 180 2.948815353766239
181 180 3.6419625343261846
193 180 3.6419625343261846
122 181 4.33510971488613
123 181 4.33510971488613
124 181 4.33510971488613
125 181 4.33510971488613
150 181 4.33510971488613
177 181 4.33510971488613
178 181 4.33510971488613
179 181 4.33510971488613
180 181 3.6419625343261846
193 181 4.33510971488613
122 182 0.5974400966027618
123 182 2.1015174933790357
124 182 2.1015174933790357
125 182 1.6960523852708713
180 182 2.9488153537662396
181 182 3.082346746390762
182 182 3.305490297704972
183 182 3.6419625343261846
184 182 2.9769862307329356
185 182 3.855536634624244
187 182 3.7754939269507073
188 182 3.5418790757692022
189 182 3.082346746390762
190 182 3.4008004775092964
191 182 3.3054902977049716
192 182 3.082346746390762
193 182 2.794664673938981
182 183 3.4878118544989265
183 183 2.948815353766239
184 183 3.418818983011975
185 183 4.33510971488613
187 183 3.6419625343261846
188 183 4.152788158092175
127 184 2.7256718024520294
131 184 1.339377441332139
132 184 2.3202066943438653
134 184 2.9079933592459843
137 184 3.418818983011975
141 184 3.418818983011975
142 184 3.418818983011975
145 184 3.418818983011975
148 184 2.7256718024520294
149 184 3.418818983011975
182 184 2.389199565830817
184 184 2.50252825113782
185 184 3.2364974262180204
186 184 3.418818983011975
187 184 3.418818983011975
188 184 3.418818983011975
189 184 2.7256718024520294
190 184 2.7256718024520294
191 184 2.7256718024520294
124 185 2.543350245658075
180 185 3.2364974262180204
181 185 3.2364974262180204
182 185 3.0823467463907623
184 185 1.62705951378392
185 185 3.2364974262180204
187 185 3.929644606777966
188 185 4.33510971488613
189 185 3.929644606777966
190 185 4.33510971488613
191 185 3.929644606777966
192 185 3.929644606777966
127 186 3.418818983011975
132 186 3.2364974262180204
134 186 2.7256718024520294
137 186 4.11196616357192
141 186 4.33510971488613
142 186 3.6419625343261846
145 186 4.33510971488613
148 186 2.948815353766239
149 186 4.33510971488613
184 186 2.7256718024520294
122 187 3.2364974262180204
123 187 3.6419625343261846
124 187 2.948815353766239
125 187 2.948815353766239
180 187 3.6419625343261846
181 187 3.6419625343261846
182 187 2.3891995658308165
185 187 3.2364974262180204
187 187 2.948815353766239
188 187 3.6419625343261846
189 187 4.33510971488613
190 187 4.33510971488613
191 187 4.33510971488613
192 187 4.33510971488613
193 187 3.6419625343261846
122 188 2.831032318109856
123 188 2.543350245658075
124 188 3.6419625343261846
125 188 2.543350245658075
180 188 4.152788158092175
181 188 4.33510971488613
182 188 2.389199565830817
187 188 3.6419625343261846
188 188 3.2364974262180204
189 188 4.33510971488613
190 188 4.33510971488613
191 188 4.33510971488613
192 188 4.33510971488613
193 188 4.33510971488613
122 189 4.33510971488613
123 189 4.33510971488613
124 189 4.33510971488613
125 189 4.33510971488613
150 189 4.33510971488613
180 189 4.33510971488613
181 189 4.33510971488613
192 189 4.33510971488613
193 189 4.33510971488613
122 190 3.929644606777966
123 190 4.33510971488613
124 190 3.6419625343261846
125 190 4.047427642434349
150 190 4.33510971488613
180 190 4.33510971488613
181 190 4.33510971488613
189 190 4.33510971488613
190 190 2.948815353766239
191 190 4.33510971488613
192 190 4.33510971488613
193 190 4.33510971488613
122 191 3.929644606777966
123 191 4.33510971488613
124 191 4.33510971488613
125 191 4.33510971488613
150 191 4.33510971488613
180 191 4.33510971488613
181 191 4.33510971488613
189 191 4.33510971488613
192 191 4.33510971488613
193 191 4.33510971488613
122 192 4.33510971488613
123 192 4.33510971488613
124 192 4.33510971488613
125 192 4.33510971488613
150 192 4.33510971488613
178 192 4.33510971488613
180 192 4.33510971488613
181 192 4.33510971488613
193 192 4.33510971488613
114 193 3.418818983011975
122 193 4.33510971488613
123 193 4.33510971488613
124 193 3.6419625343261846
125 193 4.33510971488613
150 193 4.33510971488613
177 193 4.33510971488613
178 193 4.33510971488613
179 193 4.33510971488613
180 193 3.6419625343261846
194 194 3.2364974262180204
195 194 3.7671256772801907
197 194 3.4878118544989265
200 194 3.2364974262180204
201 194 2.1378851375499104
202 194 4.33510971488613
203 194 3.929644606777966
205 194 4.33510971488613
195 195 3.491139644591601
196 195 3.9784347709473975
197 195 3.3824513388411
198 195 3.2852875903874525
199 195 3.9784347709473975
202 195 2.0325246218920845
203 195 3.706501055463756
204 195 3.0441255335705644
205 195 2.7256718024520294
206 195 2.948815353766239
208 195 3.131136910560194
195 196 2.7256718024520294
197 196 3.082346746390762
198 196 3.6419625343261846
199 196 4.33510971488613
204 196 4.33510971488613
206 196 3.6419625343261846
208 196 4.33510971488613
194 197 2.4379897300002487
195 197 3.6319121984726834
196 197 3.536602018668358
197 197 2.9769862307329356
198 197 3.2111796182337304
199 197 3.536602018668358
202 197 3.131136910560194
203 197 3.2852875903874525
204 197 3.536602018668358
205 197 3.536602018668358
206 197 2.8434548381084133
208 197 3.536602018668358
197 198 2.6993544941346563
198 198 4.462943086396015
199 198 3.9521174626300244
204 198 4.239799535081805
206 198 3.54665235452186
208 198 4.239799535081805
197 199 1.961755551003877
198 199 4.3131308081673545
199 199 3.214518519499245
204 199 4.600812880619135
206 199 3.9076657000591903
208 199 4.600812880619135
194 200 3.929644606777966
195 200 3.6419625343261846
197 200 3.7754939269507073
200 200 3.2364974262180204
202 200 4.33510971488613
203 200 3.2364974262180204
205 200 4.33510971488613
194 201 4.217326679229746
195 201 2.7256718024520294
197 201 3.370028818842543
200 201 4.33510971488613
201 201 3.2364974262180204
202 201 4.33510971488613
203 201 3.2364974262180204
205 201 3.2364974262180204
206 201 3.2364974262180204
207 201 3.929644606777966
195 202 4.11196616357192
196 202 4.33510971488613
197 202 3.4878118544989265
203 202 3.929644606777966
205 202 4.33510971488613
195 203 3.418818983011975
196 203 4.33510971488613
197 203 3.4878118544989265
198 203 2.831032318109856
199 203 3.929644606777966
202 203 3.2364974262180204
203 203 3.2364974262180204
204 203 3.2364974262180204
205 203 3.2364974262180204
206 203 3.2364974262180204
208 203 3.929644606777966
198 204 4.888494953070916
204 204 4.3131308081673545
208 204 3.9076657000591903
195 205 4.11196616357192
196 205 4.33510971488613
197 205 3.4878118544989265
198 205 2.543350245658075
203 205 3.929644606777966
194 206 3.8651060856403943
195 206 2.2556681732062938
197 206 3.017808225253191
198 206 3.45964097753223
200 206 3.8651060856403943
201 206 2.7664937969722847
202 206 3.8651060856403943
203 206 2.7664937969722847
204 206 3.8651060856403943
205 206 3.8651060856403943
208 206 3.8651060856403943
194 207 4.33510971488613
195 207 2.7256718024520294
197 207 3.4878118544989265
200 207 4.33510971488613
201 207 3.2364974262180204
202 207 4.33510971488613
203 207 3.2364974262180204
206 207 3.6419625343261846
198 208 4.691784658824862
204 208 4.809567694481246
