0 0 0.25577705801298095
5 0 0.31391308460065054
6 0 -0.09155202350751382
7 0 -2.342843822114009
10 0 -0.7846992040674591
12 0 -0.7846992040674591
14 0 -3.6179125481236754
0 1 0.19613004894426705
10 1 3.1306515914533617
12 1 3.1306515914533617
0 2 0.31391308460065054
0 3 -0.17856340049714364
1 3 3.1306515914533617
10 3 3.1306515914533617
0 4 -0.09155202350751382
2 4 3.823798772013307
3 5 1.0512100497735257
6 5 2.8429695190015805
7 5 1.913433560377405
1 6 1.0512100497735257
3 6 1.0512100497735257
7 6 2.296425812633511
0 7 -2.63052589456579
1 7 1.8909607045253463
3 7 2.1321227613422344
7 7 1.559261746656791
9 7 -0.10146946016485978
11 7 2.265654153966757
13 7 1.8909607045253463
14 7 0.061049469332915
3 8 2.4375044108934163
7 8 1.9779720815149762
11 8 1.7443572303334711
13 8 1.7443572303334711
7 9 1.8444406888904534
8 9 3.536116699561526
11 9 1.7443572303334711
12 10 4.922411060681417
14 10 2.782344897185146
8 11 1.7443572303334711
9 11 1.7443572303334711
13 11 3.1306515914533617
14 11 2.600023340391191
9 12 3.536116699561526
14 12 2.782344897185146
7 13 -0.5069345682730241
8 13 1.7443572303334711
9 13 1.7443572303334711
14 13 3.005488448499356
0 14 -2.5193002594555653
2 14 2.782344897185146
4 14 3.1878100052933105
7 14 -0.44977615443307556
8 14 2.494662824733365
9 14 2.782344897185146
14 14 2.028573094808766
