0 0 0.5464017220708859
3 0 0.4782902962117401
4 0 0.10359684677032946
5 0 -2.602599785682558
0 1 0.4782902962117401
3 1 1.3388921222253065
4 1 1.3388921222253065
0 2 0.10359684677032946
1 2 3.1306515914533617
3 2 1.3388921222253065
4 3 3.1306515914533617
5 3 1.7237379431307351
5 4 2.1292030512388997
5 5 1.328425206486589
6 5 -1.3673045102275805
7 5 0.7429086901190091
8 5 -0.26869222155947065
9 5 1.8862568726285103
10 5 -0.35570359854910066
11 5 1.3754312488625196
12 5 -0.6433856710008815
5 6 1.7237379431307354
6 6 0.12662051508467573
7 6 2.236833715431265
9 6 1.0775968049467208
10 6 1.1382214267631554
11 6 -0.3086975561731698
12 6 -1.3466852230248447
5 7 0.742908690119009
6 7 1.8313686073231008
9 7 0.7029033555053099
10 7 2.8429695190015805
11 7 1.3960505360652553
12 7 0.3580628692135805
5 8 1.1176021395604196
6 8 2.323845092420895
7 8 1.8313686073231008
9 8 0.7899147324949397
10 8 1.8313686073231008
11 8 0.7899147324949397
12 8 -0.6535380424648994
5 9 -1.1094754009254808
6 9 1.3007403562609303
7 9 2.0891977166252005
8 9 0.7899147324949397
10 9 1.3960505360652553
11 9 1.9640345736711946
12 9 1.2137289792713006
8 10 1.1382214267631554
11 10 2.0891977166252005
12 10 1.6108258377089482
5 11 -0.7040102928173163
6 11 1.0775968049467208
8 11 1.3007403562609303
12 11 1.8815583518469559
0 12 -2.581980498479822
1 12 1.7443572303334711
2 12 2.1498223384416355
5 12 -1.7419979596689914
6 12 1.051210049773526
8 12 1.6978372146985783
9 12 -0.6833910056145807
10 12 1.0512100497735257
11 12 -1.088856113722745
12 12 1.3388921222253065
