0 0 0.2605724051517703
3 0 -2.743810864981308
6 0 0.08940247907490778
8 0 -0.510218643474214
9 0 -2.7673413623915026
0 1 0.18292853708573129
6 1 1.1847414423980485
8 1 0.9334270141171422
0 2 -0.797900715925995
6 2 2.976500911626103
8 2 2.725186483345197
0 3 -0.34591559218293766
1 3 2.976500911626103
6 3 1.03059076257079
7 3 2.283353731066158
8 3 0.7792763342898839
9 3 -0.7846992040674591
7 4 4.229263880121471
8 4 2.725186483345197
9 4 1.161210944987854
0 5 -0.797900715925995
2 5 4.922411060681417
6 5 2.976500911626103
1 6 1.1847414423980485
3 6 1.03059076257079
8 6 2.725186483345197
9 6 1.7002074457205412
8 7 2.725186483345197
9 7 1.8543581255477994
0 8 -2.9951252932622143
1 8 0.9334270141171422
3 8 0.7792763342898839
9 8 2.1420401979995805
0 9 -3.172806470499667
1 9 1.4488930174396353
3 9 1.8543581255477994
7 9 1.161210944987854
8 9 -1.0360136323483653
9 9 1.6485060713436508
11 9 -0.2250834161320365
12 9 2.259823233655964
13 9 1.8543581255477994
14 9 -0.017444051353791883
0 10 -1.8965130045941045
1 10 2.0320393027852517
3 10 2.571035803517939
9 10 1.6720365687538448
1 11 1.7443572303334711
3 11 1.5902065505062126
4 11 3.536116699561526
7 11 2.8429695190015805
8 11 1.3388921222253065
9 11 1.161210944987854
10 11 3.536116699561526
10 12 2.2143608595792066
11 12 1.9266787871274256
13 12 3.312973148247316
14 12 2.8274653324656156
9 13 -0.4482269674462462
10 13 2.2143608595792066
11 13 1.9266787871274256
14 13 3.2329304405737798
0 14 -3.3628500733875315
2 14 3.0506088837798253
3 14 0.4115515541645665
4 14 3.0506088837798253
5 14 3.4560739918879895
7 14 1.6643145226599347
9 14 -1.4037384124736825
10 14 2.6451437756716607
11 14 3.1683919194362087
14 14 2.5005625468605532
