0 0 0.21868541900212166
3 0 0.24021091378839554
4 0 -0.16525419431976907
5 0 -2.780213972355967
0 1 0.24021091378839554
0 2 -0.16525419431976907
1 2 3.6840064893720617
4 3 3.6840064893720617
5 3 2.4553410724557545
5 4 2.8608061805639187
5 5 2.082862463343897
6 5 0.15275597946170866
7 5 2.232197521141545
8 5 -0.8027554655657275
9 5 2.625240109251152
10 5 1.3567287837876447
11 5 2.154235979671833
12 5 0.17522883531376718
5 6 2.386348200968803
7 6 2.5445722061836973
8 6 0.8959135805963152
9 6 2.244467613733359
11 6 1.628281474309542
12 6 -0.323326695860409
5 7 1.762193891895809
6 7 2.9500373142918614
9 7 1.2636383607216326
10 7 4.154010118617797
11 7 2.0337465824177063
12 7 0.7752855928077007
5 8 1.9698332566740537
6 8 3.3808202303843156
9 8 1.9175648281282967
10 8 2.5053514930304157
11 8 1.7713823179502153
12 8 -0.8733730327796811
5 9 -0.43503068544041024
6 9 1.5513204331734138
7 9 2.873076273155733
8 9 1.0012740962541418
10 9 2.873076273155733
11 9 2.832254278635478
12 9 2.084618912791463
11 10 2.9500373142918614
12 10 2.384723505241801
5 11 -1.4566819329723917
6 11 0.24198711318965144
8 11 1.4837002454984345
10 11 1.8514250256237517
11 11 -0.26883851057633906
12 11 2.6922082049897615
0 12 -2.85083153956992
1 12 2.384723505241801
2 12 2.7901886133499656
5 12 -0.6357013809025613
6 12 2.0745685769379616
8 12 2.5923628700200454
9 12 -0.5056482526543639
12 12 2.0584265966622404
