0 0 5.799092654460526
5 1 5.393627546352362
6 1 5.393627546352362
7 1 4.295015257684252
0 2 5.799092654460526
1 3 5.393627546352362
5 3 5.393627546352362
6 3 5.393627546352362
0 4 5.393627546352362
2 4 5.393627546352362
6 5 5.393627546352362
7 5 4.988162438244197
7 6 5.393627546352362
7 7 4.295015257684252
10 7 5.393627546352362
12 7 4.295015257684252
13 7 -2.169573046005709
1 8 5.393627546352362
3 8 5.393627546352362
5 8 5.393627546352362
1 9 4.700480365792417
3 9 4.700480365792417
8 9 4.700480365792417
11 9 4.700480365792417
12 9 4.007333185232471
13 9 -1.764107937897545
12 10 4.700480365792417
13 10 -0.37781357677765437
12 11 4.700480365792417
13 11 -0.37781357677765437
13 12 0.02765153133050995
0 13 -1.7672183603119374
2 13 -0.38092399919204667
3 13 -1.074071179751992
4 13 0.02454110891611766
8 13 -0.38092399919204667
9 13 0.02454110891611766
11 13 -0.38092399919204667
12 13 -1.7672183603119374
13 13 0.018291088570946454
