0 0 0.35266895068369897
4 0 -0.639562934425839
6 0 0.4590493542422707
8 0 -0.06419878952227706
9 0 -2.431322403653894
10 0 -1.3327101149857843
11 0 0.05358424613410626
13 0 0.4590493542422707
14 0 0.05358424613410626
16 0 -2.431322403653894
0 1 0.4590493542422707
0 2 0.4590493542422707
0 3 0.05358424613410626
1 3 2.9531726591351948
0 4 0.05358424613410626
1 4 2.9531726591351948
0 5 -0.12873731065984828
2 5 2.9531726591351948
7 5 2.9531726591351948
8 5 0.7559480817989755
9 5 -0.9180283517726959
8 6 2.4299245153706472
9 6 1.4490952623589208
14 6 2.5477075510270306
16 6 0.7559480817989755
17 6 -0.2855057930291854
8 7 2.5477075510270306
9 7 1.5668782980153044
9 8 1.9723434061234688
0 9 -2.9013260328996293
1 9 1.3845567412213498
3 9 1.9723434061234688
9 9 1.3592389332370598
10 9 0.18058393689541372
12 9 1.5668782980153044
15 9 1.9723434061234688
16 9 1.3845567412213498
17 9 -0.35004431416675663
9 10 1.9723434061234688
0 11 -1.3327101149857843
1 11 2.26002547857525
4 11 4.051784947803305
9 11 0.873731117455359
10 11 3.3586377672433594
9 12 1.5668782980153044
10 12 4.051784947803305
1 13 2.26002547857525
4 13 4.051784947803305
9 13 0.18058393689541372
10 13 3.3586377672433594
11 13 4.051784947803305
16 14 2.9531726591351948
17 14 2.604865964866979
9 15 -0.9180283517726959
10 15 2.26002547857525
12 15 2.9531726591351948
16 15 2.7708511023412403
17 15 2.4225444080730245
5 16 1.16141318990714
17 16 2.9531726591351948
0 17 -1.8633383660479548
2 17 2.604865964866979
5 17 2.9531726591351948
7 17 2.604865964866979
8 17 -0.2855057930291854
17 17 1.8510941624905992
