0 0 0.13815269497336674
2 0 -2.3246695239043396
3 0 0.07322574889403075
4 0 -0.2452279822245038
5 0 -2.8354951476703305
0 1 0.07322574889403075
3 1 2.1498223384416355
0 2 -0.2452279822245038
1 2 3.536116699561526
1 3 2.1498223384416355
2 3 2.1498223384416355
4 3 3.536116699561526
5 3 2.33214389523559
0 4 -2.3246695239043396
1 4 2.1498223384416355
2 4 2.1498223384416355
5 4 2.7376090033437546
0 5 -2.8354951476703305
1 5 2.33214389523559
2 5 2.7376090033437546
5 5 2.1090003439213802
9 5 3.0252910757955354
11 5 2.6198259676873707
12 5 0.8280664984593159
5 6 3.0252910757955354
5 7 2.6198259676873707
6 7 3.823798772013307
5 8 1.5212136790192612
6 8 3.823798772013307
7 8 3.823798772013307
10 8 3.823798772013307
11 9 3.823798772013307
12 9 3.4183336639051425
5 10 1.9266787871274256
6 10 3.823798772013307
7 10 4.229263880121471
12 11 3.823798772013307
5 12 -0.2705457902087937
6 12 2.319721375237033
7 12 2.725186483345197
8 12 3.823798772013307
10 12 3.4183336639051425
12 12 2.725186483345197
