0 0 0.02703679625698975
3 0 0.03206193245966288
4 0 -0.3734031756485015
5 0 -2.1651626448765566
0 1 0.03206193245966288
0 2 -0.3734031756485015
1 2 4.922411060681417
4 3 4.922411060681417
5 3 4.516945952573252
5 4 4.922411060681417
5 5 3.823798772013307
7 5 4.922411060681417
8 5 4.516945952573252
9 5 2.725186483345197
0 6 -1.0665503562084468
1 6 4.922411060681417
2 6 4.922411060681417
8 7 4.922411060681417
9 7 4.516945952573252
9 8 4.922411060681417
1 9 3.823798772013307
2 9 4.516945952573252
6 9 4.922411060681417
9 9 3.823798772013307
