0 0 1.1918589101669126
1 0 -2.301613747604414
2 0 0.3374435820108446
3 0 -2.435145140228937
5 0 1.03059076257079
6 0 1.158424134080675
7 0 -1.7419979596689914
8 0 -0.11454154173221245
9 0 -2.428176470912843
12 0 -0.35570359854910066
14 0 0.7429086901190091
16 0 0.3374435820108446
17 0 0.8074472112565801
21 0 -1.5343585948907468
0 1 1.112170749563213
2 1 1.1847414423980485
3 1 -0.4892349911736233
6 1 1.2717528193876781
8 1 0.5786056388277329
14 1 1.5902065505062126
20 1 2.283353731066158
22 1 -2.576458673295514
0 2 -0.08822423341483916
1 2 1.1847414423980485
3 2 1.0512100497735257
7 2 2.4375044108934163
8 2 2.119050679774882
9 2 -0.04043356957849057
0 3 0.4350239103497087
1 3 1.908660281624747
2 3 1.0512100497735257
3 3 -0.6227663837981459
6 3 0.8505393543113746
7 3 1.8621402659898545
8 3 1.1382214267631554
9 3 -1.0212628225902167
17 3 0.540384426007535
21 3 -0.4151270190199013
0 4 -0.37590630586662
1 4 1.5902065505062126
4 4 2.1498223384416355
7 4 1.45667515788169
8 4 1.1382214267631554
9 4 -0.32811564203027144
11 4 2.8429695190015805
14 4 2.8429695190015805
15 4 3.536116699561526
20 4 3.536116699561526
4 5 3.536116699561526
11 5 4.229263880121471
16 5 4.922411060681417
0 6 -2.080654398105045
1 6 0.5786056388277329
2 6 2.119050679774882
3 6 0.4450742462032102
7 6 1.1382214267631554
8 6 1.9183799843127307
9 6 0.2697213587253491
10 6 0.7053573444668768
12 6 1.8313686073231008
17 6 2.3013722365688363
18 6 0.4450742462032102
21 6 0.6527136109814548
22 6 -1.6421494359186808
1 7 0.20391218938632205
2 7 1.7443572303334711
3 7 0.7635279773217447
7 7 1.45667515788169
8 7 2.3909843952585237
9 7 1.0581787190896192
17 7 1.2335316065674804
21 7 0.278020161540044
22 7 -2.0168428853600915
0 8 -1.3875072175450998
1 8 0.5786056388277329
3 8 1.5436865348713198
7 8 1.1382214267631554
8 8 0.12662051508467573
9 8 1.43287216853103
17 8 0.9150778754489458
18 8 1.1382214267631554
21 8 -0.04043356957849057
0 9 -1.6080499871592524
1 9 0.9771020776198038
2 9 -0.047402238894584024
3 9 1.2743536010877352
6 9 -1.3466852230248447
7 9 0.3580628692135805
8 9 -0.6535380424648994
9 9 1.391670327572694
12 9 0.3580628692135805
13 9 -1.587847279841733
18 9 1.5367178655552263
19 9 -0.33508431134636485
21 9 0.5657022339918248
22 9 -2.4223079934682556
0 10 -2.2477084827682114
1 10 1.1046987347245119
3 10 1.530783130035412
7 10 0.9711673420999893
9 10 1.3264427056842985
10 10 -0.15484392075623474
12 10 0.9711673420999893
18 10 1.3766324502081537
21 10 0.48565952631828846
22 10 -2.502350701141792
0 11 -0.37590630586662
1 11 1.5902065505062126
4 11 3.536116699561526
7 11 2.1498223384416355
8 11 1.8313686073231008
3 12 1.2335316065674804
9 12 0.5473530953236284
10 12 2.186961885391092
18 12 1.9266787871274256
19 12 1.9266787871274256
21 12 1.441170971345725
22 12 -1.5468392561143558
1 13 0.3374435820108446
3 13 0.8970593699462673
4 13 1.5902065505062126
9 13 0.8170166622727311
10 13 1.9682726844262626
11 13 1.5902065505062126
12 13 0.8970593699462673
14 13 1.5902065505062126
15 13 2.283353731066158
18 13 0.20391218938632205
19 13 1.995671658614377
21 13 0.8170166622727311
22 13 -1.4778463846274044
5 14 4.229263880121471
11 14 3.536116699561526
13 14 1.5902065505062126
16 14 4.229263880121471
20 14 4.229263880121471
22 14 -0.6305485242402008
4 15 3.536116699561526
7 15 2.8429695190015805
11 15 4.229263880121471
1 16 2.283353731066158
4 16 3.536116699561526
11 16 4.229263880121471
9 17 -0.5512591933444814
10 17 1.4938147048311468
12 17 2.6198259676873707
13 17 0.6739158186320575
18 17 1.2335316065674804
21 17 1.8466360794538892
22 17 0.06259865631974455
9 18 -1.0212628225902167
10 18 0.330663895025466
12 18 2.1498223384416355
13 18 0.20391218938632205
19 18 2.1498223384416355
21 18 2.223930310595357
22 18 0.2857422076339544
13 19 0.8970593699462673
21 19 2.35746170321988
22 19 0.6222144442551673
13 20 2.283353731066158
19 20 3.536116699561526
22 20 0.06259865631974455
4 21 0.9711673420999893
13 21 1.3278422860387216
19 21 1.6643145226599347
21 21 -0.20748765424165685
22 21 0.8988466805203632
1 22 -2.576458673295514
3 22 -2.709990065920037
4 22 -0.22508341613203622
9 22 -1.8557235362167397
10 22 0.44066479023979455
13 22 0.8575285311896322
15 22 0.06259865631974455
18 22 -2.0168428853600915
19 22 -0.6305485242402008
21 22 -1.8092035205818469
22 22 0.9711072477518449
