0 0 0.3405238387203467
4 0 -0.6532305731545028
6 0 0.44538171551360695
8 0 -0.07786642825094096
9 0 -2.3804515212449866
10 0 -1.3463777537144481
11 0 0.03991660740544242
13 0 0.44538171551360695
14 0 0.03991660740544242
16 0 -2.4449900423825577
0 1 0.44538171551360695
0 2 0.4453817155136068
0 3 0.03991660740544242
1 3 2.9531726591351948
0 4 0.03991660740544242
1 4 2.9531726591351948
0 5 -0.14240494938851217
2 5 2.9531726591351948
7 5 2.9531726591351948
8 5 0.7559480817989755
9 5 -0.8534898306351247
8 6 2.4299245153706472
9 6 1.5136337834964924
14 6 2.5477075510270306
16 6 0.7559480817989755
17 6 -0.2855057930291854
8 7 2.5477075510270306
9 7 1.6314168191528755
9 8 2.03688192726104
0 9 -2.8504551504907223
1 9 1.449095262358921
3 9 2.03688192726104
9 9 1.3657136534198702
10 9 0.2451224580329849
12 9 1.6314168191528755
15 9 2.03688192726104
16 9 1.449095262358921
17 9 -0.2855057930291854
9 10 2.03688192726104
0 11 -1.3463777537144481
1 11 2.26002547857525
4 11 4.051784947803305
9 11 0.9382696385929302
10 11 3.3586377672433594
9 12 1.6314168191528755
10 12 4.051784947803305
1 13 2.26002547857525
4 13 4.051784947803305
9 13 0.2451224580329849
10 13 3.3586377672433594
11 13 4.051784947803305
16 14 2.9531726591351948
17 14 2.604865964866979
9 15 -0.8534898306351247
10 15 2.26002547857525
12 15 2.9531726591351948
16 15 2.7708511023412403
17 15 2.4225444080730245
5 16 1.16141318990714
17 16 2.9531726591351948
0 17 -1.8770060047766184
2 17 2.604865964866979
5 17 2.9531726591351948
7 17 2.604865964866979
8 17 -0.2855057930291854
17 17 1.8510941624905992
