0 0 0.22630508907313002
3 0 -2.77607172719953
5 0 -0.08294717631399531
6 0 -0.4624367980188989
7 0 -2.6219210473722714
10 0 -2.4395994905783165
0 1 0.16836725196691063
5 1 0.7792763342898839
6 1 0.7792763342898839
5 2 2.725186483345197
6 2 2.725186483345197
7 2 1.5212136790192614
0 3 -0.21112236973799295
1 3 2.976500911626103
5 3 0.7792763342898839
2 4 4.229263880121471
5 4 2.725186483345197
6 4 2.725186483345197
1 5 0.7792763342898839
3 5 0.7792763342898839
6 5 2.725186483345197
7 5 1.9630464312983005
10 5 1.115748570911097
11 5 1.115748570911097
0 6 -3.027386155480436
1 6 0.7792763342898839
3 6 0.7792763342898839
7 6 2.3685115394064646
10 6 1.115748570911097
11 6 1.115748570911097
12 6 0.017136282242987237
0 7 -2.6219210473722714
1 7 1.8778886229579936
3 7 2.283353731066158
7 7 1.7035352358132159
10 7 2.396682416373161
11 7 1.991217308264997
12 7 0.19945783903694184
0 8 -1.928773866812326
1 8 1.8778886229579936
3 8 1.8778886229579936
7 8 2.2143608595792066
1 9 1.8778886229579936
3 9 1.8778886229579936
7 9 1.8088957514710422
8 9 3.823798772013307
11 10 3.312973148247316
12 10 2.907508040139152
9 11 2.2143608595792066
12 11 3.243980276760365
2 12 2.907508040139152
3 12 0.26845071052389335
4 12 3.3129731482473166
5 12 0.7102834628029325
7 12 -0.4936893415230035
8 12 2.907508040139152
9 12 3.1951901125909328
12 12 2.2788993807167777
