3 0 5.393627546352362
4 0 5.393627546352362
1 1 4.007333185232471
34 1 3.670860948611258
64 2 5.393627546352362
2 3 5.393627546352362
3 3 4.007333185232471
4 3 5.393627546352362
64 3 3.6018680771243066
2 4 5.393627546352362
64 4 4.988162438244197
1 5 5.393627546352362
34 5 2.7545702167371027
7 6 5.393627546352362
8 6 4.988162438244197
8 7 4.988162438244197
9 7 4.007333185232471
8 8 3.196402969016142
9 8 4.295015257684252
10 8 2.5032557884561966
14 8 4.295015257684252
29 8 3.6018680771243066
30 8 4.295015257684252
8 9 3.6018680771243066
9 9 3.3141860046725258
10 9 3.8250116284385163
14 9 4.700480365792417
30 9 4.007333185232471
8 10 2.5032557884561966
9 10 3.825011628438516
10 10 4.295015257684252
24 11 0.4168938039317871
12 12 4.37197629882038
46 12 3.0910424533583156
6 13 5.393627546352362
7 13 4.988162438244197
8 13 3.196402969016142
13 13 4.295015257684252
29 14 5.393627546352362
30 14 5.393627546352362
16 15 5.393627546352362
20 15 4.140864577856994
20 16 4.546329685965158
15 17 5.393627546352362
16 17 5.393627546352362
20 17 3.447717397297048
0 18 4.882801922586371
3 18 4.189654742026425
18 18 4.37197629882038
31 19 4.007333185232471
32 19 4.140864577856994
20 20 4.209857449343945
21 20 3.8531825054052127
15 21 4.007333185232471
16 21 4.007333185232471
17 21 4.007333185232471
21 21 3.71965111278069
22 21 3.71965111278069
33 21 4.007333185232471
15 22 4.007333185232471
17 22 4.700480365792417
21 22 3.71965111278069
22 22 3.71965111278069
33 22 4.007333185232471
22 23 3.71965111278069
23 23 4.125116220888854
12 24 -0.4993969279423678
18 24 -0.4993969279423678
23 24 -0.9694005571881034
24 24 0.3841806065254847
25 24 -0.8358691645635808
28 24 -0.9694005571881034
34 24 -1.1235512370153617
46 24 -2.0680128458562135
24 25 -1.5290163451235261
25 25 3.986713898029735
26 25 3.630038954091003
19 26 4.477336814478206
24 26 -1.5980092166104776
25 26 1.8382794848629478
26 26 3.966511190712216
27 26 4.882801922586371
31 26 2.3978952727983702
19 27 5.393627546352362
31 27 4.007333185232471
32 27 3.447717397297048
13 28 4.007333185232471
24 28 -1.1517221139820581
28 28 3.7996938204542263
24 29 -1.374865665296268
28 29 4.007333185232471
29 29 4.007333185232471
28 30 3.3141860046725258
29 30 5.393627546352362
26 31 2.3978952727983702
31 31 3.71965111278069
32 31 3.1600353248452673
35 31 4.700480365792417
36 31 5.10594547390058
31 32 3.8531825054052127
32 32 4.209857449343945
24 33 0.01142869582362263
33 33 4.295015257684252
24 34 -1.5290163451235261
34 34 3.4113497531261734
46 34 1.3682758556172123
50 34 3.8531825054052127
52 34 2.243744592971112
24 35 -0.6817184847363227
25 35 3.447717397297048
26 35 3.784189633918261
25 36 3.447717397297048
26 36 3.784189633918261
35 36 5.393627546352362
37 37 4.295015257684252
38 37 4.477336814478207
37 38 4.295015257684252
38 38 3.5610460826040513
40 38 4.700480365792417
45 38 3.784189633918261
37 39 3.6018680771243066
38 39 4.477336814478206
39 39 4.007333185232471
40 40 4.007333185232471
43 40 5.393627546352362
44 40 4.700480365792417
45 40 5.393627546352362
38 41 2.6855773452501515
39 41 5.211305989558407
41 41 4.295015257684252
41 42 5.393627546352362
11 43 5.393627546352362
24 43 -0.6817184847363227
44 43 5.393627546352362
11 44 5.393627546352362
24 44 0.01142869582362263
11 45 5.393627546352362
43 45 5.393627546352362
44 45 5.393627546352362
41 46 2.908720896564361
42 46 4.007333185232471
46 46 3.6018680771243066
47 46 3.6018680771243066
47 47 4.295015257684252
48 47 5.211305989558407
61 47 3.6018680771243066
48 48 4.007333185232471
61 48 5.393627546352362
62 48 4.007333185232471
24 49 0.4168938039317871
52 50 4.882801922586371
24 51 0.2345722471378325
51 51 4.007333185232471
52 52 4.37197629882038
53 52 4.882801922586371
56 52 3.784189633918261
56 53 5.393627546352362
24 54 -0.6817184847363227
51 54 5.393627546352362
51 55 5.393627546352362
54 55 5.393627546352362
56 56 4.295015257684252
58 56 5.393627546352362
59 56 4.988162438244197
60 56 4.295015257684252
51 57 4.700480365792417
54 57 5.393627546352362
55 57 5.393627546352362
59 58 5.393627546352362
60 58 5.393627546352362
69 58 5.393627546352362
60 59 5.393627546352362
69 59 5.393627546352362
73 59 5.393627546352362
69 60 5.393627546352362
73 60 5.393627546352362
74 60 5.393627546352362
61 61 4.007333185232471
62 61 5.393627546352362
80 61 4.700480365792417
62 62 4.007333185232471
79 62 4.700480365792417
80 62 5.393627546352362
81 62 5.393627546352362
24 63 0.01142869582362263
49 63 5.393627546352362
64 64 4.295015257684252
65 64 4.988162438244197
65 65 4.295015257684252
66 65 4.700480365792417
1 66 4.412798293340635
5 66 5.10594547390058
66 66 4.412798293340635
54 67 5.393627546352362
55 67 5.393627546352362
57 67 5.393627546352362
55 68 5.393627546352362
57 68 5.393627546352362
67 68 5.393627546352362
72 69 5.393627546352362
73 69 5.393627546352362
74 69 5.393627546352362
57 70 5.393627546352362
67 70 5.393627546352362
68 70 5.393627546352362
67 71 5.393627546352362
68 71 5.393627546352362
70 71 5.393627546352362
77 72 5.393627546352362
78 72 5.393627546352362
72 73 5.393627546352362
74 73 5.393627546352362
78 73 5.393627546352362
72 74 5.393627546352362
77 74 4.700480365792417
78 74 5.393627546352362
68 75 5.393627546352362
70 75 5.393627546352362
71 75 5.393627546352362
70 76 4.700480365792417
71 76 5.393627546352362
75 76 5.393627546352362
76 76 4.007333185232471
76 77 5.10594547390058
77 77 4.007333185232471
84 77 5.393627546352362
77 78 5.393627546352362
84 78 5.393627546352362
85 79 5.393627546352362
87 79 4.700480365792417
88 79 5.393627546352362
79 80 5.393627546352362
81 80 5.393627546352362
85 80 5.393627546352362
79 81 5.393627546352362
85 81 5.393627546352362
87 81 4.700480365792417
49 82 5.393627546352362
63 82 5.393627546352362
83 82 5.393627546352362
24 83 -0.6817184847363227
49 83 5.393627546352362
63 83 5.393627546352362
75 84 5.393627546352362
76 84 5.393627546352362
87 85 5.393627546352362
88 85 5.393627546352362
63 86 5.393627546352362
82 86 5.393627546352362
83 86 5.393627546352362
87 87 4.007333185232471
88 87 4.700480365792417
90 87 4.700480365792417
91 87 5.393627546352362
94 87 4.700480365792417
87 88 4.700480365792417
90 88 5.393627546352362
91 88 5.393627546352362
82 89 5.393627546352362
83 89 4.700480365792417
86 89 5.393627546352362
89 89 4.007333185232471
94 90 5.393627546352362
95 90 5.393627546352362
96 90 5.393627546352362
90 91 5.393627546352362
94 91 5.393627546352362
96 91 5.393627546352362
89 92 5.393627546352362
93 92 5.393627546352362
86 93 5.393627546352362
89 93 5.393627546352362
95 94 5.393627546352362
96 94 5.393627546352362
98 94 5.393627546352362
92 95 5.393627546352362
97 95 5.393627546352362
98 95 5.393627546352362
95 96 5.393627546352362
97 96 5.393627546352362
98 96 5.393627546352362
89 97 4.700480365792417
92 97 5.393627546352362
93 97 5.393627546352362
92 98 5.393627546352362
93 98 5.393627546352362
97 98 5.393627546352362
