0 0 0.9269756319741714
3 0 0.9915141531117426
4 0 0.5860490450035782
5 0 -2.186539677236203
0 1 0.9915141531117426
0 2 0.5860490450035782
1 2 3.3586377672433594
4 3 3.3586377672433594
5 3 1.9723434061234688
5 4 2.377808514231633
5 5 1.9078048849858975
6 5 -0.8002453161163124
7 5 1.9723434061234688
9 5 1.6846613336716878
11 5 0.5860490450035782
12 5 -1.7460948502320117
5 6 0.9915141531117426
8 6 -0.1070981355563671
9 6 1.9723434061234688
11 6 1.461517782357478
12 6 -0.35980048911212115
6 7 2.665490586683414
9 7 2.26002547857525
11 7 1.7491998548092589
5 8 -0.1070981355563671
6 8 1.838812013498946
9 8 1.0968746687695687
10 8 1.9723434061234688
11 8 1.6156684621847364
12 8 -0.4651610047699476
6 9 0.873731117455359
7 9 2.26002547857525
8 9 0.18058393689541372
9 9 -0.22488117121275064
11 9 1.6621884778196292
12 9 0.5697354695120544
11 10 1.7491998548092589
12 10 0.8033503206935596
5 11 -1.7165360479904677
6 11 0.3629054936893683
8 11 0.3629054936893683
12 11 1.0847627801317454
0 12 -3.3555327626661122
1 12 0.8033503206935596
2 12 1.208815428801724
5 12 -3.3555327626661122
6 12 0.428656871252149
8 12 1.051186484598141
9 12 -0.7652655972202855
10 12 0.8033503206935596
11 12 -0.6883045560841573
12 12 0.7737915184520155
