0 0 0.05037838124047343
3 0 0.06280090123903044
4 0 -0.34266420686913396
5 0 -2.134423676097189
0 1 0.06280090123903044
0 2 -0.34266420686913396
1 2 4.051784947803305
4 3 4.051784947803305
5 3 3.64631983969514
5 4 4.051784947803305
0 5 -2.8275708566571343
1 5 2.9531726591351948
2 5 3.3586377672433594
5 5 2.9531726591351948
8 5 4.051784947803305
9 5 3.64631983969514
10 5 1.8545603704670852
0 6 -1.0358113874290793
1 6 4.051784947803305
2 6 4.051784947803305
1 7 4.051784947803305
2 7 4.051784947803305
6 7 4.74493212836325
9 8 4.74493212836325
10 8 4.339467020255086
10 9 4.74493212836325
2 10 2.9531726591351948
6 10 4.339467020255086
7 10 4.74493212836325
10 10 3.64631983969514
