0 0 0.3881254732230328
5 0 -0.09321177492587829
6 0 -0.46790522436728893
7 0 -2.919867718435935
0 1 0.0935641322174566
5 1 1.4724235148498293
6 1 1.4724235148498293
7 1 -0.3734031756485015
0 2 -1.3617231003893853
5 2 2.725186483345197
6 2 2.725186483345197
7 2 0.18621261228692126
0 3 -0.31190097589070764
1 3 2.976500911626103
5 3 1.4724235148498293
6 3 1.4724235148498293
0 4 -1.3617231003893853
2 4 4.229263880121471
5 4 2.725186483345197
6 4 2.0320393027852517
6 5 2.725186483345197
7 5 1.572506973406812
7 6 1.9779720815149762
0 7 -3.10218927522989
1 7 1.572506973406812
3 7 1.9779720815149762
5 7 -0.6247176039294076
7 7 1.26712532385563
9 7 -0.3734031756485015
10 7 1.8909607045253465
12 7 1.390185416612857
13 7 -0.3246130114790694
7 8 1.8601890458585928
10 8 1.0512100497735257
12 8 0.9334270141171422
7 9 1.3313449165899238
8 9 2.976500911626103
9 9 1.03059076257079
10 9 0.8970593699462673
11 9 2.976500911626103
12 9 0.7792763342898839
8 10 1.7443572303334711
9 10 1.5902065505062126
12 10 2.725186483345197
13 10 2.33214389523559
8 11 3.1306515914533617
9 11 2.976500911626103
12 11 2.725186483345197
7 12 -0.2192524958212432
8 12 2.0320393027852517
9 12 1.8778886229579936
13 12 2.6198259676873707
0 13 -3.664308193383431
2 13 2.6198259676873707
4 13 3.0252910757955354
5 13 -0.2705457902087937
7 13 -1.0177601920390147
8 13 1.9266787871274256
9 13 2.4656752878601127
11 13 2.6198259676873707
12 13 -0.2705457902087937
13 13 2.1090003439213802
