0 0 0.5343506298236922
3 0 0.3962840820337782
4 0 -0.009181026074386022
5 0 -2.671768853099839
0 1 0.3962840820337782
3 1 1.3388921222253065
4 1 1.3388921222253065
5 1 -0.6305485242402008
0 2 -0.009181026074386246
1 2 3.1306515914533617
3 2 1.3388921222253065
4 2 1.3388921222253065
4 3 3.1306515914533617
5 3 1.8543581255477994
5 4 2.259823233655964
5 5 1.2066733190646115
8 5 0.13159152780669603
9 5 2.259823233655964
11 5 1.4976831816090672
12 5 -0.42575411159418775
5 6 2.259823233655964
5 7 0.4680637644279088
6 7 1.45667515788169
7 7 2.1498223384416355
10 7 2.6198259676873707
11 7 1.2335316065674804
12 7 0.4450742462032102
5 8 1.161210944987854
6 8 2.283353731066158
7 8 1.995671658614377
8 8 -0.35570359854910066
10 8 2.1779932154083315
11 8 0.6739158186320575
12 8 -0.4022236141839935
6 9 1.8133501018204223
8 9 1.2537343138849997
11 9 1.9266787871274258
12 9 1.3895358550440617
5 10 -1.1413741480061914
6 10 1.2335316065674804
7 10 2.8429695190015805
8 10 0.6739158186320575
10 10 1.415853163361435
11 10 1.7035352358132159
12 10 1.0328609111053293
5 11 -0.0427618593380817
6 11 1.6389967146756448
8 11 1.2335316065674804
10 11 -0.37590630586662
12 11 1.831368607323101
0 12 -2.6947583713245375
1 12 1.8313686073231008
2 12 2.236833715431265
3 12 -0.6535380424648994
5 12 -2.6229786889304068
6 12 -0.2480729343567351
7 12 0.8505393543113746
8 12 1.5902065505062126
10 12 1.4005856912306467
11 12 -0.4712164856709448
12 12 1.2858574255692201
