0 0 0.03386174553159755
3 0 0.04019088058324528
4 0 -0.3652742275249192
5 0 -2.76316950032329
0 1 0.04019088058324528
0 2 -0.3652742275249192
1 2 4.700480365792417
4 3 4.700480365792417
5 3 3.6888794541139363
5 4 4.0943445622221
0 5 -3.456316680883235
1 5 2.995732273553991
2 5 3.4011973816621555
5 5 3.642359438479043
8 5 4.0943445622221
9 5 3.6888794541139363
10 5 1.8971199848858813
0 6 -1.0584214080848646
1 6 4.700480365792417
2 6 4.700480365792417
1 7 4.700480365792417
2 7 4.700480365792417
6 7 5.393627546352362
9 8 5.393627546352362
10 8 4.988162438244197
10 9 5.393627546352362
2 10 3.6018680771243066
6 10 4.988162438244197
7 10 5.393627546352362
10 10 4.295015257684252
