0 0 0.19334584726525603
4 0 -2.471560407835106
5 0 0.2364897932671042
6 0 -0.16897531484106004
7 0 -2.596723550789112
10 0 0.2364897932671042
11 0 -2.941564037080841
12 0 -0.16897531484106004
0 1 0.2364897932671042
0 2 0.2364897932671042
0 3 -0.16897531484106004
1 3 3.6018680771243066
0 4 -0.16897531484106004
2 4 3.784189633918261
6 5 3.0910424533583156
7 5 2.049588578530155
11 5 1.0116009116784797
13 5 1.0116009116784797
7 6 2.455053686638319
11 6 1.0116009116784797
13 6 1.0116009116784797
14 6 0.09531017980432493
0 7 -3.1845102156912306
1 7 1.9726275373940265
3 7 2.3090997740152392
7 7 1.9366955281679632
9 7 0.0755075525081451
11 7 2.426882809671623
13 7 2.0214177015634585
14 7 0.25782910930209985
0 8 -2.248416856520896
1 8 2.2155737160044158
3 8 2.908720896564361
7 8 2.154949094187981
1 9 2.2155737160044158
3 9 2.2155737160044158
7 9 1.8672670217362
8 9 4.007333185232471
2 10 3.784189633918261
4 10 3.784189633918261
12 10 5.393627546352362
8 11 1.927891643552635
9 11 1.927891643552635
13 11 3.3141860046725258
14 11 2.9575110607337933
0 12 -0.8621224954010054
2 12 3.784189633918261
4 12 3.784189633918261
7 13 -0.6176396280518002
8 13 1.927891643552635
9 13 2.6210388241125804
14 13 3.3141860046725258
0 14 -2.471560407835106
2 14 2.8678989020441064
3 14 0.6061358035703155
4 14 3.2733640101522705
7 14 -0.84078317936601
8 14 2.803360380906535
9 14 3.0910424533583156
14 14 2.34660197841082
