0 0 0.06624323346655292
3 0 0.07684939349596433
4 0 -0.3286157146122001
5 0 -2.6312008076062456
0 1 0.07684939349596433
0 2 -0.3286157146122001
1 2 4.2230029901047486
4 3 4.2230029901047486
5 3 3.306712258230594
5 4 3.712177366338758
0 5 -2.9676730442274586
1 5 2.4594143978433904
2 5 2.4594143978433904
5 5 2.8868584126703296
8 5 3.712177366338758
9 5 3.306712258230594
10 5 1.8514250256237519
0 6 -2.274525863667513
1 6 4.0688523102774905
2 6 4.2230029901047486
5 6 2.4594143978433904
1 7 2.9702400216093805
2 7 4.0688523102774905
5 7 2.4594143978433904
6 7 4.2230029901047486
7 8 2.2770928410494355
9 8 4.2230029901047486
10 8 4.079902146464075
6 9 2.2770928410494355
7 9 3.8865307534835356
10 9 4.223002990104749
2 10 2.2080999695624843
5 10 1.514952789002539
6 10 4.079902146464075
7 10 4.2230029901047486
10 10 3.055397829949688
