0 0 0.8497938739711276
3 0 0.9090704839006679
4 0 0.5036053757925034
5 0 -2.022123268515752
0 1 0.9090704839006679
0 2 0.5036053757925034
1 2 3.3586377672433594
4 3 3.3586377672433594
5 3 2.2192034840549946
5 4 2.6246685921631587
5 5 2.2390061113511743
8 5 1.6130676804846793
10 5 0.8329091229351039
11 5 -1.8238477837795555
8 6 2.3470368555648795
10 6 1.9723434061234688
11 6 0.008733679968754631
6 7 2.26002547857525
8 7 1.8080403548321926
9 7 2.26002547857525
10 7 1.9723434061234688
11 7 -0.8667350573851454
10 8 1.9723434061234688
11 8 0.7018808605286999
10 9 1.9723434061234688
11 9 0.7018808605286999
7 10 0.18058393689541372
11 10 1.0647863542180682
0 11 -3.5394458920420466
1 11 0.7018808605286999
2 11 1.1073459686368643
6 11 0.7018808605286999
7 11 1.0501875547969157
8 11 -0.44325144377430276
9 11 0.7018808605286999
10 11 -1.1544171298369263
11 11 0.7859639777392411
