0 0 0.007703833729631878
3 0 0.009113277232865313
4 0 -0.39635183087529907
5 0 -2.188111300103354
0 1 0.009113277232865313
0 2 -0.39635183087529907
1 2 6.168913139160062
4 3 6.168913139160062
5 3 5.763448031051897
5 4 6.168913139160062
5 5 5.070300850491952
7 5 6.168913139160062
8 5 5.763448031051897
9 5 3.971688561823843
0 6 -1.0894990114352443
1 6 6.168913139160062
2 6 6.168913139160062
8 7 6.168913139160062
9 7 5.763448031051897
9 8 6.168913139160062
1 9 5.070300850491952
2 9 5.763448031051897
6 9 6.168913139160062
9 9 5.070300850491952
