0 0 5.070300850491952
2 0 5.070300850491952
3 0 6.168913139160062
6 0 3.6840064893720617
1 1 4.761999490837436
2 1 3.5298558095448036
12 1 4.2230029901047486
32 1 4.0688523102774905
5 2 -0.5156985885078652
6 2 4.089471597480226
12 2 5.475765958600117
13 2 5.475765958600117
2 3 5.475765958600117
5 3 -0.5156985885078652
6 3 4.782618778040171
4 4 1.3130898606685724
5 4 -2.122233741284004
11 4 0.32827148178666365
14 4 -0.36487569877328163
15 4 0.272701630631853
1 5 -1.077811256641875
4 5 -1.8262376329265948
5 5 0.5278068696893602
6 5 0.1749517118534928
7 5 0.1749517118534928
16 5 -0.6723461485337107
1 6 4.446146541418958
2 6 4.782618778040171
5 6 -0.8033806609596462
6 6 3.396324416920281
12 6 4.089471597480226
7 7 5.070300850491952
18 7 5.070300850491952
0 8 5.475765958600117
8 8 5.188083886148336
8 9 4.782618778040171
10 9 6.168913139160062
8 10 5.698909509914326
10 10 4.782618778040171
4 11 -1.4634879874413913
5 11 -1.6143108771759749
11 11 4.782618778040171
23 11 3.6840064893720617
24 11 5.293444401806162
9 12 6.168913139160062
10 12 4.782618778040171
12 12 4.782618778040171
13 12 6.168913139160062
9 13 6.168913139160062
10 13 6.168913139160062
27 14 5.070300850491952
41 14 4.089471597480226
4 15 -1.8689530955495557
5 15 -2.489779614529875
14 15 3.501684932578107
15 15 3.1791689074506935
27 15 2.585394200703952
28 15 3.131937907072022
41 15 0.5059526590241161
47 15 0.7936347314758971
5 16 -1.3629964488950688
16 16 3.663387202169326
17 16 4.040681433310794
25 16 4.040681433310794
26 16 2.4312435208766936
29 16 2.718925593328475
17 17 4.782618778040171
26 17 5.698909509914326
4 18 -0.770340806881446
5 18 -2.30745805773592
18 18 4.782618778040171
31 18 5.475765958600117
33 18 4.377153669932007
48 18 3.6840064893720617
19 19 3.971688561823843
20 19 3.971688561823843
21 19 5.763448031051897
32 19 3.8175378819965844
34 19 5.070300850491952
19 20 5.070300850491952
20 20 5.070300850491952
32 20 3.124390701436639
34 20 5.763448031051897
20 21 5.986591582366107
21 21 4.782618778040171
4 22 0.32827148178666365
5 22 -0.5156985885078652
11 22 4.377153669932007
23 23 4.782618778040171
36 23 6.168913139160062
50 23 4.782618778040171
23 24 6.168913139160062
24 24 4.782618778040171
36 24 4.782618778040171
25 25 4.782618778040171
26 25 4.782618778040171
37 25 6.168913139160062
38 25 4.782618778040171
26 26 4.49493670558839
37 26 4.782618778040171
38 26 5.475765958600117
39 26 5.475765958600117
51 26 4.089471597480226
52 26 3.6840064893720617
4 27 -0.770340806881446
15 27 0.7662357572877826
27 27 3.971688561823843
41 27 4.377153669932007
46 27 5.070300850491952
57 27 3.2785413812638975
4 28 -1.3764766104517614
5 28 -1.3041559488721353
15 28 0.8532471342774126
27 28 3.0778706858017464
28 28 2.982560505997421
29 28 2.672405577693582
41 28 3.301014237115956
43 28 3.0778706858017464
47 28 3.365552758253527
58 28 2.1615799539275913
5 29 -0.31502789304571394
16 29 2.0257784127685294
29 29 3.1607583456075137
43 29 4.125839241651101
55 29 2.3622506493897424
56 29 2.585394200703952
4 30 0.32827148178666365
5 30 -0.5156985885078652
28 30 3.771017866361692
33 31 5.475765958600117
48 31 6.168913139160062
5 32 -2.4616087375631786
19 32 4.733828613870739
21 32 3.5298558095448036
32 32 4.579677934043481
40 32 4.916150170664694
45 32 4.916150170664694
4 33 -0.36487569877328163
5 33 -1.2088457690678105
18 33 3.6840064893720617
48 33 5.475765958600117
60 33 4.377153669932007
32 34 4.916150170664694
45 34 6.168913139160062
4 35 0.32827148178666365
11 35 4.377153669932007
22 35 6.168913139160062
36 36 4.782618778040171
50 36 6.168913139160062
61 36 5.475765958600117
38 37 5.475765958600117
51 37 5.475765958600117
63 37 4.5594752267259615
39 38 5.475765958600117
51 38 4.782618778040171
52 38 5.070300850491952
63 38 3.866328046166016
72 38 4.089471597480226
52 39 6.168913139160062
5 40 0.5829137001602445
15 41 0.4785536848360018
27 41 2.2977121282521713
41 41 3.8017895250284455
46 41 4.089471597480226
47 41 2.2977121282521713
53 41 4.184781777284551
57 41 2.9908593088121163
65 41 2.143561448424913
68 41 2.9908593088121163
4 42 -1.058022879333227
5 42 -1.901992949627756
15 42 2.5579952265158377
28 42 3.771017866361692
42 42 4.089471597480226
5 43 -1.6143108771759749
16 43 2.0257784127685294
29 43 2.873076273155733
43 43 3.2785413812638975
54 43 4.377153669932007
55 43 3.460862938057852
56 43 3.6840064893720617
67 43 5.070300850491952
69 43 3.2785413812638975
74 43 3.2785413812638975
5 44 -0.5156985885078652
29 44 4.664835742383788
5 45 0.1774485920520801
40 45 6.168913139160062
57 46 5.070300850491952
68 46 5.763448031051897
4 47 -0.770340806881446
15 47 0.7662357572877826
27 47 2.585394200703952
28 47 2.672405577693582
30 47 5.475765958600117
47 47 3.971688561823843
58 47 4.377153669932007
48 48 4.782618778040171
60 48 5.070300850491952
70 48 6.168913139160062
76 48 4.782618778040171
11 49 4.377153669932007
22 49 6.168913139160062
35 49 6.168913139160062
50 50 4.782618778040171
61 50 6.168913139160062
71 50 4.782618778040171
77 50 4.782618778040171
29 51 3.971688561823843
44 51 5.475765958600117
63 51 3.866328046166016
72 51 4.782618778040171
52 52 5.070300850491952
64 52 6.168913139160062
73 52 5.070300850491952
28 53 1.468432773367646
42 53 4.089471597480226
53 53 3.9616382259703413
54 53 3.866328046166016
65 53 4.318313169909073
28 54 3.0778706858017464
42 54 4.782618778040171
69 54 5.475765958600117
16 55 2.208099969562484
29 55 3.460862938057852
43 55 4.154010118617797
54 55 3.866328046166016
55 55 3.643184494851807
59 55 4.5594752267259615
69 55 4.154010118617797
5 56 -1.901992949627756
16 56 2.4312435208766936
29 56 3.6840064893720617
56 56 4.49493670558839
67 56 4.782618778040171
74 56 4.377153669932007
27 57 3.2785413812638975
41 57 3.6840064893720617
47 57 3.971688561823843
57 57 3.971688561823843
68 57 5.070300850491952
47 58 4.5594752267259615
58 58 5.147261891628081
29 59 3.971688561823843
43 59 4.377153669932007
55 59 4.5594752267259615
5 60 -1.6143108771759749
18 60 3.971688561823843
33 60 5.070300850491952
60 60 3.971688561823843
70 60 5.070300850491952
76 60 4.377153669932007
78 60 4.377153669932007
71 61 4.782618778040171
77 61 6.168913139160062
22 62 6.168913139160062
35 62 6.168913139160062
49 62 6.168913139160062
29 63 2.3622506493897424
44 63 5.252622407285907
51 63 4.964940334834126
56 63 4.271793154274181
63 63 4.048649602959971
72 63 4.271793154274181
73 64 6.168913139160062
42 65 3.9353209176529678
53 65 3.999859438790539
54 65 3.5298558095448036
65 65 4.474317418385655
43 66 3.6840064893720617
55 66 5.252622407285907
66 66 4.782618778040171
74 67 6.168913139160062
41 68 2.9908593088121163
57 68 5.581126474257943
68 68 5.070300850491952
55 69 4.847157299177742
59 69 5.763448031051897
69 69 5.070300850491952
76 70 5.475765958600117
78 70 5.475765958600117
79 70 4.782618778040171
35 71 4.782618778040171
49 71 5.475765958600117
62 71 5.881231066708281
71 71 4.782618778040171
77 71 4.782618778040171
56 72 4.089471597480226
63 72 5.119091014661384
72 72 4.49493670558839
56 73 3.6840064893720617
63 73 4.154010118617797
72 73 4.782618778040171
73 73 5.070300850491952
55 74 3.460862938057852
66 74 5.986591582366107
74 74 5.070300850491952
33 75 5.475765958600117
60 75 5.763448031051897
60 76 5.070300850491952
75 76 5.475765958600117
78 76 4.782618778040171
79 76 4.782618778040171
71 77 5.698909509914326
77 77 4.782618778040171
60 78 4.377153669932007
75 78 5.475765958600117
76 78 4.782618778040171
79 78 5.188083886148336
75 79 4.782618778040171
76 79 4.782618778040171
78 79 5.188083886148336
79 79 5.188083886148336
