0 0 0.2288256995389494
3 0 -2.7708827223946813
6 0 0.273639715328742
7 0 -0.13182539277942235
8 0 -2.6167320425674228
0 1 0.273639715328742
0 2 0.273639715328742
0 3 -0.1318253927794226
1 3 3.3141860046725253
0 4 -0.13182539277942248
1 4 3.3141860046725258
0 5 -0.13182539277942248
2 5 4.295015257684252
1 6 0.9162907318741551
3 6 1.0498221244986776
7 6 2.995732273553991
8 6 1.8971199848858813
0 7 -3.222867846137738
1 7 0.9162907318741551
3 7 1.0498221244986776
8 7 2.302585092994046
0 8 -3.1275576663334133
1 8 1.7047480922384253
3 8 2.125961557314729
8 8 1.7267269989572005
9 8 -0.49247648509779424
10 8 1.9924301646902063
12 8 2.2925347571405443
13 8 1.8746471290338227
14 8 0.287682072451781
3 9 2.3491051086289385
8 9 2.0724728723637424
12 9 1.2992829841302609
13 9 1.404643499788087
14 9 0.5108256237659906
8 10 1.9924301646902063
9 10 3.6018680771243066
0 11 -2.6167320425674228
1 11 1.5224265354444706
4 11 3.6018680771243066
8 11 1.5869650565820417
9 11 3.4195465203303517
12 11 1.2992829841302609
13 11 1.404643499788087
8 12 -1.0033021088637848
9 12 1.2992829841302609
10 12 3.0910424533583156
11 12 1.992430164690206
13 12 3.0910424533583156
14 12 2.772588722239781
9 13 2.0977906803480324
11 13 2.5032557884561966
14 13 3.1964029690161424
0 14 -2.817402738029574
1 14 0.22314355131420976
2 14 2.995732273553991
4 14 2.995732273553991
5 14 3.4011973816621555
8 14 -0.4054651081081643
9 14 2.5902671654458267
11 14 3.0757749812275277
12 14 0.0
14 14 2.1559816188021705
