0 0 0.18563874476283304
3 0 -0.013261194941383798
4 0 -0.4187263030495482
5 0 -2.798272437179722
0 1 -0.013261194941383798
2 1 1.7035352358132159
3 1 1.7035352358132159
4 1 1.7035352358132159
0 2 -0.4187263030495482
1 2 3.312973148247316
3 2 1.7035352358132159
4 2 1.7035352358132159
1 3 1.7035352358132159
2 3 1.7035352358132159
4 3 3.312973148247316
5 3 2.096577823922823
0 4 -2.4981678447293842
1 4 1.7035352358132159
2 4 1.7035352358132159
5 4 2.5020429320309874
0 5 -3.0859545096315033
1 5 1.9630464312983005
2 5 2.096577823922823
3 5 0.017136282242987237
5 5 1.9683234883991443
8 5 2.725186483345197
9 5 2.319721375237033
10 5 0.30481835469476826
1 6 1.9266787871274256
2 6 3.0252910757955354
5 6 2.319721375237033
2 7 1.9266787871274256
5 7 2.18618998261251
6 7 3.536116699561526
9 8 3.536116699561526
10 8 2.907508040139152
10 9 3.312973148247316
5 10 0.30481835469476826
6 10 2.907508040139152
7 10 3.3129731482473166
10 10 2.5508330962004195
