0 0 0.2825333099053335
6 0 0.09367635936532166
8 0 -0.4035962979959654
9 0 -2.6320734188362893
0 1 0.2272077519898443
6 1 0.8970593699462673
8 1 0.7792763342898839
6 2 2.8429695190015805
8 2 2.725186483345197
9 2 1.115748570911097
0 3 -0.15228186971505936
1 3 2.976500911626103
6 3 0.8970593699462673
7 4 4.922411060681417
8 4 2.725186483345197
9 4 1.115748570911097
2 5 4.922411060681417
6 5 2.8429695190015805
8 5 2.725186483345197
8 6 2.725186483345197
9 6 1.8088957514710422
8 7 2.725186483345197
9 7 1.8088957514710422
3 8 0.7792763342898839
9 8 2.1766205315963596
0 9 -2.9685456554575023
1 9 1.4724235148498293
3 9 1.8088957514710422
9 9 1.5575813231901363
11 9 -0.4936893415230035
12 9 2.2143608595792066
13 9 1.8088957514710422
14 9 0.08612915372993854
0 10 -1.464468258681228
1 10 2.283353731066158
3 10 2.283353731066158
9 10 1.5212136790192614
1 11 2.060210179751948
3 11 2.060210179751948
4 11 3.312973148247316
7 11 3.312973148247316
8 11 1.115748570911097
9 11 0.8926050195968871
10 11 3.312973148247316
10 12 1.7443572303334711
11 12 1.5212136790192612
13 12 3.1306515914533617
14 12 2.7941793548321487
9 13 -0.676010898316958
10 13 1.7443572303334711
11 13 2.2143608595792066
14 13 3.1306515914533617
2 14 2.976500911626103
3 14 1.03059076257079
4 14 2.976500911626103
5 14 3.381966019734268
6 14 0.20391218938632205
7 14 2.283353731066158
9 14 -1.5233087587041616
10 14 2.6888188391743224
11 14 3.071811091430428
14 14 2.209245758912436
