0 0 0.06242486069235333
3 0 0.0722449068733288
4 0 -0.33322020123483564
5 0 -3.105808923474617
0 1 0.0722449068733288
0 2 -0.33322020123483564
1 2 4.295015257684252
4 3 4.295015257684252
5 3 2.908720896564361
5 4 3.3141860046725258
5 5 3.0265039322207445
6 5 3.3141860046725258
7 5 2.908720896564361
8 5 1.927891643552635
2 6 3.8895501495760874
7 6 4.295015257684252
8 6 4.295015257684252
1 7 3.8895501495760874
2 7 4.295015257684252
8 7 4.295015257684252
0 8 -1.3140494542465617
1 8 4.295015257684252
2 8 4.295015257684252
8 8 2.6210388241125804
