0 0 0.8633949697367821
3 0 0.9235634912032348
4 0 0.5180983830950704
5 0 -2.2227416408301304
0 1 0.9235634912032347
0 2 0.5180983830950704
1 2 3.3586377672433594
4 3 3.3586377672433594
5 3 2.004092104438049
5 4 2.4095572125462135
5 5 2.02009244578449
6 5 -0.7684966178017322
7 5 2.004092104438049
9 5 1.5340884751923134
11 5 0.6177977433181585
12 5 -1.9755895494639117
5 6 0.33011567086637755
9 6 2.1264940859507266
11 6 1.838812013498946
12 6 -0.061428098723178844
5 7 2.004092104438049
6 7 2.665490586683414
6 8 2.1264940859507266
9 8 1.7210289778425625
10 8 2.26002547857525
11 8 1.9723434061234688
12 8 -0.8033654434525561
5 9 -1.1739617259098964
6 9 0.18058393689541372
7 9 2.26002547857525
11 9 1.885332029133839
12 9 0.6782390974716593
11 10 1.9723434061234688
12 10 0.7652504744612892
8 11 -0.5125632436645317
12 11 1.1496621733716212
0 12 -3.4615832708068903
1 12 0.7652504744612892
2 12 1.1707155825694535
6 12 0.6317190818367664
8 12 1.1425447056027571
9 12 -0.4668932068313432
10 12 0.7652504744612892
11 12 -1.0910475159043371
12 12 0.8198094587117235
