0 0 0.0959165703502382
5 0 0.12311824750703283
6 0 -0.28234686060113157
7 0 -2.0341009952154874
0 1 0.12311824750703283
0 2 0.12311824750703264
0 3 -0.28234686060113157
1 3 3.971688561823843
0 4 -0.28234686060113157
2 4 4.089471597480226
6 5 3.335699795103846
7 5 2.909615399792946
11 5 1.7262618826697456
7 6 3.181549115276588
11 6 2.979024851165114
12 6 1.831622398327572
0 7 -2.787872797591868
1 7 2.852456985952997
3 7 3.2579220940611617
7 7 2.2972955483669546
8 7 1.5839456604894901
9 7 2.9702400216093805
11 7 3.0190301857788127
12 7 2.852456985952997
13 7 1.2162208803641728
0 8 -1.6686412217210222
1 8 3.2785413812638975
3 8 3.2785413812638975
7 8 2.6825579491575997
7 9 2.9702400216093805
8 9 5.475765958600117
1 10 3.971688561823843
3 10 3.971688561823843
8 10 5.475765958600117
7 11 -0.025492251944610255
8 11 3.173180865606071
9 11 3.866328046166016
12 11 3.866328046166016
13 11 3.4986032660406994
10 12 3.971688561823843
13 12 3.971688561823843
0 13 -2.154149037502723
2 13 3.6039637816985253
3 13 0.7135920238023605
4 13 4.009428889806689
8 13 2.91081660113858
10 13 3.6039637816985253
13 13 2.8715958879852987
