11 0 2.0803152857284326
1 1 3.1939378117992243
2 1 2.8562225669384143
1 2 1.6219444131171494
2 2 2.56762627836323
5 2 1.365622463105621
11 2 0.26793652929764206
3 3 1.9711464291415266
9 3 -1.760714847546095
13 3 0.5509200809678688
16 3 -1.938396024783547
25 3 1.5950201600393032
4 4 3.1834627295619335
5 4 2.166400307857932
14 4 0.423086709457984
1 5 2.214425214672245
2 5 1.5059081027957077
4 5 1.1487570817234891
5 5 2.4234989569376326
6 6 2.9734404010716284
7 6 1.3906707357196897
8 6 1.2236166510565234
14 6 2.160778957415763
15 6 -1.121634888256425
17 6 2.4892830243877992
22 6 -0.9119143572743562
23 6 -4.130790182142557
6 7 1.7961358438278539
7 7 2.948815353766239
8 7 3.113895104125688
6 8 0.7583863005634454
7 8 2.786534547855731
8 8 3.2077480129320346
18 8 3.5147730482269464
3 9 -0.3744204864262043
9 9 2.1378851375499104
10 9 1.7675113492530166
13 9 3.1411872464136956
25 9 1.0392728488818008
3 10 -2.1661799556542594
9 10 1.9837344577226523
10 10 1.906773416586524
12 10 1.6907473330411782
13 10 0.6562805966256952
25 10 0.00965343170064278
11 11 1.9616577419271168
20 11 0.454616852422552
21 11 1.6409486259445871
23 11 -2.1238441425008747
3 12 -1.914865527373353
9 12 1.1082657203687525
10 12 1.674661195289554
12 12 2.2758708805238133
13 12 0.2789863654842272
25 12 0.7028006122605879
3 13 1.6221333954478643
9 13 0.8386021534196499
13 13 3.54665235452186
25 13 -0.26001013524846006
4 14 1.6793853327856596
5 14 -0.7119952589915172
10 14 0.5131797529850218
12 14 0.4682283651227556
14 14 2.9180436950994855
15 14 1.8428047576166848
17 14 3.035826730755869
4 15 1.8228040909100152
14 15 1.4943000239379791
15 15 3.188619920686365
6 16 0.625202893580118
16 16 2.1193256528617366
14 17 1.8093810705778746
15 17 3.2891411597034423
18 18 6.350012735428395
20 19 2.405199907177258
23 19 1.2985554468118838
0 20 2.9160255309432483
11 20 -0.10090895026134555
19 20 2.9160255309432483
20 20 2.4069904179510457
21 20 1.6743123986344655
23 20 0.786833363998856
20 21 -0.19748977826712588
21 21 3.2364974262180204
23 21 2.0970631430296556
6 22 0.41722159000558573
7 22 2.032524621892084
8 22 1.1415516980022191
22 22 2.9283606620704177
23 22 -0.140983428826819
6 23 -2.5213522697084567
7 23 -0.4932040224161711
8 23 -2.0773241268659817
20 23 0.5558113251125664
22 23 0.8359319248637709
23 23 1.9639887888043133
24 23 2.1094856630282126
23 24 2.1094856630282126
24 24 3.3542804618744038
3 25 -0.7798855945343686
9 25 1.0392728488818008
13 25 2.735722138305531
16 25 1.708889532031552
25 25 3.0317030135720073
