0 0 0.19298983125738414
1 0 -3.0555009141497464
3 0 -0.8582763368135272
4 0 -2.937717878493363
7 0 0.24033595185458245
9 0 -0.27048967191140816
10 0 -2.4677142492476274
11 0 -2.6500358060415823
12 0 -0.16512915625358185
14 0 -2.4677142492476274
15 0 0.24033595185458245
17 0 -0.16512915625358185
0 1 0.24033595185458245
0 2 0.24033595185458245
0 3 -0.16512915625358185
1 3 3.196402969016142
0 4 -0.4528112287053629
1 4 3.0628715763916197
3 4 2.6210388241125804
8 4 3.3141860046725258
9 4 1.0116009116784797
10 4 -0.37469344944141086
0 5 -0.16512915625358185
1 5 3.196402969016142
0 6 -0.165129156253582
2 6 4.295015257684252
0 7 -3.160861429807573
1 7 1.5869650565820417
3 7 2.3978952727983702
4 7 1.0116009116784797
9 7 2.9856819377004897
10 7 2.174751721484161
0 8 -1.5514235173734725
1 8 2.5032557884561966
3 8 4.007333185232471
4 8 2.6210388241125804
9 8 2.3978952727983702
10 8 1.0116009116784797
0 9 -3.160861429807573
1 9 0.8938178760220964
4 9 1.704748092238425
8 9 2.3978952727983702
10 9 2.6210388241125804
0 10 -3.160861429807573
1 10 1.5869650565820417
3 10 1.0116009116784797
4 10 2.1902559080201263
8 10 1.0116009116784797
10 10 1.8225311278948086
11 10 -0.08701137698962981
13 10 2.3978952727983702
16 10 2.803360380906535
18 10 2.3978952727983702
19 10 0.5596157879354227
0 11 -2.6500358060415823
1 11 1.404643499788087
4 11 2.2155737160044158
8 11 2.908720896564361
9 11 1.2992829841302609
10 11 2.3978952727983707
10 12 2.3978952727983702
11 12 3.6018680771243066
10 13 2.3978952727983702
11 13 3.6018680771243066
0 14 -2.4677142492476274
1 14 2.280112237141987
4 14 2.3978952727983702
5 14 3.784189633918261
8 14 3.0910424533583156
10 14 1.4816045409242156
11 14 3.378724525810097
10 15 1.0116009116784797
11 15 3.6018680771243066
12 15 4.700480365792417
14 15 3.0910424533583156
17 15 4.700480365792417
10 16 -0.37469344944141086
11 16 1.5224265354444706
13 16 3.3141860046725258
18 16 3.3141860046725258
19 16 2.8622008809294686
10 17 1.704748092238425
11 17 3.6018680771243066
14 17 3.784189633918261
19 18 3.4011973816621555
0 19 -2.8507065015037334
1 19 0.10536051565782614
2 19 2.995732273553991
4 19 0.9162907318741551
5 19 2.995732273553991
6 19 3.4011973816621555
10 19 -1.3862943611198906
11 19 2.302585092994046
14 19 3.1780538303479458
19 19 2.3895964699836756
