47 0 4.74493212836325
120 0 4.74493212836325
134 0 4.74493212836325
5 1 4.74493212836325
6 2 4.74493212836325
230 2 4.74493212836325
245 2 4.74493212836325
1 3 4.74493212836325
5 3 4.339467020255086
1 4 4.74493212836325
3 4 4.74493212836325
5 4 3.64631983969514
2 5 4.74493212836325
5 5 3.64631983969514
6 5 4.339467020255086
230 5 3.64631983969514
82 6 4.74493212836325
230 6 4.74493212836325
245 6 4.74493212836325
27 7 4.339467020255086
28 7 4.74493212836325
29 8 4.74493212836325
31 8 4.74493212836325
32 8 4.74493212836325
7 9 3.8286413964890946
9 9 3.4719664525503626
21 9 4.23410650459726
27 9 2.730029107820985
28 9 3.1354942159291497
12 10 4.74493212836325
23 10 4.74493212836325
256 10 4.74493212836325
10 11 4.74493212836325
12 11 4.74493212836325
23 11 4.74493212836325
23 12 4.74493212836325
255 12 4.74493212836325
256 12 4.74493212836325
10 13 4.74493212836325
11 13 4.74493212836325
12 13 4.74493212836325
14 14 3.3586377672433594
22 14 4.74493212836325
24 14 4.74493212836325
25 14 4.051784947803305
10 15 4.74493212836325
11 15 4.74493212836325
13 15 4.74493212836325
16 16 3.3586377672433594
17 16 4.051784947803305
30 16 4.74493212836325
8 17 4.74493212836325
29 17 4.74493212836325
32 17 4.74493212836325
9 18 4.23410650459726
14 19 4.74493212836325
22 19 4.74493212836325
14 20 4.74493212836325
19 20 4.74493212836325
7 21 4.74493212836325
9 21 3.8286413964890946
24 22 4.74493212836325
25 22 4.74493212836325
26 22 4.74493212836325
251 23 4.74493212836325
255 23 4.74493212836325
256 23 4.74493212836325
25 24 4.74493212836325
26 24 4.74493212836325
34 24 4.74493212836325
16 25 4.051784947803305
26 25 4.74493212836325
34 25 4.74493212836325
16 26 4.74493212836325
34 26 4.74493212836325
13 27 3.64631983969514
15 27 4.339467020255086
27 27 3.64631983969514
28 27 3.64631983969514
33 27 4.339467020255086
27 28 4.339467020255086
33 28 4.74493212836325
31 29 4.74493212836325
32 29 4.74493212836325
87 29 4.74493212836325
8 30 4.74493212836325
17 30 4.74493212836325
29 30 4.051784947803305
30 30 3.3586377672433594
87 31 4.74493212836325
88 31 4.74493212836325
89 31 4.74493212836325
31 32 4.74493212836325
87 32 4.74493212836325
88 32 4.74493212836325
11 33 4.74493212836325
13 33 4.74493212836325
15 33 4.74493212836325
16 34 4.74493212836325
30 34 4.051784947803305
36 35 4.051784947803305
125 35 2.9531726591351948
128 35 4.74493212836325
38 36 4.051784947803305
119 36 4.051784947803305
125 36 3.3586377672433594
128 36 4.051784947803305
35 37 4.74493212836325
36 37 4.051784947803305
125 37 2.9531726591351948
35 38 4.74493212836325
36 38 4.051784947803305
37 38 4.74493212836325
102 39 4.051784947803305
130 39 4.74493212836325
131 39 4.74493212836325
39 40 4.74493212836325
130 40 4.74493212836325
131 40 4.74493212836325
0 41 4.74493212836325
46 41 5.150397236471415
47 41 4.74493212836325
43 42 4.74493212836325
44 42 4.74493212836325
45 42 4.74493212836325
44 43 4.74493212836325
45 43 4.74493212836325
121 43 4.051784947803305
45 44 4.74493212836325
121 44 4.051784947803305
126 44 4.74493212836325
117 45 4.74493212836325
121 45 4.051784947803305
126 45 4.74493212836325
0 46 4.74493212836325
47 46 4.74493212836325
134 46 4.74493212836325
118 47 4.74493212836325
120 47 4.74493212836325
134 47 4.74493212836325
65 48 2.9531726591351948
67 48 4.051784947803305
50 49 4.457250055911469
36 50 2.665490586683414
50 50 3.0709556947915786
51 50 3.5409593240373143
119 50 3.3586377672433594
125 50 1.5668782980153044
36 51 3.1354942159291497
50 51 2.847812143477369
51 51 3.7232808808312687
125 51 1.3437347467010947
65 52 3.3586377672433594
53 53 3.3586377672433594
55 53 4.74493212836325
136 53 3.3586377672433594
139 53 4.74493212836325
54 54 2.5477075510270306
64 54 3.64631983969514
67 54 2.9531726591351948
68 54 2.9531726591351948
137 54 4.339467020255086
138 54 4.339467020255086
141 54 3.64631983969514
136 55 4.74493212836325
139 55 4.74493212836325
56 56 3.3586377672433594
65 56 2.665490586683414
71 56 4.74493212836325
0 57 4.74493212836325
41 57 5.84354441703136
46 57 5.150397236471415
59 58 4.74493212836325
61 58 4.74493212836325
90 58 4.74493212836325
61 59 4.74493212836325
90 59 4.74493212836325
91 59 4.74493212836325
39 60 4.74493212836325
40 60 4.74493212836325
130 60 4.74493212836325
90 61 4.74493212836325
91 61 4.74493212836325
143 61 4.74493212836325
56 62 4.74493212836325
71 62 4.74493212836325
48 63 4.74493212836325
65 63 2.26002547857525
67 63 4.051784947803305
48 64 4.74493212836325
63 64 4.74493212836325
65 64 2.26002547857525
48 65 2.4423470353692043
52 65 3.5409593240373143
56 65 2.4423470353692043
62 65 3.1354942159291497
63 65 2.4423470353692043
65 65 2.9531726591351948
67 65 1.7491998548092589
53 66 4.74493212836325
55 66 4.051784947803305
66 66 3.3586377672433594
56 67 3.3586377672433594
62 67 4.051784947803305
63 67 4.051784947803305
64 67 4.051784947803305
65 67 2.26002547857525
64 68 4.051784947803305
65 68 1.5668782980153044
67 68 3.3586377672433594
148 68 4.051784947803305
149 68 4.051784947803305
68 69 4.051784947803305
148 69 4.74493212836325
149 69 4.051784947803305
66 70 4.051784947803305
140 70 4.051784947803305
142 70 4.74493212836325
65 71 3.3586377672433594
58 72 4.74493212836325
59 72 4.74493212836325
61 72 4.051784947803305
72 72 3.3586377672433594
60 73 4.74493212836325
108 73 4.74493212836325
132 73 4.74493212836325
73 74 4.74493212836325
108 74 4.74493212836325
132 74 4.74493212836325
58 75 4.74493212836325
72 75 4.74493212836325
77 76 4.74493212836325
95 76 4.74493212836325
96 76 4.74493212836325
95 77 4.74493212836325
96 77 4.74493212836325
151 77 4.74493212836325
76 78 4.74493212836325
77 78 4.74493212836325
96 78 4.74493212836325
76 79 4.74493212836325
77 79 4.74493212836325
78 79 4.74493212836325
49 80 4.74493212836325
50 80 4.051784947803305
273 81 4.74493212836325
275 81 4.74493212836325
83 82 4.74493212836325
84 82 4.74493212836325
109 83 4.74493212836325
111 83 4.74493212836325
159 83 4.74493212836325
83 84 4.74493212836325
84 84 3.3586377672433594
109 84 4.051784947803305
111 84 4.74493212836325
9 85 3.8286413964890946
18 85 4.74493212836325
9 86 3.1354942159291497
18 86 4.74493212836325
85 86 4.74493212836325
88 87 4.74493212836325
89 87 4.74493212836325
112 87 4.74493212836325
89 88 4.74493212836325
110 88 4.74493212836325
112 88 4.74493212836325
100 89 4.74493212836325
110 89 4.74493212836325
112 89 4.74493212836325
91 90 4.74493212836325
143 90 4.74493212836325
168 90 4.74493212836325
143 91 4.74493212836325
168 91 4.74493212836325
195 91 4.74493212836325
49 92 4.74493212836325
50 92 3.3586377672433594
80 92 4.74493212836325
73 93 4.74493212836325
74 93 4.74493212836325
108 93 4.74493212836325
73 94 4.74493212836325
74 94 4.74493212836325
93 94 4.74493212836325
151 95 4.74493212836325
175 95 4.74493212836325
177 95 4.74493212836325
95 96 4.74493212836325
151 96 4.74493212836325
175 96 4.74493212836325
49 97 4.74493212836325
80 97 4.74493212836325
92 97 4.74493212836325
81 98 4.74493212836325
273 98 4.74493212836325
81 99 4.74493212836325
98 99 4.74493212836325
273 99 4.051784947803305
154 100 4.74493212836325
223 100 4.74493212836325
225 100 4.74493212836325
81 101 4.74493212836325
98 101 4.74493212836325
99 101 4.74493212836325
102 102 3.3586377672433594
104 102 4.051784947803305
228 102 4.74493212836325
234 102 4.051784947803305
236 102 3.3586377672433594
105 103 4.74493212836325
236 103 4.051784947803305
249 103 4.74493212836325
103 104 4.74493212836325
105 104 4.74493212836325
236 104 4.051784947803305
236 105 4.051784947803305
238 105 4.74493212836325
249 105 4.74493212836325
72 106 4.051784947803305
75 106 4.74493212836325
107 106 4.74493212836325
72 107 4.74493212836325
75 107 4.74493212836325
40 108 4.74493212836325
60 108 4.74493212836325
132 108 4.74493212836325
159 109 4.74493212836325
220 109 4.74493212836325
247 109 4.74493212836325
100 110 4.74493212836325
154 110 4.74493212836325
225 110 4.74493212836325
109 111 4.74493212836325
159 111 4.74493212836325
247 111 4.74493212836325
100 112 4.74493212836325
110 112 4.74493212836325
154 112 4.74493212836325
18 113 4.74493212836325
85 113 4.74493212836325
86 113 4.74493212836325
85 114 4.74493212836325
86 114 4.74493212836325
113 114 4.74493212836325
42 115 4.051784947803305
121 115 3.3586377672433594
123 115 4.051784947803305
125 115 2.9531726591351948
127 115 4.051784947803305
115 116 4.051784947803305
116 116 3.3586377672433594
121 116 3.3586377672433594
123 116 4.74493212836325
115 117 4.051784947803305
125 117 2.9531726591351948
127 117 4.74493212836325
106 118 4.74493212836325
133 118 4.74493212836325
35 119 4.74493212836325
37 119 4.74493212836325
38 119 4.74493212836325
118 120 4.74493212836325
133 120 4.74493212836325
42 121 4.051784947803305
43 121 4.051784947803305
44 121 4.051784947803305
115 121 3.3586377672433594
117 121 4.051784947803305
126 121 4.051784947803305
116 122 4.457250055911469
122 122 3.3586377672433594
124 122 4.74493212836325
42 123 4.74493212836325
43 123 4.74493212836325
121 123 4.051784947803305
115 124 4.051784947803305
116 124 4.74493212836325
37 125 2.9531726591351948
38 125 2.9531726591351948
54 125 2.5477075510270306
78 125 2.9531726591351948
79 125 3.64631983969514
119 125 2.9531726591351948
125 125 2.5477075510270306
128 125 2.9531726591351948
129 125 4.051784947803305
140 125 2.9531726591351948
115 126 4.051784947803305
117 126 4.74493212836325
127 126 4.74493212836325
125 127 4.051784947803305
54 128 3.64631983969514
125 128 2.9531726591351948
140 128 4.051784947803305
76 129 4.74493212836325
78 129 4.74493212836325
79 129 4.74493212836325
102 130 4.051784947803305
131 130 4.74493212836325
234 130 4.74493212836325
102 131 4.74493212836325
234 131 4.74493212836325
39 132 4.74493212836325
40 132 4.74493212836325
60 132 4.74493212836325
75 133 4.051784947803305
106 133 4.74493212836325
107 133 4.74493212836325
133 133 3.3586377672433594
118 134 4.74493212836325
120 134 4.74493212836325
133 134 4.051784947803305
122 135 4.74493212836325
124 135 4.051784947803305
135 135 3.3586377672433594
54 136 3.64631983969514
67 136 3.3586377672433594
68 136 4.051784947803305
136 136 3.3586377672433594
68 137 4.051784947803305
69 137 4.74493212836325
141 137 4.74493212836325
69 138 4.74493212836325
137 138 4.74493212836325
141 138 4.74493212836325
54 139 3.64631983969514
136 139 4.74493212836325
53 140 3.3586377672433594
54 140 3.64631983969514
66 140 4.051784947803305
138 140 4.051784947803305
68 141 4.051784947803305
69 141 4.74493212836325
148 141 4.74493212836325
66 142 4.74493212836325
140 142 4.051784947803305
168 143 4.74493212836325
194 143 4.74493212836325
195 143 4.74493212836325
94 144 4.74493212836325
145 144 4.74493212836325
147 144 4.74493212836325
74 145 4.74493212836325
93 145 4.74493212836325
94 145 4.74493212836325
144 146 4.74493212836325
145 146 4.74493212836325
147 146 4.74493212836325
93 147 4.74493212836325
94 147 4.74493212836325
145 147 4.74493212836325
70 148 4.74493212836325
149 148 4.74493212836325
70 149 4.74493212836325
140 149 3.3586377672433594
142 149 4.74493212836325
149 149 3.3586377672433594
144 150 4.74493212836325
146 150 4.74493212836325
147 150 4.74493212836325
175 151 4.74493212836325
177 151 4.74493212836325
179 151 4.74493212836325
80 152 4.74493212836325
92 152 4.74493212836325
97 152 4.74493212836325
97 153 4.74493212836325
152 153 4.74493212836325
158 153 4.74493212836325
223 154 4.74493212836325
224 154 4.051784947803305
225 154 4.74493212836325
98 155 4.74493212836325
99 155 4.74493212836325
101 155 4.74493212836325
99 156 4.74493212836325
101 156 4.74493212836325
155 156 4.74493212836325
155 157 4.74493212836325
156 157 4.74493212836325
160 157 4.74493212836325
92 158 4.74493212836325
97 158 4.74493212836325
152 158 4.74493212836325
220 159 4.74493212836325
247 159 4.74493212836325
248 159 4.051784947803305
101 160 4.74493212836325
155 160 4.74493212836325
156 160 4.74493212836325
86 161 4.74493212836325
113 161 4.74493212836325
114 161 4.74493212836325
113 162 4.74493212836325
114 162 4.74493212836325
161 162 4.74493212836325
114 163 4.74493212836325
161 163 4.74493212836325
162 163 4.74493212836325
181 164 4.74493212836325
182 164 4.051784947803305
184 164 4.74493212836325
166 165 4.74493212836325
169 165 4.74493212836325
166 166 3.3586377672433594
169 166 4.051784947803305
171 166 4.74493212836325
176 166 4.051784947803305
185 166 4.051784947803305
164 167 4.74493212836325
181 167 4.74493212836325
182 167 4.051784947803305
194 168 4.74493212836325
195 168 4.74493212836325
196 168 4.74493212836325
166 169 4.051784947803305
171 169 4.74493212836325
185 169 4.74493212836325
165 170 4.74493212836325
173 170 4.74493212836325
174 170 4.74493212836325
176 171 4.74493212836325
178 171 4.74493212836325
185 171 4.74493212836325
170 172 4.74493212836325
173 172 4.74493212836325
174 172 4.74493212836325
165 173 4.74493212836325
166 173 4.051784947803305
174 173 4.74493212836325
165 174 4.74493212836325
166 174 4.051784947803305
169 174 4.74493212836325
177 175 4.74493212836325
179 175 4.74493212836325
205 175 4.74493212836325
178 176 4.74493212836325
183 176 4.74493212836325
188 176 4.74493212836325
179 177 4.74493212836325
197 177 4.74493212836325
205 177 4.74493212836325
167 178 4.74493212836325
183 178 4.74493212836325
188 178 4.74493212836325
197 179 4.74493212836325
205 179 4.74493212836325
207 179 4.74493212836325
190 180 4.051784947803305
191 180 4.74493212836325
192 180 4.74493212836325
182 181 4.74493212836325
184 181 4.74493212836325
182 182 3.3586377672433594
184 182 4.051784947803305
186 182 4.74493212836325
187 182 4.051784947803305
189 182 4.051784947803305
164 183 4.74493212836325
167 183 4.74493212836325
181 183 4.74493212836325
182 184 4.051784947803305
186 184 4.74493212836325
189 184 4.74493212836325
176 185 4.74493212836325
178 185 4.74493212836325
188 185 4.74493212836325
187 186 4.74493212836325
189 186 4.74493212836325
200 186 4.74493212836325
198 187 4.74493212836325
199 187 4.74493212836325
200 187 4.74493212836325
164 188 4.74493212836325
167 188 4.74493212836325
183 188 4.74493212836325
187 189 4.74493212836325
198 189 4.74493212836325
200 189 4.74493212836325
190 190 3.3586377672433594
191 190 4.051784947803305
202 190 3.3586377672433594
203 190 4.051784947803305
211 190 4.74493212836325
190 191 4.051784947803305
203 191 4.74493212836325
211 191 4.74493212836325
190 192 4.74493212836325
191 192 4.74493212836325
170 193 4.74493212836325
172 193 4.74493212836325
173 193 4.74493212836325
172 194 4.74493212836325
193 194 4.74493212836325
196 194 4.74493212836325
193 195 4.74493212836325
194 195 4.74493212836325
196 195 4.74493212836325
170 196 4.74493212836325
172 196 4.74493212836325
193 196 4.74493212836325
207 197 4.74493212836325
209 197 4.74493212836325
180 198 4.74493212836325
192 198 4.74493212836325
199 198 4.74493212836325
180 199 4.74493212836325
190 199 4.051784947803305
192 199 4.74493212836325
180 200 4.74493212836325
198 200 4.74493212836325
199 200 4.74493212836325
144 201 4.74493212836325
146 201 4.74493212836325
150 201 4.74493212836325
146 202 4.051784947803305
150 202 4.74493212836325
201 202 4.74493212836325
202 202 3.3586377672433594
201 203 4.74493212836325
202 203 4.74493212836325
212 204 4.74493212836325
214 204 4.74493212836325
232 204 4.74493212836325
197 205 4.74493212836325
207 205 4.74493212836325
209 205 4.051784947803305
204 206 4.74493212836325
212 206 4.74493212836325
232 206 4.74493212836325
208 207 4.74493212836325
209 207 4.74493212836325
204 208 4.74493212836325
206 208 4.74493212836325
210 208 4.74493212836325
206 209 4.051784947803305
208 209 4.74493212836325
209 209 3.3586377672433594
210 209 4.74493212836325
204 210 4.74493212836325
206 210 4.74493212836325
232 210 4.74493212836325
202 211 4.74493212836325
203 211 4.74493212836325
213 212 4.74493212836325
214 212 4.74493212836325
213 213 3.3586377672433594
219 213 4.051784947803305
239 213 4.74493212836325
240 213 4.74493212836325
213 214 4.74493212836325
239 214 4.74493212836325
217 215 4.74493212836325
243 215 4.74493212836325
244 215 4.74493212836325
153 216 4.74493212836325
158 216 4.74493212836325
218 216 4.74493212836325
216 217 4.74493212836325
243 217 4.74493212836325
244 217 4.74493212836325
152 218 4.74493212836325
153 218 4.74493212836325
158 218 4.74493212836325
215 219 4.74493212836325
217 219 4.74493212836325
243 219 4.74493212836325
221 220 4.74493212836325
248 220 4.74493212836325
222 221 4.74493212836325
227 221 4.74493212836325
258 221 4.051784947803305
227 222 4.74493212836325
258 222 4.051784947803305
259 222 4.74493212836325
224 223 4.74493212836325
226 223 4.74493212836325
224 224 3.3586377672433594
226 224 4.74493212836325
250 224 4.74493212836325
257 224 3.3586377672433594
223 225 4.74493212836325
224 225 4.74493212836325
250 226 4.74493212836325
257 226 4.74493212836325
258 227 4.051784947803305
259 227 4.74493212836325
260 227 4.74493212836325
103 228 4.74493212836325
104 228 4.74493212836325
236 228 4.051784947803305
1 229 4.74493212836325
3 229 4.74493212836325
4 229 4.74493212836325
82 230 4.74493212836325
84 230 4.051784947803305
245 230 4.74493212836325
156 231 4.74493212836325
157 231 4.74493212836325
160 231 4.74493212836325
212 232 4.74493212836325
213 232 4.051784947803305
214 232 4.74493212836325
157 233 4.74493212836325
160 233 4.74493212836325
231 233 4.74493212836325
102 234 4.051784947803305
228 234 4.74493212836325
236 234 4.051784947803305
3 235 4.74493212836325
4 235 4.74493212836325
229 235 4.74493212836325
103 236 4.051784947803305
104 236 4.051784947803305
105 236 4.051784947803305
237 236 4.051784947803305
238 236 4.051784947803305
249 236 4.051784947803305
241 237 4.74493212836325
242 237 4.74493212836325
246 237 4.74493212836325
237 238 4.74493212836325
242 238 4.74493212836325
246 238 4.74493212836325
215 239 4.74493212836325
219 239 4.74493212836325
240 239 4.74493212836325
215 240 4.74493212836325
217 240 4.74493212836325
219 240 4.74493212836325
4 241 4.74493212836325
229 241 4.74493212836325
235 241 4.74493212836325
235 242 4.74493212836325
241 242 4.74493212836325
246 242 4.74493212836325
216 243 4.74493212836325
218 243 4.74493212836325
244 243 4.74493212836325
153 244 4.74493212836325
216 244 4.74493212836325
218 244 4.74493212836325
82 245 4.74493212836325
84 245 4.74493212836325
229 246 4.74493212836325
235 246 4.74493212836325
241 246 4.74493212836325
220 247 4.74493212836325
248 247 4.74493212836325
221 248 4.74493212836325
222 248 4.74493212836325
227 248 4.051784947803305
248 248 3.3586377672433594
237 249 4.74493212836325
238 249 4.74493212836325
242 249 4.74493212836325
257 250 4.74493212836325
266 250 4.74493212836325
20 251 4.74493212836325
270 251 4.74493212836325
163 252 4.74493212836325
262 252 4.74493212836325
252 253 4.74493212836325
253 253 3.3586377672433594
262 253 4.457250055911469
252 254 4.051784947803305
253 254 4.74493212836325
254 254 3.3586377672433594
251 255 4.74493212836325
270 255 4.74493212836325
251 256 4.74493212836325
255 256 4.74493212836325
270 256 4.051784947803305
257 257 3.3586377672433594
264 257 4.457250055911469
266 257 4.74493212836325
253 258 3.3586377672433594
254 258 4.051784947803305
259 258 4.051784947803305
260 258 4.051784947803305
261 258 4.051784947803305
260 259 4.74493212836325
261 259 4.74493212836325
263 259 4.74493212836325
258 260 4.051784947803305
261 260 4.74493212836325
263 260 4.74493212836325
254 261 4.051784947803305
258 261 4.051784947803305
263 261 4.74493212836325
161 262 4.051784947803305
162 262 4.74493212836325
163 262 4.74493212836325
262 262 3.3586377672433594
254 263 4.74493212836325
258 263 4.051784947803305
264 264 3.3586377672433594
265 264 4.74493212836325
267 264 4.051784947803305
271 264 4.74493212836325
267 265 4.74493212836325
269 265 4.74493212836325
271 265 4.74493212836325
264 266 4.74493212836325
265 266 4.74493212836325
268 267 4.74493212836325
269 267 4.74493212836325
272 267 4.74493212836325
231 268 4.74493212836325
233 268 4.74493212836325
272 268 4.74493212836325
233 269 4.74493212836325
268 269 4.74493212836325
272 269 4.74493212836325
14 270 3.3586377672433594
19 270 4.74493212836325
20 270 4.74493212836325
270 270 3.3586377672433594
267 271 4.74493212836325
268 271 4.74493212836325
269 271 4.74493212836325
157 272 4.74493212836325
231 272 4.74493212836325
233 272 4.74493212836325
135 273 3.3586377672433594
273 273 3.3586377672433594
274 273 4.74493212836325
275 273 4.74493212836325
122 274 4.051784947803305
135 274 4.74493212836325
135 275 4.74493212836325
274 275 4.74493212836325
