0 0 0.09874775710200477
3 0 0.11291007091450908
4 0 -0.29255503719365555
5 0 -2.758769553969503
0 1 0.11291007091450908
0 2 -0.29255503719365555
1 2 3.971688561823843
4 3 3.971688561823843
5 3 2.891768406167886
5 4 3.29723351427605
0 5 -3.0100839822504093
1 5 1.9473067973270344
2 5 1.9473067973270344
5 5 2.51878875320421
7 5 -0.19927404719043013
8 5 3.2664618556092964
9 5 2.891768406167886
10 5 1.505474045047995
0 6 -2.690450309992026
1 6 3.771017866361692
2 6 3.771017866361692
5 6 2.28563260259757
8 6 1.3731225935633211
1 7 2.2669404695854176
2 7 3.771017866361692
5 7 2.1986212256079405
6 7 3.771017866361692
6 8 1.3731225935633211
7 8 2.4717348822314307
9 8 3.771017866361692
10 8 3.6656573507038654
5 9 -0.19927404719043013
6 9 2.4717348822314307
7 9 3.5703471708995402
10 9 3.771017866361692
2 10 1.669103468829797
5 10 1.2823304937337854
6 10 3.6656573507038654
7 10 3.771017866361692
10 10 2.6623552418400807
