0 0 0.06698905584059041
3 0 0.07760325708236397
4 0 -0.3278618510258005
5 0 -2.5716064439969126
0 1 0.07760325708236397
0 2 -0.3278618510258005
1 2 4.2230029901047486
4 3 4.2230029901047486
5 3 3.365552758253527
5 4 3.771017866361692
0 5 -2.9080786806181256
1 5 2.5182548978663237
2 5 2.5182548978663237
5 5 2.8647774703410382
8 5 3.771017866361692
9 5 3.365552758253527
10 5 1.7279439688527307
0 6 -2.273772000081114
1 6 4.0688523102774905
2 6 4.2230029901047486
5 6 2.5182548978663237
1 7 2.9702400216093805
2 7 4.0688523102774905
5 7 2.5182548978663237
6 7 4.2230029901047486
9 8 4.2230029901047486
10 8 3.971688561823843
7 9 3.375705129717545
10 9 4.2230029901047486
2 10 2.0257784127685294
5 10 1.3914717322315178
6 10 3.971688561823843
7 10 4.2230029901047486
10 10 3.0962198244699426
