0 0 3.418818983011975
1 0 2.3087779985202426
6 0 1.5018963708299138
11 0 1.339377441332139
18 0 2.5094486939823937
0 1 2.407218071333495
1 1 2.2720619829819704
4 1 1.7035995909062542
6 1 2.2394953139606932
11 1 2.300119935777128
18 1 2.300119935777128
21 1 -0.29637777941933474
24 1 0.9563851890760331
2 2 2.5535026171220934
3 2 2.517032937340702
5 2 1.8631064699340376
7 2 1.6960523852708713
8 2 2.600508659498024
12 2 2.2968262456998016
28 2 1.1699592893740922
1 3 -2.9455874804986113
2 3 2.206878009036862
3 3 2.217291915154321
5 3 1.9670674052374404
7 3 1.5317493339795951
8 3 2.5697370008312697
9 3 2.342679550195924
10 3 2.304939222213077
12 3 2.3094539025676033
28 3 1.6187607109692248
33 3 1.5317493339795951
0 4 1.62705951378392
1 4 2.4227222578694603
4 4 2.6975009254853335
6 4 2.8011793549601745
11 4 3.2364974262180204
18 4 -0.3470215122380897
24 4 2.543350245658075
2 5 2.342679550195924
3 5 2.078293040347665
5 5 2.4837581484558293
7 5 3.2364974262180204
8 5 1.743058427646802
12 5 2.5051984796936986
28 5 2.31190789152917
0 6 2.836897437562254
1 6 2.38114583102372
4 6 2.418187102704069
6 6 2.657667073337972
11 6 2.5134972825083937
18 6 1.4737254938632176
24 6 2.195043551389859
2 7 2.543350245658075
3 7 2.2248965145395405
5 7 2.6303616226477047
7 7 3.2364974262180204
8 7 1.0964312627217496
12 7 1.0964312627217496
28 7 2.710404330321241
1 8 -1.589146082528402
2 8 2.328574944014382
3 8 2.2248965145395405
4 8 0.40328408216180434
5 8 0.8957605672595983
6 8 -1.3313169732263024
8 8 2.5398840376815888
9 8 3.4478065198852272
10 8 3.1758728044015854
12 8 1.92677956479518
28 8 0.20261338669965304
33 8 2.195043551389859
1 9 1.244067261527814
4 9 2.948815353766239
6 9 2.195043551389859
9 9 2.948815353766239
10 9 3.929644606777966
24 9 4.33510971488613
33 9 4.33510971488613
1 10 1.5317493339795951
4 10 3.5650014931900564
6 10 2.195043551389859
9 10 3.2364974262180204
10 10 3.524179498669801
11 10 1.1570558845381844
24 10 4.083795286605224
33 10 4.33510971488613
1 11 2.383501544716179
4 11 2.6611332813144584
6 11 3.005973767606188
11 11 3.009439975582674
18 11 0.7515907764300199
2 12 2.500425200941041
3 12 2.268068686404749
5 12 2.5379883025166894
7 12 2.968233439623341
8 12 2.195043551389859
12 12 2.357562480887634
28 12 1.743058427646802
13 13 3.418818983011975
14 13 2.9488153537662396
20 13 2.6303616226477047
13 14 2.9488153537662396
14 14 2.5974174669283507
17 14 3.425739425856549
19 14 3.3165401338915568
20 14 2.6509809098504404
37 14 0.8316334841035564
15 15 2.4193761634862594
22 15 1.132363271947813
23 15 0.5626971481588887
30 15 -1.3002749492944308
34 15 2.493339825083414
35 15 2.6025391170484053
3 16 -3.112641565161778
16 16 2.7334080723865193
23 16 -0.3988933429449299
28 16 0.12603688700260274
29 16 2.175625465532758
31 16 1.4824782849728124
32 16 2.648913169979683
17 17 2.948815353766239
19 17 4.33510971488613
37 17 2.6611332813144584
0 18 1.6270595137839199
1 18 1.9302457727716662
6 18 0.6264276334760139
11 18 0.4639087039782391
18 18 2.724899899673448
21 18 1.8502030650981298
37 19 2.7664937969722847
13 20 2.6303616226477047
14 20 2.6909862444641397
20 20 3.2092706135178064
21 21 3.2283006590138417
25 21 2.5715211226247714
15 22 1.132363271947813
22 22 3.208326549251324
16 23 1.71131985740166
23 23 3.154002735297197
28 23 -0.924986438841709
29 23 0.7797616533967162
31 23 0.08661447283677087
32 23 0.13790776722432155
1 24 2.2556681732062938
4 24 3.6419625343261846
6 24 2.600508659498024
11 24 3.3542804618744038
24 24 2.948815353766239
14 25 2.4920569512705244
20 25 0.040094457201877994
25 25 3.5366020186683587
26 26 3.266944743025614
27 26 2.536429802813501
30 26 0.5123383562168302
15 27 1.497006385535722
27 27 3.4386216103081546
2 28 1.7830637622605012
3 28 2.142008854733773
5 28 2.7173729996373344
7 28 2.342679550195924
8 28 1.244067261527814
12 28 2.322876922899744
28 28 2.6416611779016383
31 28 2.342679550195924
3 29 1.5317493339795951
5 29 1.9372144420877595
28 29 3.32350880320765
31 29 4.33510971488613
23 30 -0.22576021220538148
26 30 2.2378484399036846
30 30 2.7601680612519885
36 30 2.066100917425689
3 31 2.0913651219150178
5 31 2.342679550195924
8 31 0.8087491902699684
12 31 0.8087491902699684
28 31 3.258970282070079
31 31 3.3542804618744038
3 32 -1.4126896451868454
5 32 -1.007224537078681
16 32 2.074156005367898
23 32 0.40027203169181275
28 32 2.037297900644742
29 32 3.4701122773995254
31 32 3.1824302049477446
32 32 2.9680203336022895
1 33 2.160357993401969
4 33 3.929644606777966
6 33 2.195043551389859
11 33 2.948815353766239
24 33 4.33510971488613
23 34 3.418818983011975
30 34 0.6215376481818222
23 35 3.3054902977049716
30 35 0.6215376481818222
34 35 4.33510971488613
35 35 2.948815353766239
30 36 2.6705199823769497
36 36 3.095855096415554
37 37 2.5007906312392794
38 37 1.3453654831767616
39 37 2.5151793686913786
43 37 0.2494988326327839
44 37 2.543350245658075
49 37 0.5284472251158102
50 37 0.05844359587007458
54 37 -0.8410400176876991
37 38 1.2597100385982676
38 38 3.153528600875095
39 38 0.31872669413374105
43 38 -1.5270999963645897
44 38 0.7241918022419054
49 38 -0.8852461101921947
50 38 -1.3552497394379306
54 38 -1.9670512805439233
37 39 0.7515907764300199
38 39 -0.3744204864262043
39 39 3.2364974262180204
43 39 1.3906707357196897
44 39 3.2364974262180204
49 39 3.418818983011975
50 39 2.2556681732062938
54 39 1.9315487045520823
40 40 2.503504337110875
41 40 2.6474344369562965
46 40 2.0733466164123393
47 40 2.948815353766239
55 40 2.4498241876472515
59 40 0.33385557573004115
40 41 2.7011386159281576
41 41 2.6245136527652817
46 41 2.4801713440365436
47 41 2.662492900830498
55 41 2.409402273148336
59 41 0.09701318005766953
42 42 2.9079933592459843
43 42 2.6716045811817537
49 42 1.5216989981260935
50 42 3.2852875903874525
54 42 2.1744948831624717
37 43 -1.787383094628256
39 43 1.3906707357196897
42 43 3.418818983011975
43 43 3.080960744782885
44 43 1.3906707357196897
49 43 2.2235798586547935
50 43 3.0001086481537897
54 43 1.6171983850181402
39 44 3.929644606777966
43 44 1.3906707357196897
49 44 3.824284091120139
50 44 2.2556681732062938
54 44 1.867010183414511
40 45 2.6611332813144584
41 45 2.794664673938981
45 45 2.948815353766239
46 45 3.2364974262180204
40 46 2.7664937969722847
41 46 2.745874509769549
46 46 2.831032318109856
47 46 2.7256718024520294
40 47 2.592140409827507
41 47 2.5950516200349654
47 47 2.9079933592459843
55 47 2.72567180245203
59 47 0.6215376481818222
40 48 2.3734512088626776
41 48 2.352831921659942
45 48 4.33510971488613
46 48 3.2364974262180204
48 48 3.3542804618744038
51 48 2.2556681732062938
52 48 2.948815353766239
42 49 2.0325246218920845
43 49 2.5538215455253703
49 49 2.6743785080644793
50 49 1.8989932292675618
54 49 2.4208952966409485
42 50 2.2556681732062938
43 50 2.446723409969003
45 50 1.5625209926463486
48 50 2.2556681732062938
49 50 2.350978353010619
50 50 2.2556681732062938
51 50 2.2556681732062938
52 50 2.2556681732062938
54 50 2.238573739846994
40 51 1.0925173634006131
41 51 1.5827236999638679
45 51 4.33510971488613
46 51 3.1029660335934977
48 51 4.201578322261607
51 51 3.5084311417016623
52 51 3.960416265444719
40 52 1.5625209926463486
41 52 2.0527273292096035
45 52 4.33510971488613
46 52 3.2364974262180204
48 52 4.047427642434349
51 52 3.171958905080449
52 52 2.948815353766239
48 53 2.1378851375499104
50 53 2.004353744925388
51 53 3.2773194207382756
52 53 2.543350245658075
53 53 3.524179498669801
54 53 2.154692255866292
42 54 1.6926567962697334
43 54 1.6951599264878516
48 54 1.3561845596485202
49 54 2.0154301885327843
50 54 1.6121179337857208
51 54 2.090153734728721
52 54 1.9623203632188357
53 54 2.655467543778781
54 54 2.4396162911396138
55 55 3.4878118544989265
59 55 3.1064442979698224
56 56 4.963718374308504
57 56 2.786006611195867
30 57 -1.2065894652171076
36 57 -0.4242111509292196
57 57 2.897559097101614
58 57 2.7076532969493514
30 58 1.5598072867747526
36 58 3.249742652968041
58 58 3.524179498669801
55 59 1.1952770973583822
59 59 3.309178977652825
