0 0 0.018339553559621104
3 0 0.021440331237869408
4 0 -0.3840247768702952
5 0 -2.463466318550131
0 1 0.021440331237869408
0 2 -0.3840247768702952
1 2 5.393627546352362
4 3 5.393627546352362
5 3 4.700480365792417
5 4 5.10594547390058
5 5 4.412798293340635
8 5 5.10594547390058
9 5 4.700480365792417
10 5 3.3141860046725258
0 6 -1.0771719574302405
1 6 5.393627546352362
2 6 5.393627546352362
1 7 5.393627546352362
2 7 5.393627546352362
6 7 5.393627546352362
9 8 5.393627546352362
10 8 5.393627546352362
7 9 5.393627546352362
10 9 5.393627546352362
2 10 4.700480365792417
6 10 5.393627546352362
7 10 5.393627546352362
10 10 4.007333185232471
