0 0 0.20498885067669181
5 0 0.24958222621951046
6 0 -0.15588288188865396
7 0 -2.27041574337976
0 1 0.026438674905300795
10 1 3.312973148247316
12 1 3.312973148247316
14 1 0.6739158186320575
0 2 0.24958222621951046
0 3 -0.3790264332028636
1 3 3.312973148247316
10 3 3.312973148247316
12 3 3.312973148247316
0 4 -0.15588288188865396
2 4 3.823798772013307
6 5 2.976500911626103
7 5 2.248262411254888
3 6 1.367062999192003
7 6 2.6049373551936204
0 7 -3.1177136037669637
1 7 2.025118859940678
3 7 2.3435725910592127
7 7 1.7987373133526932
9 7 0.45650294202683284
10 7 1.5551152306949427
11 7 2.510626675722379
13 7 2.1429018955970616
14 7 0.30235226219957445
0 8 -1.947642351116709
1 8 2.2143608595792066
3 8 2.2143608595792066
7 8 1.8427973031467235
11 8 2.2143608595792066
13 8 2.2143608595792066
1 9 2.2143608595792066
3 9 2.2143608595792066
7 9 1.5551152306949427
8 9 3.823798772013307
11 9 2.2143608595792066
12 10 4.922411060681417
14 10 2.976500911626103
8 11 2.2143608595792066
9 11 2.2143608595792066
13 11 3.312973148247316
14 11 2.7533573603118935
9 12 3.823798772013307
14 12 2.976500911626103
7 13 -0.054322681739157656
8 13 2.2143608595792066
9 13 2.2143608595792066
14 13 3.158822468420058
0 14 -2.389475103395748
2 14 2.976500911626103
3 14 0.6739158186320575
4 14 3.381966019734268
7 14 -1.0839420989203161
8 14 2.571035803517939
9 14 2.7941793548321487
14 14 2.209245758912436
