0 0 0.2288256995389494
3 0 -2.7708827223946813
6 0 0.273639715328742
8 0 -0.31414694957337697
9 0 -2.6167320425674228
12 0 -2.6167320425674228
13 0 0.273639715328742
16 0 -0.13182539277942248
0 1 0.273639715328742
0 2 0.273639715328742
0 3 -0.1318253927794226
1 3 3.3141860046725253
0 4 -0.13182539277942248
1 4 3.3141860046725258
0 5 -0.6426510165454131
2 5 3.784189633918261
7 5 3.784189633918261
8 5 1.992430164690206
9 5 0.488352767913932
1 6 1.0116009116784797
3 6 1.1451323043030024
8 6 2.908720896564361
9 6 1.992430164690206
8 7 2.908720896564361
9 7 2.0977906803480324
0 8 -3.309879223127368
1 8 0.8292793548845252
3 8 0.9628107475090479
9 8 2.416244411466567
0 9 -3.0221971506755874
1 9 1.8101086078962514
3 9 2.2919466947889897
9 9 1.6203520726147786
10 9 -0.20479441264601328
11 9 2.0977906803480324
12 9 0.30603121111997733
14 9 2.5032557884561966
15 9 0.7114963192281417
17 9 1.8746471290338227
18 9 0.25196398984970164
3 10 1.8382794848629478
9 10 2.4342629169692453
9 11 1.404643499788087
10 11 3.0910424533583156
15 11 4.007333185232471
17 11 2.3978952727983702
18 11 1.7560413866259756
0 12 -2.6167320425674228
1 12 1.5224265354444706
4 12 3.6018680771243066
9 12 1.692325572239868
10 12 3.378724525810097
15 12 2.908720896564361
17 12 1.2992829841302609
18 12 0.657429097957866
10 13 3.784189633918261
12 13 3.6018680771243066
16 13 5.393627546352362
9 14 -0.8979415932059586
10 14 2.580216829592325
11 14 3.0910424533583156
12 14 1.992430164690206
15 14 2.3978952727983702
17 14 2.9856819377004897
18 14 2.6315101239798757
12 15 3.6018680771243066
17 15 3.0910424533583156
18 15 2.449188567185921
9 16 1.404643499788087
10 16 3.784189633918261
12 16 3.6018680771243066
5 17 1.4816045409242156
9 17 -0.20479441264601328
10 17 2.580216829592325
12 17 2.6855773452501515
15 17 2.3978952727983702
18 17 3.0910424533583156
0 18 -2.6707992638376985
1 18 0.369747025506085
2 18 3.142335747745866
4 18 3.142335747745866
5 18 3.478807984367079
7 18 3.142335747745866
8 18 0.657429097957866
9 18 -1.5397954793783535
10 18 0.8397506547518208
12 18 2.2668670103919664
15 18 1.7560413866259756
17 18 0.14660347419187544
18 18 2.2773383102592617
