0 0 0.12718232123114698
3 0 0.14485062536446106
4 0 -0.2606144827437034
5 0 -2.8706842754857096
0 1 0.14485062536446106
0 2 -0.2606144827437034
1 2 3.784189633918261
4 3 3.784189633918261
5 3 2.5604142022961454
5 4 2.96587931040431
0 5 -2.8706842754857096
1 5 2.3372706509819356
2 5 2.3372706509819356
5 5 2.2727321298443646
8 5 2.96587931040431
9 5 2.5604142022961454
10 5 0.7686547330680906
1 6 2.8678989020441064
2 6 3.784189633918261
5 6 2.3372706509819356
2 7 2.8678989020441064
5 7 2.3372706509819356
6 7 3.784189633918261
9 8 3.784189633918261
10 8 3.378724525810097
7 9 2.174751721484161
10 9 3.71519676243131
5 10 0.7686547330680906
6 10 3.378724525810097
7 10 3.71519676243131
10 10 2.7501158663877225
