0 0 1.4967162074188738
3 0 -1.5398380606553723
5 0 1.430576404914329
7 0 0.7061766808502792
8 0 -1.9399981165338436
12 0 1.5046843770680507
15 0 -1.7534121609534314
0 1 1.3983155426961074
5 1 1.7237379431307351
7 1 1.0793809267402221
8 1 -1.972258978752065
0 2 1.8778886229579936
0 3 0.7304861701204519
1 3 1.8778886229579936
3 3 -1.1666338147654294
5 3 1.03059076257079
6 3 1.8778886229579936
7 3 1.079380926740222
8 3 -1.4614333549860743
13 3 -0.7611687066572651
0 4 1.4724235148498293
2 4 4.922411060681417
1 5 0.3374435820108446
3 5 -0.06802152609731976
7 5 1.8525708149737037
8 5 0.2790328198544301
12 5 2.283353731066158
13 5 0.742908690119009
15 5 -0.28159562639537883
16 5 -1.875529352293514
1 6 0.3374435820108446
3 6 1.03059076257079
7 6 1.9266787871274258
8 6 0.10718256292777101
13 6 0.3374435820108446
15 6 0.4115515541645665
0 7 -1.1178436505959974
1 7 0.8970593699462673
3 7 0.6739158186320575
8 7 0.5614378352053674
13 7 0.8970593699462673
15 7 0.7480237907857796
16 7 -2.232204296232246
0 8 -2.1041267542901876
1 8 0.15372244486246692
3 8 0.5526301524244721
5 8 -1.986343718633804
6 8 0.4985629311541964
7 8 -1.0902556940771684
8 8 0.6702887558029622
9 8 -2.679490899193749
10 8 0.09309782304603197
11 8 -2.525340219366491
13 8 0.5786056388277329
14 8 -0.5512591933444814
15 8 -0.12047627725202698
16 8 -2.2534065038828492
0 9 -1.8597809953253748
1 9 0.3374435820108446
3 9 1.03059076257079
6 9 1.03059076257079
8 9 0.5534696655561905
13 9 0.742908690119009
15 9 0.4115515541645665
16 9 -1.875529352293514
3 10 -0.06802152609731976
8 10 -0.36282106631796474
9 10 1.9468814944449448
10 10 1.03059076257079
11 10 0.49159426183810306
13 10 0.3374435820108446
14 10 2.4656752878601127
15 10 1.5101638428326762
16 10 -1.1823821717335685
1 11 -0.20155291872184225
3 11 0.49159426183810306
8 11 0.19679472161745806
9 11 2.283353731066158
10 11 1.1847414423980485
13 11 -0.20155291872184225
14 11 1.5212136790192612
15 12 2.35746170321988
16 12 1.45667515788169
4 13 2.283353731066158
8 13 -2.66540615931201
9 13 0.3374435820108446
10 13 1.9468814944449448
11 13 0.49159426183810306
14 13 1.7725281073001675
15 13 2.2033110233926214
16 13 0.8970593699462673
8 14 -0.9426395615709068
9 14 2.060210179751948
10 14 2.4656752878601127
11 14 0.8280664984593159
13 14 0.6739158186320575
15 14 1.441170971345725
16 14 -0.15276275455241028
2 15 2.35746170321988
4 15 2.35746170321988
8 15 -1.8981510065983431
9 15 0.8170166622727311
11 15 0.9711673420999893
16 15 1.565874449846682
0 16 -3.379606749069788
2 16 0.7635279773217447
3 16 -2.2809944604016783
4 16 0.7635279773217447
8 16 -2.2393217640011103
9 16 0.832520848808696
10 16 -0.4892349911736233
11 16 1.6108258377089482
14 16 0.540384426007535
16 16 1.4874468165484438
