0 0 2.52513334713818
1 0 -0.007082225082919098
2 0 2.7465784872713432
16 0 -0.20382353878334367
0 1 -0.11628151704791104
1 1 1.8656217397502317
7 1 1.5814490025318677
16 1 -1.8197483791302878
1 2 -0.027988909902232784
2 2 2.948815353766239
16 2 2.394930240539802
3 3 2.9880360669195207
12 3 0.8062667727767132
16 3 1.7017830599798565
4 4 3.208326549251324
5 4 1.8502030650981298
9 4 -1.780782410596904
5 5 2.871854312630111
9 5 1.214949862957087
1 6 -1.8354967360984271
6 6 2.884276832628668
8 6 0.7640132964285772
0 7 2.37501493083886
7 7 3.54665235452186
1 8 -0.13334942556005894
8 8 2.3414666937707143
11 8 1.7596814020256022
4 9 0.5218026823971417
5 9 -1.780782410596904
9 9 1.9079314668960727
10 9 1.3327328986134703
8 10 1.9740284152104757
10 10 3.5774240131886135
11 10 0.8559507917542628
8 11 1.5655016207844865
11 11 2.4645008555485806
12 12 2.178966643507198
13 12 1.790610967895884
14 12 -3.83370733540607
13 13 3.554951157336555
14 13 1.421615539569111
5 14 -1.1173583314891649
14 14 1.8199374008435885
15 14 -0.18453829766379945
5 15 1.1253071862236042
14 15 -1.621263512410582
15 15 2.7483616486488693
3 16 2.1515839819080727
12 16 -1.0347686512545684
16 16 2.3693176646830754
