0 0 0.102756871499186
5 0 0.13183808080002776
6 0 -0.27362702730813665
7 0 -2.1539398938776366
0 1 0.13183808080002776
0 2 0.13183808080002776
0 3 -0.27362702730813665
1 3 3.866328046166016
0 4 -0.27362702730813665
2 4 4.089471597480226
6 5 3.2785413812638975
7 5 2.7563519988475917
10 5 1.081316803927678
7 6 3.029645333847273
10 6 3.0272269529829914
11 6 1.081316803927678
0 7 -2.847087074437582
1 7 2.679162360156462
3 7 3.0846274682646264
7 7 2.370547078038215
10 7 2.838590097084564
11 7 2.7273644619743393
12 7 1.03050373456908
0 8 -0.966774207868082
1 8 3.866328046166016
3 8 3.866328046166016
1 9 3.866328046166016
3 9 3.866328046166016
8 9 6.168913139160062
11 10 3.971688561823843
12 10 3.6039637816985253
9 11 3.971688561823843
12 11 3.971688561823843
0 12 -2.1454292042097283
2 12 3.6039637816985253
3 12 0.6082315081445344
4 12 4.009428889806689
8 12 3.6039637816985253
9 12 3.6039637816985253
12 12 2.8715958879852987
