0 0 0.2288256995389494
3 0 -2.7708827223946813
6 0 0.273639715328742
7 0 -0.13182539277942248
8 0 -2.653099686738298
11 0 -2.9044141150192035
12 0 0.273639715328742
15 0 -0.13182539277942248
0 1 0.273639715328742
0 2 0.273639715328742
0 3 -0.1318253927794226
1 3 3.3141860046725253
0 4 -0.13182539277942248
1 4 3.3141860046725258
0 5 -0.13182539277942248
2 5 4.295015257684252
1 6 1.0116009116784797
3 6 1.1451323043030024
7 6 3.0910424533583156
8 6 1.9560625205193314
0 7 -3.1275576663334133
1 7 1.0116009116784797
3 7 1.1451323043030024
8 7 2.3615276286274955
0 8 -3.058564794846462
1 8 1.7737409637253767
3 8 2.255579050618115
8 8 1.633383606030454
9 8 -0.5776342934381011
10 8 2.0614230361771577
11 8 -0.018018505502678365
13 8 2.466888144285322
14 8 0.6751286750572669
16 8 1.8382794848629478
17 8 0.21559634567882682
3 9 1.5018072482417348
8 9 2.4180979801158897
8 10 1.3682758556172123
9 10 2.7545702167371027
14 10 4.007333185232471
16 10 2.3978952727983702
17 10 1.7560413866259756
0 11 -2.9044141150192035
1 11 1.2347444629926896
4 11 3.3141860046725258
8 11 1.7737409637253767
9 11 3.1600353248452673
14 11 2.6210388241125804
16 11 1.0116009116784797
17 11 0.369747025506085
9 12 3.447717397297048
11 12 3.3141860046725258
15 12 5.393627546352362
8 13 -0.9343092373768336
9 13 2.243744592971112
10 13 3.0910424533583156
11 13 1.704748092238425
14 13 2.3978952727983702
16 13 2.9856819377004897
17 13 2.6315101239798757
11 14 3.3141860046725258
16 14 3.0910424533583156
17 14 2.449188567185921
8 15 1.3682758556172123
9 15 3.447717397297048
11 15 3.3141860046725258
8 16 -0.24116205681688824
9 16 2.243744592971112
11 16 2.6210388241125804
14 16 2.3978952727983702
17 16 3.0910424533583156
0 17 -2.6707992638376985
1 17 0.369747025506085
2 17 3.142335747745866
4 17 3.142335747745866
5 17 3.547800855854031
8 17 -0.4775508348811185
9 17 2.112716330564708
11 17 2.6723321185001305
14 17 1.7560413866259756
16 17 0.14660347419187544
17 17 2.2773383102592617
