0 0 1.5288714490861792
1 0 -1.3501514310013312
2 0 -0.05738312789226403
5 0 1.0952963820461215
7 0 0.530403537009855
8 0 -1.7940828199372914
9 0 -2.2058175410590515
10 0 0.7899147324949397
11 0 -1.0018447367331154
13 0 1.8885270211630494
15 0 1.483061913054885
16 0 -2.0432986115612763
18 0 1.483061913054885
20 0 -4.038399004807362
0 1 1.2459541265660374
1 1 -0.031065819574890487
2 1 1.5493845559859576
5 1 1.6671675916423412
6 1 0.4350239103497087
7 1 1.0385589322199669
8 1 -0.7626792809626316
0 2 0.4758459048699639
1 2 1.8015156441734197
2 2 0.8970593699462673
5 2 1.5902065505062126
6 2 1.8621402659898545
7 2 1.4848460348483865
8 2 -0.4341752139905956
0 3 0.6945351058347934
1 3 1.866054165310991
2 3 1.367062999192003
5 3 0.9615978910838386
6 3 1.6389967146756448
7 3 1.1439194478777932
8 3 -1.755931053972915
10 3 1.5212136790192614
14 3 2.2143608595792066
16 3 -0.6188524844770095
17 3 0.13491931789937084
1 4 2.0891977166252005
2 4 2.976500911626103
6 4 3.248434627109745
0 5 -0.4892349911736233
1 5 0.8364347481298325
2 5 1.9468814944449448
3 5 -0.424696470036052
6 5 0.6093772974944864
7 5 2.0238425355810734
8 5 0.7979684673020366
9 5 -0.712378542487833
11 5 0.49159426183810306
15 5 2.283353731066158
16 5 0.14328756756988723
19 5 -0.712378542487833
1 6 0.9905854279570908
2 6 1.8778886229579936
5 6 1.1847414423980485
7 6 2.060210179751948
8 6 0.5466540390211304
16 6 1.3960505360652553
19 6 0.13491931789937064
1 7 -0.39570893316279976
3 7 -0.2705457902087937
8 7 1.411651476507735
11 7 0.6457449416653613
12 7 -0.6070180268300067
16 7 1.683732608517036
19 7 0.8280664984593159
20 7 -2.3908093264088848
0 8 -1.415004467002322
1 8 0.3161303804092982
2 8 -0.9937910019260184
3 8 1.2885913837505079
5 8 -1.6869381824859637
6 8 1.0699021827856785
7 8 -0.8114694451320638
8 8 1.2159337381744324
9 8 -1.3504659458647508
10 8 0.2589719665693497
11 8 0.2589719665693497
12 8 -0.7061089294742375
14 8 1.6452663276892403
16 8 0.952119147129295
19 8 0.44129352336330424
20 8 -2.7775823015048964
0 9 -2.232204296232246
1 9 1.1729069847510454
3 9 1.5212136790192614
5 9 0.3862337461802767
8 9 0.9008258527417442
9 9 -1.0690534864265653
11 9 0.13491931789937064
12 9 -0.42469647003605215
16 9 1.039375592126523
19 9 0.540384426007535
20 9 -1.8030226615067657
1 10 1.3960505360652553
3 10 1.5212136790192614
9 10 1.9266787871274256
11 10 2.4375044108934163
17 10 2.1498223384416355
3 11 0.42260139035115163
8 11 0.2589719665693497
9 11 1.9266787871274258
11 11 1.3388921222253065
16 11 1.683732608517036
19 11 1.2335316065674804
1 12 0.14328756756988723
2 12 -0.06802152609731976
3 12 0.9615978910838385
4 12 1.8778886229579936
6 12 0.20391218938632205
8 12 0.4725460668674086
9 12 1.5212136790192612
11 12 0.08612915372993854
16 12 -0.26217754053827713
17 12 1.7443572303334707
19 12 0.9615978910838385
20 12 -1.1586656451162525
3 13 1.5212136790192614
9 13 1.2335316065674804
10 13 3.536116699561526
12 13 1.1847414423980485
18 13 4.229263880121471
20 13 -0.5990498571808297
10 14 4.229263880121471
11 14 3.1306515914533617
17 14 2.8429695190015805
8 15 0.952119147129295
9 15 1.9266787871274256
11 15 3.1306515914533617
4 16 2.0891977166252005
8 16 -1.8810941969269213
9 16 0.8852249122992646
11 16 1.3960505360652553
12 16 0.9905854279570908
16 16 -0.05086844687107017
17 16 1.1083684636134743
19 16 1.7325227726864683
20 16 -0.10005869106184204
9 17 0.540384426007535
11 17 1.7443572303334711
16 17 0.7029033555053099
19 17 1.6389967146756448
20 17 0.4995624314872799
9 18 1.9266787871274256
12 18 1.8778886229579936
20 18 0.09409732337911558
4 19 1.9266787871274256
6 19 0.2527023535557542
8 19 -2.043613126424696
9 19 0.02955880224154443
11 19 0.13491931789937064
12 19 1.2800516222023732
16 19 -0.2133873763688452
17 19 0.9458495341156995
19 19 -0.37590630586662
20 19 0.6537131113145381
3 20 -1.515340589054985
8 20 -1.930284441117693
9 20 0.04280402899156511
12 20 0.6330938241118025
17 20 0.09409732337911558
19 20 -1.515340589054985
20 20 0.9628770725822189
