0 0 0.4153292639391872
3 0 -2.662385582106167
6 0 0.3725674046011055
8 0 -0.09046755532853695
9 0 -2.2358670648001704
13 0 0.11020314013361425
15 0 0.11020314013361425
17 0 -3.627466478149754
0 1 0.243734532758137
6 1 1.1895840668738362
8 1 1.0942738870695115
13 1 2.7990219793079367
0 2 0.5156682482417788
0 3 -0.17747893231816655
1 3 2.665490586683414
6 3 1.0560526742493137
7 3 2.665490586683414
8 3 0.2675953138850435
9 3 -1.1846570150266444
0 4 0.11020314013361425
2 4 3.3586377672433594
0 5 0.11020314013361444
2 5 3.3586377672433594
1 6 0.4964368863138909
3 6 0.3629054936893683
8 6 2.3470368555648795
9 6 1.4825711915553104
8 7 2.3470368555648795
9 7 1.5879317072131367
0 8 -2.9808393132247017
1 8 0.40112670650956617
3 8 0.2675953138850435
9 8 1.8290937640300249
14 8 0.9607424944449888
0 9 -2.823653729702289
1 9 1.2514594705919238
2 9 -0.4915098344666992
3 9 1.6485563290295715
4 9 1.5879317072131367
7 9 1.5879317072131367
8 9 -1.5031107461451791
9 9 1.1389814871652335
10 9 -0.714653385780909
11 9 1.5879317072131367
14 9 1.9063854383316714
16 9 1.5879317072131367
17 9 -0.35797844184217664
0 10 -2.192381952860431
1 10 1.1895840668738362
3 10 1.7491998548092589
9 10 1.6832418870174617
9 11 1.5879317072131367
10 11 3.1354942159291497
1 12 1.4127276181880462
3 12 1.2791962255635234
9 12 1.300249634761356
10 12 3.1354942159291497
15 13 4.74493212836325
17 13 2.3935568711997726
0 14 -2.662385582106167
2 14 1.2791962255635234
4 14 2.665490586683414
9 14 -1.1846570150266444
10 14 1.0560526742493137
11 14 2.665490586683414
16 14 2.665490586683414
17 14 2.1058747987479913
17 15 2.7990219793079367
17 16 2.7990219793079367
0 17 -2.528854189481644
2 17 2.1058747987479913
3 17 -0.37903185104000886
5 17 2.7990219793079367
9 17 -1.051125622402122
10 17 2.1704133198855624
12 17 2.7990219793079367
17 17 1.7004096906398272
