0 0 0.1204972156019416
4 0 0.13662659753182513
5 0 -0.26883851057633934
6 0 -2.8935071027394983
0 1 0.13662659753182513
0 2 -0.26883851057633934
1 2 3.866328046166016
0 3 -0.26883851057633934
1 3 3.866328046166016
5 4 3.866328046166016
6 4 2.627953815122748
6 5 3.0334189232309123
0 6 -2.9988676183973246
1 6 2.465434885624973
2 6 2.6279538151227477
6 6 2.3058703159536345
7 6 -0.36777845843124307
8 6 2.340271742670967
10 6 2.9708985662495784
11 6 1.9348066345628026
12 6 2.522593299464922
13 6 0.7308338302368668
1 7 1.5637429531719707
2 7 3.7485450105096327
6 7 2.5766605207351976
8 7 3.173180865606071
10 7 1.468432773367646
6 8 1.2416594540028574
7 8 3.173180865606071
10 8 3.0778706858017464
11 8 5.475765958600117
12 8 3.173180865606071
13 8 2.0745685769379616
0 9 -3.2645707841303304
1 9 1.5637429531719707
2 9 1.669103468829797
3 9 3.866328046166016
6 9 2.465434885624973
7 9 3.76096753050819
6 10 -0.46308863823556784
7 10 1.468432773367646
8 10 3.771017866361692
11 10 3.771017866361692
12 10 3.771017866361692
13 10 3.2601922425957013
12 11 3.866328046166016
13 11 3.460862938057852
13 12 3.8663280461660166
1 13 0.4651306645038612
3 13 3.460862938057852
6 13 0.7308338302368668
7 13 3.3555024224000256
9 13 3.8663280461660166
13 13 2.767715757497907
