0 0 1.548728979509627
1 0 -1.2881540934355513
3 0 1.1967525563524488
7 0 2.007682772568778
8 0 0.21592330334072254
9 0 1.1967525563524488
10 0 -1.4888247888977024
14 0 -1.8635182383391133
15 0 1.7200007001169968
16 0 1.6022176644606132
19 0 1.6022176644606132
20 0 -1.6558788735608687
21 0 -3.6127180931483722
0 1 1.8545603704670852
11 1 0.6017974019717174
12 1 2.5477075510270306
15 1 1.16141318990714
0 2 1.9723434061234688
1 3 1.4490952623589208
3 3 2.5477075510270306
8 3 4.051784947803305
9 3 2.5477075510270306
10 3 0.5552773863368246
12 3 3.64631983969514
15 3 2.26002547857525
0 4 1.5668782980153042
1 4 2.5477075510270306
0 5 1.5668782980153044
1 5 2.5477075510270306
0 6 1.5668782980153044
2 6 4.74493212836325
1 7 0.9382696385929302
3 7 3.1354942159291497
8 7 2.4423470353692043
9 7 2.730029107820985
10 7 1.4307461236907244
15 7 1.7491998548092589
16 7 3.1354942159291497
20 7 0.5705448584676129
21 7 -2.0794415416798357
3 8 2.9531726591351948
8 8 3.3586377672433594
9 8 3.64631983969514
10 8 1.6538896750049341
4 9 1.7004096906398272
10 9 2.6347189280166603
0 10 -0.2714011868476435
1 10 2.0957224272839734
4 10 2.6524185051160614
10 10 1.5585794952006093
17 10 1.2484245668967697
20 10 -0.21791250189665726
21 10 -2.867898902044106
4 11 0.8531118302526234
10 11 2.2729288834111574
17 11 2.7990219793079367
20 11 1.3326849105145098
21 11 -2.4159137783010487
10 12 2.3470368555648795
11 12 2.7990219793079367
18 13 2.4423470353692043
20 13 2.179982770901713
21 13 -0.4700036292457356
0 14 -1.8988576047844221
1 14 -0.22488117121275064
5 14 1.9723434061234688
10 14 0.9607424944449888
11 14 1.8181927262962105
13 14 1.9723434061234688
14 14 -0.1070981355563671
17 14 1.9723434061234688
18 14 1.9723434061234688
20 14 1.6046186259981512
21 14 -1.4508328822574619
10 15 0.2675953138850435
11 15 1.4127276181880462
12 15 3.3586377672433594
14 15 0.5860490450035782
18 15 1.0560526742493137
19 15 3.3586377672433594
21 15 -0.4700036292457356
20 16 2.179982770901713
21 16 0.22314355131420976
20 17 2.1799827709017134
21 17 0.22314355131420976
11 18 0.4964368863138909
13 18 2.4423470353692043
14 18 0.7683706017975328
18 18 0.8329091229351039
20 18 2.179982770901713
21 18 -0.2076393647782445
14 19 0.873731117455359
18 19 1.3437347467010947
20 19 1.0813704822336037
21 19 0.22314355131420976
10 20 -0.9110596824566025
11 20 0.9272198024063452
14 20 0.5060063373300417
18 20 -0.12260232209233239
20 20 -0.3849665865598235
21 20 0.39903421777787396
0 21 -4.352015556257842
1 21 -2.6780391226861706
2 21 0.21233263520999412
5 21 0.21233263520999412
6 21 0.6177977433181585
10 21 -2.1855626375883763
11 21 -0.22950011706904516
13 21 -0.48081454534995116
14 21 0.357514645054492
17 21 -1.5794268340180608
18 21 -0.14434230872873824
20 21 -1.254004433583433
21 21 0.4717661879294044
