0 0 1.2434796353975155
1 0 -1.549248066639034
3 0 -0.32329635559432285
4 0 -0.9592851223143194
8 0 0.65671019066594
11 0 0.25501156535325264
12 0 -2.1026333048238204
14 0 -1.3041256086060489
16 0 1.5862461492901156
18 0 0.26449030930779627
19 0 -1.3841683162795855
21 0 1.1807810411819513
22 0 -2.34557948343421
23 0 -4.137338952662265
0 1 0.7782527927470969
1 1 -0.249965082508773
3 1 1.5356024164713609
4 1 0.05231578936416055
8 1 1.1938531227493043
9 1 0.1774789323181667
11 1 0.7069966890963099
12 1 -1.9019626093616693
14 1 -0.004842624475788015
17 1 1.786916844752267
18 1 0.1774789323181667
0 2 0.27908910872894915
1 2 0.48763386062200625
3 2 1.4259034992149364
8 2 1.489619313601044
11 2 1.444595632227089
12 2 -0.06575137756278042
0 3 -0.10802686071101882
1 3 1.5356024164713609
2 3 1.3388921222253065
3 3 1.2211090865689231
6 3 2.725186483345197
8 3 1.1025033441610763
9 3 1.115748570911097
11 3 0.5466540390211304
17 3 2.725186483345197
18 3 1.115748570911097
22 3 -0.10802686071101882
0 4 0.28560378975014267
1 4 1.5927608303113097
3 4 0.9905854279570908
4 4 -0.05086844687107017
8 4 0.9365182066868151
9 4 1.5783720928592098
11 4 0.8269560041752887
18 4 0.47975980419110015
19 4 -0.47575164083633625
0 5 0.47975980419110015
1 5 1.3814517366441026
8 5 0.5916777203950855
9 5 2.2143608595792066
11 5 0.9521191471292947
12 5 0.13491931789937064
0 6 1.1729069847510454
2 6 3.536116699561526
0 7 -0.9065345569287905
2 7 3.248434627109745
3 7 1.3388921222253065
8 7 1.4026079366114144
10 7 3.536116699561526
11 7 0.6644370746775138
18 7 1.9266787871274256
22 7 0.7029033555053099
0 8 -1.6797244451622722
1 8 0.9267155795291555
3 8 1.6643145226599347
4 8 0.777011327659032
5 8 0.5657022339918248
6 8 1.6643145226599347
8 8 -0.18151216783839613
9 8 1.441170971345725
11 8 1.4316922273911812
12 8 0.17265964588221772
14 8 0.9711673420999893
17 8 1.6643145226599347
18 8 1.441170971345725
19 8 0.1979774538665076
20 8 0.0548766102258343
22 8 -0.47575164083633625
23 8 -2.960658290624336
1 9 0.870626112878112
4 9 1.1729069847510454
11 9 1.8275878844831948
12 9 0.3172408746933253
15 9 0.6739158186320575
18 9 1.7035352358132159
19 9 0.7480237907857796
22 9 1.1729069847510454
15 10 2.283353731066158
18 10 3.312973148247316
22 10 2.0891977166252005
0 11 -1.3119996650369548
1 11 0.6883045560841572
4 11 1.3960505360652553
5 11 0.9334270141171422
8 11 -0.10146946016485978
9 11 1.5212136790192614
11 11 0.2589719665693497
12 11 1.0512100497735257
14 11 0.2402798335571969
15 11 -0.6070180268300067
19 11 1.0765278577578155
22 11 0.2974382473971455
23 11 -2.592933510499019
0 12 -1.5996817374887358
1 12 0.40062248363237635
4 12 0.9652676199728011
7 12 -0.15276275455241028
8 12 -1.998589445050741
12 12 1.2823217707369123
13 12 -1.25137504322052
14 12 0.540384426007535
15 12 -0.01923136192788776
19 12 1.7596247024642595
20 12 -0.37590630586662
22 12 1.039375592126523
23 12 -2.292828918048681
1 13 0.6883045560841573
4 13 1.2137289792713006
8 13 -0.10146946016485978
12 13 1.7443572303334711
14 13 0.6457449416653613
19 13 0.9711673420999895
22 13 -0.39570893316279976
0 14 -1.3119996650369548
1 14 -0.004842624475788015
5 14 2.725186483345197
9 14 1.5212136790192612
11 14 0.25897196656934934
12 14 0.8280664984593159
13 14 1.7443572303334711
14 14 1.3388921222253065
20 14 2.2143608595792066
22 14 0.2974382473971455
23 14 -1.4943212218309094
0 15 -2.1592975254241584
1 15 0.24647180380511788
4 15 0.8364347481298325
5 15 1.1847414423980485
12 15 1.0793809267402221
13 15 2.1010321742722033
15 15 -0.35570359854910066
19 15 0.4115515541645665
20 15 1.7725281073001675
22 15 0.5487526756780516
23 15 -1.6484719016581677
7 16 3.536116699561526
21 16 4.922411060681417
23 16 0.2974382473971455
0 17 0.47975980419110015
2 17 3.536116699561526
6 17 4.922411060681417
1 18 0.1774789323181667
5 18 2.2143608595792066
13 18 0.8280664984593159
14 18 2.6198259676873707
15 18 1.367062999192003
20 18 2.396682416373161
22 18 1.5783720928592098
23 18 -0.6188524844770095
2 19 0.9711673420999893
5 19 1.2588494145517701
7 19 0.9711673420999893
9 19 0.7480237907857796
12 19 -1.3314177508940563
13 19 1.48199296586598
14 19 1.6643145226599347
15 19 1.5101638428326762
20 19 1.441170971345725
22 19 1.9221436319620344
23 19 -0.3216009610090777
12 20 -0.37590630586662
13 20 1.5212136790192612
14 20 1.5212136790192612
15 20 0.6739158186320575
22 20 1.8660541653109908
23 20 0.47975980419110015
7 21 3.536116699561526
10 21 4.922411060681417
23 21 0.2974382473971455
2 22 0.7029033555053099
4 22 -0.7440156274310155
7 22 1.3960505360652553
8 22 -1.1429233349930208
12 22 0.009756174945364656
13 22 1.5502012158925134
15 22 1.6473649643461614
20 22 1.1729069847510454
22 22 -0.05086844687107017
23 22 0.5087473410643526
0 23 -4.145213009093171
1 23 -2.838055968532004
2 23 0.2974382473971455
4 23 -2.5357750966590706
5 23 -0.10802686071101882
7 23 0.7029033555053099
8 23 -2.934682804221076
10 23 0.2974382473971455
12 23 -2.2928289180486807
13 23 -0.24155825333554146
15 23 0.4309696400216683
18 23 -1.3119996650369548
20 23 -0.6188524844770095
22 23 -2.5357750966590706
23 23 1.2292934958124124
