0 0 0.2789520322655766
3 0 -3.4212970533686584
5 0 0.07796154146971171
7 0 -0.599918166959445
8 0 -2.936904686670823
0 1 0.07796154146971192
5 1 1.6964492894237302
7 1 0.9808292530117263
8 1 -0.5452270504833231
6 2 3.784189633918261
7 2 2.6855773452501515
8 2 1.159521041755102
0 3 -0.5309252954724936
1 3 2.754570216737103
2 3 2.7545702167371027
5 3 1.0498221244986776
6 3 2.531426665422893
7 3 1.4328143767547836
8 3 -0.7863891073002113
6 4 3.784189633918261
7 4 2.6855773452501515
8 4 1.159521041755102
1 5 0.5978370007556205
3 5 0.3566749439387324
7 5 2.6855773452501515
8 5 1.7573580425107227
2 6 3.784189633918261
6 6 2.174751721484161
7 6 2.6855773452501515
8 6 1.6295246710008375
0 7 -3.4902899248556096
1 7 0.287682072451781
3 7 0.04652001563489291
8 7 2.1891404589362606
0 8 -3.070436079295346
1 8 1.6519975268528961
2 8 1.159521041755102
3 8 2.0169712736063237
5 8 -0.5452270504833231
6 8 0.9363774904408924
7 8 -1.548529159347108
8 8 1.5205343872924326
12 8 2.258133330423212
14 8 1.8526682223150472
15 8 -0.030063025118734217
0 9 -2.5739991929814545
1 9 1.203972804325936
3 9 1.6559579280689933
6 9 1.992430164690206
7 9 0.8938178760220964
8 9 1.8526682223150472
8 10 1.8526682223150472
9 10 3.6018680771243066
1 11 1.0498221244986776
3 11 1.5018072482417348
4 11 3.447717397297048
6 11 2.531426665422893
7 11 0.7396671961948382
8 11 1.0053703619278438
9 11 3.447717397297048
10 11 3.447717397297048
13 11 3.447717397297048
14 12 3.447717397297048
15 12 2.9512805109831572
8 13 1.159521041755102
9 13 3.6018680771243066
10 13 5.393627546352362
15 14 3.3567456190913214
3 15 0.3122231813678986
4 15 2.9512805109831572
6 15 0.6486954179891115
8 15 -0.8773608855059379
9 15 2.768958954189203
10 15 2.258133330423212
11 15 3.3567456190913214
13 15 2.9512805109831572
15 15 2.4184759804983913
