0 0 0.04929404196682609
4 0 0.056706974355951525
5 0 -0.3487581337522129
6 0 -2.833664783540213
0 1 0.056706974355951525
0 2 -0.3487581337522129
1 2 4.5594752267259615
0 3 -0.3487581337522129
1 3 4.5594752267259615
5 4 4.5594752267259615
6 4 3.460862938057852
6 5 3.8663280461660166
0 6 -3.0568083348544226
1 6 2.9500373142918614
2 6 3.173180865606071
6 6 3.1507080097540126
8 6 3.460862938057852
10 6 3.8663280461660166
11 6 2.767715757497907
12 6 3.2377193867436427
13 6 2.0745685769379616
1 7 3.866328046166016
2 7 4.782618778040171
6 7 3.173180865606071
11 8 6.168913139160062
12 8 4.5594752267259615
13 8 4.089471597480226
0 9 -2.6513432267462584
1 9 2.9500373142918614
2 9 3.866328046166016
3 9 4.5594752267259615
6 9 2.9500373142918614
7 9 4.5594752267259615
8 10 4.5594752267259615
9 10 2.9500373142918614
11 10 4.5594752267259615
12 10 4.5594752267259615
13 10 4.425943834101439
9 11 4.5594752267259615
12 11 4.5594752267259615
13 11 4.089471597480226
7 12 3.866328046166016
9 12 4.5594752267259615
13 12 4.5594752267259615
1 13 2.4800336850461258
3 13 4.782618778040171
6 13 2.0745685769379616
7 13 4.49493670558839
9 13 4.5594752267259615
13 13 3.1086423444685
