0 0 0.36620582671802515
5 0 0.44991687067899816
7 0 -0.1096989172564245
8 0 -2.788761581485382
12 0 0.044451762570833796
13 0 0.044451762570833796
15 0 0.044451762570833796
16 0 -1.7473077066572213
17 0 -3.5390671758852763
0 1 0.3629054936893683
12 1 3.3586377672433594
0 2 0.44991687067899816
0 3 -0.178691788743376
1 3 3.1354942159291497
6 3 3.1354942159291497
7 3 1.1895840668738362
8 3 -0.796331416795176
0 4 0.044451762570833796
2 4 3.1354942159291497
7 5 2.511339906856156
8 5 1.2185716037470886
13 5 2.665490586683414
16 5 1.5668782980153044
17 5 0.4682660093471947
7 6 2.7990219793079367
8 6 1.5062536761988696
8 7 1.911718784307034
0 8 -3.1942266895935467
1 8 1.5062536761988696
3 8 1.911718784307034
6 8 1.5062536761988696
7 8 -1.132803653416389
8 8 1.4138803560678546
9 8 -0.2855057930291854
10 8 1.5062536761988696
14 8 1.911718784307034
16 8 1.1007885680907052
17 8 -0.6909709011373498
8 9 1.9117187843070338
8 10 1.5062536761988696
9 10 3.64631983969514
8 11 1.5062536761988696
9 11 3.64631983969514
15 12 4.74493212836325
17 12 2.5477075510270306
16 13 2.9531726591351948
17 13 2.5477075510270306
8 14 -0.796331416795176
9 14 2.03688192726104
10 14 3.1354942159291497
11 14 2.4423470353692043
16 14 2.730029107820985
17 14 2.191032607088298
17 15 2.9531726591351948
4 16 1.3437347467010947
9 16 1.8545603704670852
11 16 2.26002547857525
17 16 2.7708511023412403
0 17 -1.9296292634511758
2 17 2.5477075510270306
4 17 2.8841797876482436
8 17 -1.384118081697295
9 17 1.8545603704670852
11 17 2.5477075510270306
17 17 1.7367773348107018
