0 0 0.18892809859666523
3 0 -2.674775412217338
5 0 0.21559634567882682
6 0 -0.1898687624293376
7 0 -2.8524565894547904
0 1 0.21559634567882682
0 2 0.21559634567882682
0 3 -0.1898687624293376
1 3 3.6018680771243066
0 4 -0.1898687624293376
2 4 5.393627546352362
1 5 1.6559579280689933
3 5 1.6559579280689933
6 5 3.447717397297048
7 5 2.171423931391486
0 6 -2.8289260920445964
1 6 1.6559579280689933
3 6 1.6559579280689933
7 6 2.57688903949965
0 7 -3.034778146248745
1 7 2.14325305442479
3 7 2.405617318892281
7 7 1.9983617000103282
10 7 2.6309562607699264
12 7 2.0001522107841163
13 7 0.35946175484591164
3 8 2.5032557884561966
7 8 2.4797252910460026
10 8 1.6559579280689933
12 8 1.404643499788087
7 9 1.9508811617773336
8 9 3.3141860046725258
9 9 1.2347444629926896
10 9 1.3682758556172123
11 9 3.3141860046725258
12 9 1.8101086078962514
13 9 0.09531017980432493
12 10 3.196402969016142
13 10 2.8678989020441064
8 11 2.908720896564361
9 11 2.6210388241125804
12 11 3.196402969016142
13 11 2.174751721484161
4 12 3.196402969016142
7 12 -0.5647971466774203
8 12 1.404643499788087
9 12 1.1169614273363062
13 12 3.113021360077091
0 13 -4.1018917678574836
2 13 2.8678989020441064
4 13 2.8678989020441064
7 13 0.02298951822469878
8 13 2.6855773452501515
9 13 3.139832617527748
11 13 2.8678989020441064
12 13 0.6706743247078867
13 13 2.2880804067911638
