0 0 3.536116699561526
25 0 4.229263880121471
26 0 4.922411060681417
29 1 4.922411060681417
30 1 4.922411060681417
31 1 4.922411060681417
0 2 4.922411060681417
26 2 4.229263880121471
4 3 4.922411060681417
5 3 4.922411060681417
1 4 4.922411060681417
6 4 4.922411060681417
31 4 4.922411060681417
1 5 4.229263880121471
4 5 4.922411060681417
5 5 3.536116699561526
6 5 4.922411060681417
1 6 4.922411060681417
30 6 4.922411060681417
31 6 4.922411060681417
7 7 2.8429695190015805
34 7 4.229263880121471
35 7 3.536116699561526
37 7 4.229263880121471
83 7 2.1498223384416355
91 7 1.415853163361435
7 8 3.199644462940313
8 8 3.7386409636730003
37 8 2.976500911626103
9 9 3.536116699561526
11 9 4.452407431435681
3 10 4.922411060681417
5 10 4.922411060681417
3 11 4.229263880121471
5 11 2.8429695190015805
10 11 4.634728988229636
11 11 3.9415818076696905
13 12 4.922411060681417
93 12 1.5551152306949427
107 12 4.922411060681417
93 13 2.248262411254888
107 13 4.922411060681417
12 14 4.922411060681417
13 14 4.922411060681417
107 14 4.922411060681417
16 15 4.922411060681417
45 15 4.922411060681417
46 15 4.922411060681417
45 16 4.922411060681417
46 16 4.922411060681417
47 16 4.922411060681417
18 17 4.229263880121471
21 17 4.922411060681417
53 17 3.823798772013307
21 18 4.229263880121471
42 18 4.229263880121471
48 18 3.1306515914533617
53 18 3.1306515914533617
70 18 2.8429695190015805
86 18 2.8429695190015805
15 19 4.922411060681417
16 19 4.922411060681417
19 19 3.536116699561526
45 19 4.229263880121471
15 20 4.922411060681417
19 20 4.922411060681417
53 21 3.823798772013307
70 21 4.229263880121471
18 22 4.229263880121471
42 22 4.922411060681417
48 22 3.823798772013307
19 23 4.922411060681417
20 23 4.922411060681417
23 24 4.922411060681417
68 24 4.922411060681417
24 25 4.922411060681417
68 25 4.922411060681417
24 26 4.922411060681417
25 26 4.922411060681417
26 26 3.536116699561526
68 26 3.536116699561526
40 27 4.922411060681417
41 27 4.922411060681417
55 27 4.229263880121471
27 28 4.922411060681417
40 28 4.922411060681417
41 28 4.922411060681417
27 29 4.922411060681417
28 29 4.922411060681417
40 29 4.922411060681417
27 30 4.922411060681417
28 30 4.922411060681417
29 30 4.922411060681417
28 31 4.922411060681417
29 31 4.922411060681417
30 31 4.922411060681417
7 32 4.229263880121471
36 32 4.922411060681417
58 33 4.922411060681417
59 33 4.922411060681417
78 33 3.823798772013307
33 34 4.922411060681417
35 34 4.922411060681417
59 34 4.922411060681417
33 35 4.922411060681417
58 35 4.922411060681417
59 35 4.922411060681417
7 36 4.229263880121471
83 36 2.8429695190015805
33 37 4.922411060681417
34 37 4.922411060681417
35 37 4.922411060681417
12 38 4.922411060681417
13 38 4.922411060681417
14 38 4.922411060681417
12 39 4.922411060681417
14 39 4.922411060681417
38 39 4.922411060681417
41 40 4.922411060681417
55 40 4.922411060681417
55 41 4.922411060681417
56 41 4.922411060681417
79 42 1.2588494145517704
80 42 1.2588494145517704
86 42 3.536116699561526
17 43 3.536116699561526
43 43 3.9415818076696905
48 43 4.046942323327516
88 44 4.922411060681417
89 44 4.922411060681417
90 44 4.922411060681417
46 45 4.922411060681417
47 45 4.922411060681417
83 45 2.8429695190015805
47 46 4.922411060681417
83 46 2.8429695190015805
91 46 1.7035352358132159
83 47 2.8429695190015805
91 47 1.7035352358132159
92 47 1.4259034992149364
17 48 4.516945952573252
18 48 3.823798772013307
21 48 3.823798772013307
42 48 3.823798772013307
48 48 2.725186483345197
80 48 0.16023712588366068
86 48 2.4375044108934163
50 49 4.922411060681417
51 49 4.922411060681417
2 50 4.922411060681417
51 50 4.922411060681417
0 51 4.634728988229636
2 51 4.922411060681417
51 51 3.536116699561526
18 52 4.229263880121471
22 52 4.922411060681417
48 52 3.823798772013307
18 53 3.1306515914533617
22 53 4.516945952573252
52 53 4.516945952573252
53 53 2.725186483345197
70 53 3.536116699561526
75 54 4.922411060681417
76 54 4.922411060681417
77 54 4.922411060681417
54 55 4.922411060681417
55 55 3.536116699561526
56 55 4.922411060681417
76 55 4.229263880121471
54 56 4.922411060681417
76 56 4.922411060681417
77 56 4.922411060681417
7 57 3.536116699561526
32 57 4.922411060681417
36 57 4.922411060681417
74 58 4.922411060681417
78 58 3.823798772013307
103 58 4.229263880121471
58 59 4.922411060681417
74 59 4.922411060681417
78 59 3.823798772013307
61 60 4.922411060681417
64 60 4.922411060681417
66 60 3.1306515914533617
64 61 4.922411060681417
66 61 3.823798772013307
44 62 4.922411060681417
89 62 4.922411060681417
90 62 4.922411060681417
44 63 4.922411060681417
62 63 4.922411060681417
63 63 3.536116699561526
90 63 4.229263880121471
66 64 4.229263880121471
62 65 4.922411060681417
63 65 4.922411060681417
63 66 3.536116699561526
65 66 4.229263880121471
66 66 3.823798772013307
49 67 4.922411060681417
50 67 4.922411060681417
51 67 4.229263880121471
19 68 3.536116699561526
20 68 4.922411060681417
23 68 4.922411060681417
68 68 3.536116699561526
52 69 4.922411060681417
53 69 4.516945952573252
53 70 3.536116699561526
69 70 4.634728988229636
70 70 3.9415818076696905
14 71 4.922411060681417
38 71 4.922411060681417
39 71 4.922411060681417
38 72 4.922411060681417
39 72 4.922411060681417
71 72 4.922411060681417
57 73 4.922411060681417
78 73 4.516945952573252
102 74 3.536116699561526
103 74 4.922411060681417
104 75 4.922411060681417
105 75 4.922411060681417
108 75 3.536116699561526
75 76 4.922411060681417
77 76 4.922411060681417
104 76 4.922411060681417
75 77 4.922411060681417
104 77 4.922411060681417
105 77 4.922411060681417
32 78 4.516945952573252
36 78 3.823798772013307
57 78 4.516945952573252
74 78 3.823798772013307
78 78 2.725186483345197
103 78 3.823798772013307
79 79 2.35746170321988
79 80 -1.3060999429097664
80 80 2.2774189955463435
86 80 1.6643145226599347
80 81 2.35746170321988
82 82 3.823798772013307
96 82 4.516945952573252
83 83 3.06611307031579
85 83 2.5552874465497997
91 83 1.415853163361435
92 83 0.03960913809504588
8 84 3.158822468420058
84 84 3.900759813149435
82 85 3.536116699561526
85 85 3.6538997352179097
43 86 2.1498223384416355
79 86 0.5657022339918251
80 86 -0.12744494656812025
86 86 3.248434627109745
87 86 4.452407431435681
43 87 4.452407431435681
87 87 3.536116699561526
80 88 1.9519965951117157
81 88 4.922411060681417
80 89 1.2588494145517704
81 89 4.922411060681417
88 89 4.922411060681417
81 90 4.922411060681417
88 90 4.922411060681417
89 90 4.922411060681417
83 91 1.7035352358132159
91 91 2.643542494304687
92 91 -0.6943600369851545
84 92 1.6082250560088913
92 92 2.461995430901712
93 93 2.5822685553809075
99 93 1.5551152306949427
9 94 4.922411060681417
11 94 3.536116699561526
9 95 1.3766324502081537
94 95 2.069779630768099
95 95 2.069779630768099
96 96 3.823798772013307
97 96 4.229263880121471
60 97 4.229263880121471
61 97 3.536116699561526
97 97 3.9415818076696905
98 97 4.634728988229636
60 98 4.922411060681417
61 98 4.922411060681417
64 98 4.922411060681417
99 99 3.823798772013307
100 99 3.536116699561526
49 100 4.229263880121471
50 100 3.536116699561526
67 100 4.634728988229636
100 100 3.9415818076696905
39 101 3.823798772013307
71 101 4.516945952573252
72 101 4.922411060681417
101 101 3.823798772013307
73 102 4.634728988229636
78 102 3.536116699561526
102 102 3.9415818076696905
102 103 4.452407431435681
103 103 3.536116699561526
105 104 4.922411060681417
108 104 4.229263880121471
108 105 4.634728988229636
101 106 4.740089503887462
106 106 3.536116699561526
93 107 2.6537275193630525
108 108 3.9415818076696905
109 108 4.634728988229636
110 108 4.229263880121471
112 108 3.536116699561526
110 109 4.922411060681417
111 109 4.922411060681417
112 109 4.922411060681417
111 110 4.922411060681417
112 110 4.922411060681417
113 110 4.922411060681417
113 111 4.922411060681417
114 111 4.922411060681417
115 111 4.922411060681417
111 112 4.922411060681417
113 112 4.922411060681417
114 112 4.922411060681417
114 113 4.922411060681417
115 113 4.922411060681417
116 113 4.922411060681417
106 114 4.229263880121471
115 114 4.922411060681417
116 114 4.922411060681417
106 115 4.922411060681417
116 115 4.922411060681417
101 116 3.823798772013307
106 116 4.922411060681417
