0 0 1.305307369567209
1 0 -2.188490897367465
3 0 0.3504829736908112
4 0 -1.9521021193032342
7 0 1.2127064842946904
8 0 -0.2855057930291854
10 0 0.4160802561766246
11 0 -2.0008922834726666
15 0 -1.1899620672563378
0 1 1.2408773612613868
1 1 -0.0453335413015213
3 1 0.9250244118429095
4 1 -0.9075570519054005
7 1 1.1586392630244147
10 1 0.20786235507909037
11 1 -1.649494396634778
0 2 0.7195804376281008
7 2 1.8004931491968095
10 2 1.7660069731256405
0 3 0.10054122922187726
1 3 1.3149853334151087
3 3 0.7936884097818225
7 3 0.6218381528551634
8 3 1.5439940041817164
10 3 0.9928170848921586
11 3 -0.3537140430557191
0 4 0.7195804376281008
1 4 1.49033822089297
3 4 0.6505875661411494
4 4 -0.6711682738411702
7 4 0.19105523676270922
8 4 1.4008931605410433
10 4 0.4442511331433209
11 4 -2.1062527991304925
15 4 -1.0076405104623831
0 5 -0.37903185104000886
1 5 1.8004931491968095
3 5 1.16141318990714
7 5 1.3950280410886453
8 5 1.2185716037470886
10 5 0.6673946844575306
0 6 0.02643325706815543
2 6 4.051784947803305
7 6 1.1073459686368643
9 6 4.051784947803305
10 6 1.072859792565695
11 6 -0.09134977858822796
0 7 -1.12624625287023
1 7 0.2423485311502598
3 7 1.3950280410886453
4 7 0.19105523676270922
7 7 -1.1439458299696308
8 7 1.1645043824768129
10 7 1.5296181950614098
11 7 0.05525369560364746
13 7 -0.5020919437972361
15 7 -0.14541699985850381
17 7 -0.39673142813940976
0 8 -1.7653262121598994
1 8 0.41419878807691896
3 8 1.3845567412213498
4 8 0.6505875661411493
7 8 0.008733679968754631
8 8 0.5254244231871432
10 8 1.3605418650174759
11 8 0.4194758451777626
15 8 -0.7844969591481733
17 8 -0.6303462793209151
10 9 1.7660069731256405
11 9 0.6017974019717174
15 9 1.7004096906398272
1 10 -0.09662683568907177
3 10 -0.04255961441879601
4 10 1.2383742310432684
8 10 0.4200639075293169
10 10 -1.2297253004283506
11 10 0.8641616664392084
13 10 -0.5533852381847867
14 10 -0.4480247225269604
15 10 0.6505875661411493
16 10 -0.4480247225269604
17 10 0.2451224580329849
18 10 -1.6847873496758872
0 11 -1.3441127470835958
1 11 0.2964157524205356
4 11 0.8894794744234984
5 11 -0.49681488669639245
7 11 -2.342641577194723
8 11 -0.7273385453082248
10 11 -1.6839805727059471
11 11 0.6483174176066102
12 11 -1.0721790315999542
13 11 0.09097177820572679
14 11 -0.679136443490347
15 11 1.023010867048021
17 11 0.7559480817989755
18 11 -0.8862796534581155
1 12 -0.2789483924830264
4 12 0.3629054936893683
7 12 -0.9720955730429717
8 12 -0.4554048298245829
11 12 1.0873052177534182
13 12 0.3629054936893683
14 12 -0.9180283517726959
15 12 1.1250455457362651
17 12 0.18058393689541372
1 13 -0.5020919437972361
4 13 -0.2657031657330056
5 13 1.3437347467010947
7 13 -0.5020919437972361
11 13 0.37865385065750756
12 13 1.7491998548092589
13 13 1.2383742310432684
15 13 0.09097177820572659
16 13 1.6314168191528755
17 13 -0.4480247225269604
0 14 -2.170791320268064
1 14 -0.39673142813940976
2 14 1.8545603704670852
3 14 -0.6303462793209151
4 14 -0.16034265007517937
5 14 1.4490952623589208
6 14 1.8545603704670852
8 14 -0.5731878654809663
9 14 1.8545603704670852
11 14 0.3504829736908112
12 14 1.4798669210256745
13 14 0.2451224580329849
14 14 -1.0358113874290795
15 14 -0.09134977858822796
16 14 1.603245942186179
17 14 -0.3426642068691341
18 14 -1.5794268340180608
1 15 -1.2440292885266135
5 15 1.7004096906398272
11 15 -1.3441127470835958
12 15 0.7195804376281008
13 15 1.1895840668738364
14 15 1.1126230257377079
16 15 0.8894794744234982
17 15 1.5826266549834436
18 15 0.9054798157699394
0 16 -1.4776441397081186
2 16 2.5477075510270306
6 16 2.5477075510270306
9 16 2.5477075510270306
10 16 -0.43121760421057925
11 16 -0.9022799948045569
12 16 1.16141318990714
13 16 2.191032607088298
14 16 0.3504829736908112
15 16 -0.49681488669639245
16 16 1.0436301542507564
17 16 0.3504829736908112
18 16 -0.8862796534581155
1 17 -1.089878608699355
4 17 -0.8534898306351247
5 17 1.4490952623589208
6 17 1.16141318990714
8 17 -0.5731878654809663
11 17 -1.1899620672563378
12 17 0.6914095606614044
14 17 1.4490952623589208
16 17 1.2667737055649662
17 17 -0.3426642068691341
18 17 1.4650956037053622
6 18 0.6177977433181585
11 18 -1.0404303332853737
12 18 0.9362514744366932
13 18 -0.29849298855599654
14 18 1.4650956037053622
16 18 0.500014707661775
18 18 1.7481587303008483
