0 0 1.3596730552321565
1 0 -1.0351252810556808
2 0 0.6434700983722854
7 0 1.197065398526125
8 0 -1.302440050683028
10 0 0.34824082028512143
11 0 -1.2646997227001808
12 0 -1.8132656744490185
13 0 0.8947845266531914
16 0 1.4056101504191822
18 0 -2.1009477469007996
20 0 1.5879317072131367
22 0 -2.9118779631171283
0 1 1.2425765970143465
2 1 0.6017974019717174
3 1 -0.9621781363856257
7 1 1.3521029963716111
8 1 0.19633229386355286
10 1 0.7018808605286999
11 1 -1.1522217392734906
12 1 -1.0076405104623831
13 1 1.0072625100798818
16 1 1.2949445825316626
0 2 0.73532879459624
1 2 1.3109449238781037
2 2 0.3504829736908112
7 2 0.8131064956389242
8 2 1.4490952623589208
10 2 0.7018808605286999
11 2 -0.3049238788862869
0 3 0.5429569019487839
1 3 1.4932664806720584
2 3 0.532804530484766
7 3 0.995428052432879
8 3 1.2259517110447113
10 3 1.0383530971499129
11 3 -0.8157495026522775
0 4 0.5166395936314103
1 4 1.1567942440508454
3 4 0.1364341522824839
5 4 2.7990219793079367
7 4 -0.034191364748279426
8 4 1.2949445825316626
9 4 2.1058747987479913
10 4 0.5477301807014415
11 4 -1.1522217392734908
13 4 2.1058747987479913
16 4 1.7004096906398272
17 4 2.7990219793079367
1 5 1.7164100319862683
2 5 2.5477075510270306
9 5 4.051784947803305
1 6 1.7164100319862683
2 6 2.5477075510270306
9 6 4.051784947803305
0 7 -0.881489225135483
1 7 0.26949104904994275
2 7 1.5062536761988696
3 7 -0.7508690427184188
8 7 0.8131064956389242
10 7 1.606337134755852
11 7 0.5995323953408652
14 7 -0.39086630868701183
18 7 0.5254244231871432
0 8 -1.3441127470835958
1 8 0.21233263520999412
2 8 0.3504829736908112
3 8 1.2714140851214686
10 8 1.682710113540426
11 8 0.8990489254396488
18 8 -0.4480247225269604
0 9 0.159964649692678
1 9 1.7164100319862683
2 9 2.5477075510270306
7 9 1.2185716037470886
0 10 -2.091327148913817
1 10 0.3814089652539281
3 10 0.9296647913994118
7 10 -1.0327201948594065
11 10 1.1814539407905862
14 10 1.1073459686368643
18 10 1.001985452979038
19 10 -0.39673142813940976
21 10 -1.1439458299696308
0 11 -1.7308857221796077
1 11 -0.1744403398860177
2 11 -1.4225843625250911
3 11 0.6770017452472121
4 11 -1.171269934244185
7 11 -0.9599608405769782
8 11 -0.03629000140520049
10 11 -2.169798764355312
11 11 0.7936884097818228
12 11 -1.9334099862910816
14 11 0.5514966634969185
15 11 -1.4766515837953669
18 11 1.244643844056864
19 11 -0.03629000140520049
21 11 0.6634145797009039
22 11 -1.086112125903878
0 12 -1.8549383708495866
1 12 0.39465419200394874
3 12 1.3202042492909007
6 12 2.03688192726104
7 12 -0.796331416795176
8 12 0.532804530484766
10 12 -0.2144098713454552
11 12 0.858226930919394
15 12 -0.9075570519054005
18 12 0.42744401482693967
21 12 0.4787373092144901
22 12 -1.0766333819493343
1 13 1.023262851426323
3 13 1.389197120777852
11 13 0.7936884097818225
12 13 2.03688192726104
3 14 -0.22024079165624838
4 14 1.5950491749820006
8 14 0.9382696385929302
10 14 0.19105523676270922
11 14 -0.4102843945441133
12 14 0.42744401482693967
14 14 0.8329091229351039
15 14 -0.5020919437972361
19 14 2.191032607088298
21 14 0.8842024173226545
22 14 -0.2657031657330056
0 15 -0.9927148602457074
1 15 0.3814089652539281
3 15 0.5241996832912473
4 15 1.4640209125755967
5 15 1.8004931491968095
8 15 0.2964157524205356
11 15 -0.20484042032930452
12 15 1.5773495978825998
14 15 -0.5020919437972361
15 15 -1.1439458299696308
16 15 0.7018808605286999
17 15 1.8004931491968095
18 15 0.19105523676270922
19 15 0.7018808605286999
21 15 0.6478136392584241
22 15 -2.00616934057351
3 16 0.9837320126696876
11 16 -0.3049238788862871
12 16 1.6314168191528755
13 16 3.64631983969514
20 16 3.64631983969514
22 16 0.532804530484766
2 17 2.5477075510270306
5 17 4.74493212836325
9 17 4.051784947803305
4 18 0.4964368863138909
6 18 1.7491998548092589
8 18 -0.4480247225269604
9 18 1.0560526742493137
11 18 -2.202043863772168
12 18 0.13976194237515863
14 18 1.6438393391514328
15 18 0.19105523676270922
19 18 1.16141318990714
21 18 1.5773495978825998
22 18 0.7757507090951553
4 19 1.2949445825316626
8 19 0.3504829736908112
11 19 -1.4035361675543967
12 19 0.532804530484766
14 19 1.3437347467010947
15 19 1.2127064842946904
19 19 0.3504829736908112
21 19 1.5491787209159034
22 19 0.3504829736908112
15 20 1.8004931491968095
22 20 1.6314168191528755
1 21 -0.5348817666202271
2 21 -0.39673142813940976
4 21 0.9531952888096059
6 21 1.8004931491968095
9 21 1.1073459686368643
11 21 -1.052138280716508
12 21 0.7018808605286999
15 21 1.1586392630244147
19 21 -0.39673142813940976
22 21 1.3950280410886453
1 22 -1.3971052772241062
3 22 -0.6257058997644126
4 22 0.6017974019717174
11 22 -3.012974079988497
12 22 0.8692767671059789
14 22 -1.3643154544011153
15 22 1.4595665622262164
17 22 0.9382696385929302
18 22 -0.6711682738411702
19 22 0.3504829736908112
21 22 -1.313022160013565
22 22 1.3059944187182477
