0 0 0.47369503247769523
6 0 0.5705448584676129
9 0 -0.08623467792145759
10 0 -2.8951910443321136
13 0 0.5705448584676129
14 0 0.1650797503594486
15 0 -2.607508971880333
16 0 0.1650797503594486
17 0 -2.47397757925581
18 0 -3.5725898679239196
0 1 0.5705448584676129
0 2 0.5705448584676129
0 3 -0.058063800954761206
1 3 3.1354942159291497
7 3 3.1354942159291497
9 3 0.9382696385929302
10 3 -1.0233888674305223
0 4 0.1650797503594486
2 4 3.1354942159291497
0 5 -0.12260232209233239
2 5 2.847812143477369
8 5 3.3586377672433594
9 5 1.16141318990714
10 5 -0.8002453161163124
9 6 2.414176158402508
10 6 0.9915141531117426
14 6 2.665490586683414
15 6 0.5860490450035782
17 6 1.4127276181880462
18 6 -0.37903185104000886
9 7 2.5477075510270306
10 7 1.2791962255635234
9 8 2.5477075510270306
10 8 1.2791962255635234
10 9 1.5668782980153044
15 9 0.4682660093471947
17 9 0.6017974019717174
18 9 -0.49681488669639245
0 10 -3.3006561524402778
1 10 1.2791962255635234
2 10 -0.33024168687057703
3 10 1.6846613336716878
4 10 1.2791962255635234
7 10 1.2791962255635234
9 10 -1.6111755323326413
10 10 1.2146577044259521
15 10 1.551129941047165
17 10 0.9427239889423106
18 10 -0.8490354802857445
10 11 1.6846613336716878
10 12 1.2791962255635234
11 12 3.3586377672433594
12 13 3.3586377672433594
16 13 4.74493212836325
18 13 1.7004096906398272
17 14 2.7990219793079367
18 14 2.3935568711997726
0 15 -1.9143617913203874
2 15 1.7491998548092589
4 15 2.665490586683414
17 15 2.511339906856156
18 15 2.1058747987479913
11 16 3.3586377672433594
12 16 3.3586377672433594
18 16 1.7004096906398272
5 17 1.4127276181880462
18 17 2.7502318151385046
0 18 -2.47397757925581
2 18 1.8827312474337816
5 18 2.712010602318307
8 18 2.3935568711997726
9 18 -0.49681488669639245
10 18 -1.0721790315999542
11 18 2.2600254785752494
12 18 2.616700422513982
18 18 1.6003262320828442
