0 0 0.009111287897691092
3 0 0.010522720736098915
4 0 -0.39494238737206555
5 0 -3.167531109611847
0 1 0.010522720736098915
0 2 -0.39494238737206555
1 2 6.168913139160062
4 3 6.168913139160062
5 3 4.782618778040171
5 4 5.188083886148336
5 5 4.900401813696555
6 5 5.188083886148336
7 5 4.782618778040171
8 5 4.089471597480226
2 6 6.168913139160062
7 6 6.168913139160062
8 6 6.168913139160062
1 7 6.168913139160062
2 7 6.168913139160062
8 7 6.168913139160062
0 8 -1.0880895679320108
1 8 6.168913139160062
2 8 6.168913139160062
