0 0 1.5399401179371788
1 0 -1.2326486043026024
3 0 0.6644713805832789
4 0 -2.46131402121891
8 0 1.2034678813159658
11 0 0.23368846449082462
12 0 -2.317274650995972
13 0 -1.3778306141471004
14 0 0.8467929373772335
15 0 -1.9257957848625478
16 0 -1.8940470865479673
17 0 1.452928740947549
19 0 0.28717714944181083
22 0 1.252258045485398
23 0 -1.9565674435293012
0 1 1.2888116842629653
1 1 -0.9624801143435298
3 1 1.1169614273363062
8 1 1.5689465510793634
11 1 0.8292793548845252
12 1 -1.641641052928735
14 1 1.1169614273363062
17 1 1.8101086078962514
19 1 0.9628107475090479
20 1 -0.6176396280518002
22 1 1.5224265354444706
0 2 1.139434283188365
4 2 0.7862376036259573
8 2 1.742969305058623
11 2 0.9162907318741551
19 2 2.1484344131667874
23 2 0.5978370007556205
0 3 0.9834300347117835
1 3 2.0332521592104613
8 3 0.5573456394008836
9 3 0.9869082990881085
11 3 0.42381424677636087
17 3 2.5032557884561966
20 3 0.0755075525081451
0 4 0.49280711826331236
1 4 1.7737409637253767
3 4 0.9628107475090479
4 4 -0.5535367418590404
8 4 1.0963421401335705
9 4 1.749048351135005
11 4 1.2812644786275824
12 4 -1.5081096603042126
13 4 -1.549494876467067
14 4 0.2696635669491026
17 4 0.2696635669491026
18 4 1.3682758556172123
19 4 0.8086600676817896
20 4 -1.4649374884390038
23 4 -0.7419373447293772
0 5 -0.26933293378358447
1 5 1.1169614273363062
3 5 1.8101086078962514
8 5 0.5573456394008836
9 5 2.373202660207999
11 5 1.5224265354444706
12 5 -0.6608117999170089
14 5 1.8101086078962514
18 5 2.908720896564361
21 5 1.2992829841302609
0 6 0.8292793548845252
2 6 3.3141860046725258
10 6 4.007333185232471
19 6 2.7545702167371027
23 6 1.2039728043259361
0 7 0.1361321743245799
2 7 3.71965111278069
8 7 1.6559579280689933
10 7 3.3141860046725258
11 7 1.5224265354444706
12 7 -0.9484938723687899
19 7 2.0614230361771577
0 8 -0.828948721719007
1 8 0.5573456394008836
3 8 1.9436400005207741
4 8 -0.26585466940725955
9 8 0.4272925111526858
11 8 1.7360006357425295
12 8 0.16586677326745908
13 8 -1.261812804015286
15 8 -0.4234836136108427
16 8 -1.0848820958562078
19 8 1.7894893206935159
20 8 0.20903894513266763
23 8 0.4620354595965588
24 8 -1.602138609952489
0 9 -1.8097779747307332
1 9 0.2696635669491026
3 9 1.6559579280689933
4 9 0.1396104387009049
7 9 1.3682758556172123
9 9 0.8327576192608502
11 9 1.9744116591875276
12 9 0.19663843193421263
15 9 -0.018018505502678365
16 9 -0.6794169877480433
19 9 1.5018072482417348
20 9 0.32682198078905106
23 9 0.3566749439387324
11 10 1.5224265354444706
12 10 0.4378004887511008
16 10 1.26649316130727
19 10 2.7545702167371027
23 10 1.2039728043259361
0 11 -2.3487744754634203
1 11 -0.9624801143435298
4 11 0.29376111852816317
9 11 0.6992262266363275
11 11 -0.26933293378358447
12 11 0.9486261125170915
13 11 -1.3953441966398086
15 11 -0.5570150062353654
16 11 -0.5252663079207851
19 11 0.2696635669491026
20 11 0.8864377687244737
23 11 0.5108256237659906
24 11 -2.4288171831369567
0 12 -1.9363406980391626
1 12 0.43078291609245434
2 12 -0.9555114450274363
4 12 0.9513173539854061
5 12 -1.3609765531356008
6 12 0.43078291609245434
7 12 -0.9555114450274363
8 12 -1.0043016091968684
9 12 -0.10473532026390796
11 12 -1.137833001821391
12 12 0.7632228891857287
13 12 -1.7938406354318797
14 12 -1.3609765531356008
15 12 0.29725152346793154
16 12 -2.3100571078327468
18 12 0.43078291609245434
20 12 1.0152962556496041
21 12 -0.7731898882334817
23 12 0.3015711846124482
24 12 -1.6486586255873816
0 13 -2.088491377199754
1 13 0.39641527258824644
3 13 -0.009049835519917927
4 13 0.8724979479103643
9 13 0.26636214434004873
12 13 1.016537318133302
15 13 -0.2967319079716989
16 13 -0.9581303902170637
19 13 -0.1632005153471764
20 13 0.45357368642819507
23 13 -0.10436001532424263
24 13 -1.7630689767651258
12 14 0.591951168578359
13 14 1.6003880769141823
15 14 0.8292793548845252
20 14 0.7686547330680904
21 14 1.992430164690206
23 14 0.10536051565782635
1 15 -0.5570150062353654
3 15 0.8292793548845252
4 15 0.006079046076381972
5 15 0.8292793548845252
6 15 1.927891643552635
9 15 0.006079046076381972
10 15 1.927891643552635
12 15 0.15011841629931988
13 15 1.6491782410836144
15 15 0.9470623905409088
20 15 0.4809726606163094
21 15 1.704748092238425
23 15 0.22314355131420976
0 16 -2.6047078496006213
1 16 -0.11980119981262065
4 16 0.5974435323263853
5 16 1.7773187850732608
7 16 0.5733459807473247
8 16 -1.0848820958562078
9 16 0.730974924950908
11 16 -0.5252663079207851
12 16 0.40501066592811014
13 16 1.4842166451521408
14 16 0.16788087263916016
15 16 -0.11980119981262065
18 16 1.26649316130727
20 16 -1.566720182748946
21 16 1.26649316130727
23 16 -0.15057285847937418
24 16 -1.991603376714212
12 17 -0.25534669180884456
13 17 1.782709633708137
14 17 3.196402969016142
16 17 0.8610280531991055
20 17 0.0755075525081451
22 17 3.6018680771243066
12 18 -0.25534669180884456
13 18 1.0895624531481918
14 18 3.6018680771243066
15 18 1.927891643552635
21 18 2.3978952727983702
2 19 2.0614230361771577
5 19 1.6559579280689933
7 19 2.0614230361771577
12 19 -1.5081096603042126
13 19 0.9354117733209334
15 19 0.6751286750572669
16 19 1.4000245539317926
23 19 1.742969305058623
24 19 -0.09806121317621475
0 20 -2.697081169731636
2 20 1.1741198411762548
4 20 -1.4408399368599432
5 20 0.7686547330680904
6 20 1.8672670217362
7 20 0.4809726606163094
9 20 -0.7476927562999979
12 20 -2.3954128553051155
13 20 0.45357368642819507
15 20 1.4925735722947895
16 20 0.8311750900494244
20 20 -0.9659463223200159
21 20 0.950976289862045
23 20 1.5488132906176655
24 20 0.5901719525813015
2 21 1.704748092238425
6 21 2.3978952727983702
7 21 1.704748092238425
10 21 2.3978952727983702
12 21 -0.47849024312305416
13 21 1.0895624531481918
15 21 2.264363880173848
19 21 1.1451323043030024
20 21 -0.43531807125784566
21 21 0.7884573603642703
23 21 0.6931471805599453
24 21 -0.1670540846631662
4 22 1.3923734071962726
12 22 -0.25534669180884456
13 22 1.782709633708137
16 22 1.9596403418672153
0 23 -2.667228206581955
1 23 -1.2809338454620642
2 23 1.6094379124341003
4 23 -1.4109869737102618
5 23 0.7985076962177716
7 23 1.6094379124341003
8 23 -0.45425527227759627
12 23 -1.449269160281279
13 23 0.5887871652357025
16 23 1.3535045382969
18 23 1.2039728043259361
21 23 0.6931471805599455
23 23 -1.5993875765805987
24 23 1.1239300966523997
1 24 -2.4288171831369567
4 24 -2.5588703113851543
5 24 0.7492366472109887
7 24 0.4615545747592079
9 24 -1.172575950265264
10 24 0.7492366472109887
11 24 -2.4288171831369567
12 24 -1.8086951375919011
13 24 0.22936118792508028
15 24 -1.3302048944688472
16 24 1.1219119324961624
20 24 -2.7771238774051725
21 24 0.23841102344499815
23 24 -2.054123733695546
24 24 1.4375645413349853
