0 0 0.17114150996568886
3 0 0.19502324196907617
4 0 -0.21044186613908822
5 0 -3.137181268206128
8 0 -0.21044186613908822
10 0 -2.513026959133134
0 1 0.19502324196907597
0 2 -0.21044186613908822
1 2 3.536116699561526
4 3 3.536116699561526
5 3 1.995671658614377
8 3 3.536116699561526
10 3 1.9266787871274256
11 3 1.2335316065674804
5 4 2.6888188391743224
0 5 -2.8494991957543467
1 5 2.1498223384416355
2 5 2.1498223384416355
5 5 1.995671658614377
7 5 -0.01923136192788776
9 5 2.6888188391743224
10 5 2.060210179751948
11 5 0.38623374618027684
1 6 1.9266787871274256
2 6 3.312973148247316
5 6 2.283353731066158
2 7 1.9266787871274256
5 7 2.177993215408332
6 7 3.312973148247316
10 8 3.312973148247316
11 8 3.312973148247316
6 9 1.9266787871274256
7 9 1.9266787871274256
10 9 3.312973148247316
11 9 3.0252910757955354
5 10 -0.01923136192788776
6 10 1.7035352358132159
7 10 2.8021475244813256
11 10 3.312973148247316
5 11 0.6739158186320575
6 11 3.0898295969331064
7 11 3.312973148247316
11 11 2.396682416373161
