0 0 0.15579176733348316
3 0 0.18406220127173856
4 0 -0.22140290683642577
5 0 -2.993991629076207
0 1 0.18406220127173856
0 2 -0.22140290683642577
1 2 3.3586377672433594
4 3 3.3586377672433594
5 3 1.9723434061234688
5 4 2.377808514231633
2 5 0.5860490450035782
5 5 2.0901264417798524
6 5 2.377808514231633
7 5 1.9723434061234688
8 5 1.2791962255635234
1 6 2.665490586683414
2 6 3.3586377672433594
7 6 3.3586377672433594
8 6 3.3586377672433594
0 7 -1.6076972679563164
1 7 3.3586377672433594
2 7 3.3586377672433594
8 7 3.3586377672433594
0 8 -0.9145500873963711
1 8 3.3586377672433594
2 8 3.3586377672433594
