0 0 1.5224053021516994
3 0 -1.2044611707499866
4 0 -2.5625846549031808
8 0 -1.086678135093603
9 0 1.4036781194619619
10 0 -2.265333131435249
12 0 0.8129702961456369
13 0 -1.5597013942130584
14 0 -3.2557318354631257
15 0 0.9927634065862329
17 0 -3.0676796039601864
18 0 1.2159069579004427
20 0 0.7696198552720233
21 0 -1.4349848293618186
22 0 -2.0517590311371903
23 0 0.7050813341344521
24 0 -2.441223797898913
0 1 1.4089713481462467
1 1 -2.0197759852841393
3 1 0.5704911801616873
4 1 -1.480779484551452
6 1 2.0745685769379616
9 1 1.519042774254064
11 1 0.28280910770990636
12 1 1.000957590475269
13 1 -1.5139881555481056
17 1 -1.9858744336084577
18 1 1.0937393239262352
21 1 -1.6059426275054582
23 1 1.3814213963780162
0 2 1.2438915977867981
1 2 -0.22801651605608408
3 2 1.669103468829797
5 2 1.7868865044861804
9 2 1.3648920944268057
12 2 0.19002737425894006
15 2 2.4800336850461258
17 2 -0.19411496438040288
18 2 2.4800336850461258
20 2 2.256890133731916
23 2 2.4800336850461258
24 2 -0.2608063388790751
0 3 0.9815273333193072
1 3 1.8232541486570553
9 3 1.247109058770422
10 3 1.406739204362306
12 3 0.29538788991676634
13 3 -2.014763443460595
16 3 0.36982048469953616
20 3 2.3622506493897424
0 4 0.7403652765024192
1 4 1.7963652484407246
3 4 1.669103468829797
4 4 -1.6349301643787102
6 4 1.920417897110703
9 4 0.9450382488665419
10 4 1.753363812447537
12 4 0.8090665826651638
13 4 -1.9865925664938986
14 4 -2.328077344938656
15 4 0.5341235359908125
18 4 0.9395886440989769
19 4 1.920417897110703
20 4 0.31097998467660287
21 4 -1.0669461267727711
23 4 0.5341235359908125
24 4 -2.206716487934388
0 5 0.6938452608675263
1 5 1.6045649476922257
9 5 0.6717449138668603
10 5 1.929987348126854
12 5 1.329461657447305
13 5 -0.7983681191361018
11 6 4.377153669932007
12 6 1.7994652866930405
13 6 0.18246113387562451
0 7 0.1342294729321037
2 7 3.3067122582305934
4 7 0.6676549286153352
9 7 0.8052763064913828
11 7 3.5298558095448036
12 7 0.9521674263058368
13 7 -1.7634490151796889
15 7 2.836708628984858
18 7 2.143561448424913
20 7 2.6135650776706485
0 8 0.8479959406947845
2 8 3.5786459737142358
3 8 1.8922470201440067
9 8 0.6717449138668603
11 8 2.9908593088121163
12 8 0.4131709255731498
13 8 -1.8969804078042114
18 8 2.01003005580039
21 8 -0.2841867875231389
23 8 2.7031772363603355
0 9 -3.129346530854004
1 9 -0.6500109261154592
3 9 0.9594269863186412
4 9 -0.3986964978345529
7 9 0.8052763064913828
9 9 -2.0528345891865603
10 9 -0.1014449743666215
12 9 1.7139431132548784
13 9 0.4282960963919051
16 9 -0.4452165134694459
17 9 -1.3092565549997233
20 9 1.5472136512207604
21 9 0.24933024744492266
24 9 -0.1231849610030274
25 9 -3.029557060245633
0 10 -0.6671312922680745
1 10 0.42590995135057985
3 10 2.5053514930304157
4 10 0.048615720209111785
10 10 0.7513323517852079
12 10 1.4317405065677231
13 10 -0.031112966422434614
14 10 -1.3376786409107788
16 10 0.0020957045742187375
20 10 2.3999909773725894
21 10 0.1465961285693154
24 10 0.16997657721337917
25 10 -2.1767797340938038
1 11 0.9759562882698517
4 11 0.8218056084425936
12 11 1.7994652866930405
13 11 1.3957708166977584E-4
21 11 0.6966424654885874
24 11 0.25001928488691544
0 12 -2.694773338587769
1 12 -0.5031198063010053
2 12 0.19002737425894006
3 12 -0.39775929064317894
4 12 0.3235587668834628
7 12 0.9521674263058368
8 12 -0.27997625498679546
9 12 -2.3114085774802704
10 12 0.33312821789961367
12 12 -1.4713702771058714
13 12 0.7546557040179072
14 12 -1.7558827747963732
16 12 -0.19296487799716552
17 12 -2.2609777238533786
18 12 -0.27997625498679546
21 12 0.7216437676940046
22 12 -0.5519099704704372
24 12 0.15723755143594942
25 12 -1.4963715793112884
0 13 -1.7885582587023556
1 13 0.30511486522420456
2 13 -2.122633370723847
3 13 -0.6309784939461304
4 13 0.7834867441404569
5 13 -1.8994898194096372
7 13 -0.15652051435101444
8 13 -1.8994898194096372
9 13 -1.4460154921151123
10 13 0.1799517222701987
11 13 -0.918660566397911
12 13 -1.8869110372027773
13 13 0.6596444412233804
14 13 -1.5035941623176237
15 13 -1.2063426388496918
16 13 0.07459120661237233
17 13 -1.4825960154778501
18 13 -1.8994898194096372
19 13 0.1799517222701987
20 13 -1.4294861901639018
21 13 0.6504804237254249
22 13 -1.255132803019124
24 13 0.11326034777152648
25 13 -1.9119123394081943
0 14 -1.4752084395019966
1 14 0.31097998467660287
3 14 -0.2768066802255162
4 14 0.7164450927847672
10 14 0.048615720209111785
12 14 -2.4490299553563184
13 14 0.670164340220761
14 14 -0.7186394325045552
16 14 0.5157743973226162
17 14 -0.5305872010016157
19 14 1.920417897110703
21 14 0.5912819498307612
22 14 -1.12410454061272
24 14 -0.12727494625455238
25 14 -3.167178438121681
5 15 2.7031772363603355
10 15 1.5245222400186893
12 15 0.4131709255731498
13 15 0.18246113387562451
14 15 1.227270716550758
22 15 1.7380963403167484
24 15 0.65548439299508
25 15 -0.30497755719221253
0 16 -2.6293905793249173
1 16 0.07308857672783733
2 16 0.255410133521792
4 16 0.5067245618026982
5 16 1.171700865395947
7 16 0.6120850774605242
9 16 -1.5528786376574735
10 16 -0.0069541309456990965
13 16 0.005530425716546124
14 16 1.6417044946416828
16 16 0.5655650618256316
17 16 -1.5024477840305817
21 16 -0.20622524605342699
22 16 1.8160578817864603
24 16 0.04029875390484666
25 16 -1.1433067475966558
0 17 -2.385768496667167
1 17 -0.19411496438040288
4 17 -0.06058357175588026
5 17 1.820788056161862
7 17 0.16255997955832938
9 17 -2.0024037355596684
10 17 -0.45647922884789394
11 17 0.3167106593855878
12 17 -1.5678305432934334
13 17 0.05384375605353072
14 17 1.6666373763346036
16 17 0.5860435931691721
17 17 -0.853360593264667
21 17 0.2197183933982782
22 17 1.4618429636885901
24 17 0.4662423933565515
25 17 -1.8805139179506316
5 18 2.7031772363603355
6 18 4.089471597480226
8 18 2.01003005580039
10 18 0.831375059458744
11 18 2.9908593088121163
12 18 -0.27997625498679546
13 18 -1.8969804078042114
14 18 0.9395886440989769
15 18 3.8017895250284455
17 18 1.1276408756019167
22 18 1.044949159756803
23 18 4.089471597480226
24 18 -0.037662787564865345
13 19 0.18246113387562451
14 19 1.920417897110703
15 19 4.782618778040171
14 20 1.0041271652365482
16 20 0.9576071496016553
17 20 1.1921793967394878
21 20 0.18581684172259674
22 20 1.5149527890025385
24 20 1.8186352028007609
25 20 0.8581732526134684
0 21 -3.4004993013545746
1 21 -2.30745805773592
2 21 0.8705957726120255
4 21 -0.8521708251290779
5 21 0.8060572514744544
7 21 1.4504142678649676
8 21 0.8060572514744544
9 21 -2.3239873596871305
11 21 1.093739323926235
12 21 -1.889414167420896
13 21 -1.5605081711829984
14 21 0.9395886440989769
16 21 1.6507543301616006
17 21 0.7221757674937521
18 21 -0.29255503719365555
21 21 -2.5867718805171847
22 21 1.307313424224294
24 21 1.5915777521654146
25 21 0.6113131746819425
0 22 -2.062995104404116
1 22 -0.9699538607854616
2 22 0.8218056084425932
5 22 1.044949159756803
7 22 2.2770928410494355
11 22 1.332631232208584
12 22 -1.2450571510303825
13 22 -1.2526233914136984
14 22 1.0731200367234994
16 22 1.4684327733676459
17 22 0.8557071601182747
22 22 0.079868263713216
24 22 1.482162966179548
25 22 0.6758516958195137
1 23 0.6882742158180709
5 23 2.7031772363603355
8 23 2.7031772363603355
11 23 2.9908593088121163
12 23 0.4131709255731498
13 23 -0.5106860466843208
14 23 1.227270716550758
17 23 1.820788056161862
0 24 -3.145607051725784
1 24 -2.05256580810713
2 24 0.43234084168087017
5 24 0.65548439299508
7 24 0.09586860505965739
8 24 1.3486315735550252
10 24 -1.2163177839065116
11 24 0.25001928488691544
12 24 -2.3276690983520507
13 24 -1.4597666013814667
14 24 0.6264968561218278
16 24 -0.8669421424493906
17 24 1.447071646368278
21 24 -1.2332673422202847
22 24 1.194480893727767
24 24 -0.9867433422620112
25 24 1.4974772011525908
0 25 -3.007456713244967
1 25 -3.0130277582944225
2 25 0.9759562882698517
4 25 -2.068566149453571
5 25 0.3881696233677328
8 25 1.4867819120358425
9 25 -3.029557060245633
10 25 -2.1767797340938038
13 25 -2.1970850002545497
14 25 0.7040225727862103
16 25 -1.827404092636683
17 25 1.427593040645512
18 25 -0.9981247377521578
21 25 -1.3464314320203734
22 25 -0.01729548474043151
24 25 -1.9472052924493037
25 25 1.6532026844549153
