0 0 0.8231299349499746
3 0 0.8806997867714524
4 0 0.47523467866328806
5 0 -2.0897146787982486
0 1 0.8806997867714524
0 2 0.47523467866328806
1 2 3.3586377672433594
4 3 3.3586377672433594
5 3 2.179982770901713
5 4 2.5854478790098776
5 5 2.099940063228177
6 5 -0.7103889869944514
7 5 2.179982770901713
9 5 1.6299364339824411
10 5 -0.12260232209233239
11 5 0.5060063373300417
12 5 -2.0492811092197583
5 6 0.38822330167365837
9 6 2.0621997352453296
11 6 1.8545603704670852
12 6 -0.007579895522769107
5 7 1.4868355903417678
6 7 1.8545603704670852
10 7 2.4423470353692043
11 7 1.2791962255635234
12 7 -0.5829440404263311
6 8 2.142242442918866
9 8 1.7745176627935488
10 8 2.03688192726104
11 8 1.9723434061234688
12 8 -0.9884091485344955
5 9 -1.078113767119769
6 9 -0.017241806434506103
7 9 2.179982770901713
10 9 0.5705448584676129
11 9 1.8923006984499324
12 9 0.6362962360303934
11 10 1.9723434061234688
12 10 0.8033503206935597
12 11 1.208815428801724
0 12 -3.4663471290064023
1 12 0.8033503206935596
2 12 1.208815428801724
6 12 0.6855672850371762
8 12 1.208815428801724
9 12 -0.3753046756480864
10 12 0.5802067693793499
11 12 -1.2760912209862765
12 12 0.8367663176134038
