0 0 1.3282172402405201
1 0 -2.8221902454800927
2 0 0.15519288940570192
3 0 -2.7844499174972457
4 0 -1.828938472469809
6 0 0.879111728632401
7 0 -1.3721800699740943
9 0 -0.2936085321894306
10 0 -2.129043064920147
12 0 1.1667938010841818
13 0 -2.165410709091022
15 0 1.5722589091923462
17 0 0.4736466205242367
18 0 -3.0228609409422433
21 0 -2.038659003451878
0 1 0.9154793728032758
1 1 -0.09943389698818705
2 1 1.0861897686695525
3 1 -1.1603058576734497
6 1 1.5477443434287603
7 1 -0.8466482988184082
9 1 0.8450277118526642
10 1 -1.6035112937644609
13 1 -0.5412666492672265
17 1 0.8450277118526642
18 1 -0.7055697005585024
0 2 -0.3148107398400334
1 2 1.6458055566049752
2 2 1.6964492894237302
3 2 -0.262364264467491
6 2 1.1239300966523995
7 2 1.6607312068216509
9 2 1.2729656758128876
10 2 -0.7055697005585024
18 2 -0.500775287912489
0 3 0.1599890616691949
1 3 1.5477443434287605
2 3 0.8362480242006185
3 3 -0.4294183491306574
6 3 0.6691939395374525
7 3 1.6759986789524393
9 3 1.000551075491895
10 3 -1.1603058576734497
13 3 -0.5035263212843794
16 3 2.1355310083308794
17 3 0.8827680398355112
18 3 -0.6678293725756553
20 3 2.1355310083308794
21 3 -1.475386904313345
22 3 -2.64359248478065
0 4 -0.03717900324175413
1 4 1.7411157364093
2 4 0.6931471805599453
3 4 -0.1670540846631662
6 4 1.2192402764567245
7 4 1.245215762859985
9 4 1.3682758556172123
10 4 -0.6102595207541777
17 4 1.1451323043030024
8 5 5.393627546352362
9 5 2.0614230361771577
10 5 0.9991783916799228
0 6 -2.0913027369373003
1 6 0.22598850344644097
2 6 1.9348603128687283
3 6 -0.023953241022492758
6 6 -0.4294183491306574
7 6 0.982851498392494
9 6 1.5759152203954565
10 6 0.3801391832736993
11 6 -1.2984561961542667
13 6 0.5950859673837304
14 6 -0.7822397237533997
17 6 1.7990587717096664
18 6 0.02531780798429
19 6 -0.262364264467491
21 6 0.13405100812075518
22 6 -2.64359248478065
0 7 -2.470792358642204
1 7 0.5396460623014825
2 7 1.1499055830556602
3 7 1.1370021782197524
6 7 -0.808907970835561
7 7 0.6033618766875901
9 7 1.825034258112927
10 7 0.45263468531185297
11 7 -0.9847986372992252
13 7 0.5032784181306077
14 7 -1.1617293454583033
17 7 1.196425598690553
18 7 0.05129329438755048
21 7 -0.06311705679019365
9 8 2.0614230361771577
10 8 0.9991783916799228
18 8 1.8971199848858813
1 9 -0.13580154115906176
3 9 1.105911591149721
6 9 -0.5035263212843794
7 9 0.9087435262387722
9 9 -0.5776342934381011
10 9 1.0681712631668743
11 9 -1.3725641683079886
13 9 0.11551288712184424
14 9 -1.549494876467067
16 9 2.0614230361771577
17 9 0.8086600676817896
18 9 1.2039728043259361
19 9 -0.3364722366212129
21 9 0.24226459276098808
22 9 -1.6190881682662621
0 10 -1.5229072613498316
1 10 0.6477805048420342
2 10 -1.3987168811184476
3 10 1.175069058143587
4 10 -1.303406701314123
6 10 -2.2589181463415593
7 10 -0.3358226750524172
9 10 -1.2344138298271716
10 10 1.059076533260992
11 10 -0.8253709003711228
13 10 0.8450277118526645
14 10 -1.5131272322961917
16 10 0.9991783916799228
18 10 1.0580188917028563
19 10 -1.3987168811184476
20 10 0.9991783916799228
21 10 0.33269945820213886
22 10 -1.7005035597517706
1 11 0.05009783698277691
2 11 -0.4382549309311551
3 11 1.004128896839779
7 11 0.4014957238206654
9 11 -0.6794169877480433
10 11 1.1487101256508867
11 11 -1.4743468626179308
13 11 0.4191953009200664
14 11 -0.5526652821088992
18 11 1.1711829815029453
21 11 0.5459470065592105
22 11 -1.2100452388102136
4 12 3.0910424533583156
7 12 2.449188567185921
9 12 2.0614230361771577
3 13 0.5950859673837305
4 13 0.4519851237430571
7 13 0.5032784181306077
9 13 -0.5776342934381011
10 13 0.4395626037445
11 13 1.517807589588176
13 13 0.8086600676817896
18 13 0.6443570163905133
19 13 1.9661128563728327
21 13 0.5299466652127689
22 13 -0.9259409877063168
0 14 -2.0386590034518783
1 14 0.4327829167591213
3 14 0.13405100812075518
4 14 1.5595660823939272
6 14 -0.0890925431934544
7 14 -0.06311705679019378
9 14 -1.549494876467067
10 14 0.47930293239401417
11 14 1.4397648825813065
14 14 -0.7295959902679775
18 14 0.3656436139214929
19 14 1.33072450996508
21 14 0.8108490506791711
22 14 -1.6101194982835016
4 15 3.0910424533583156
7 15 2.449188567185921
12 15 5.393627546352362
14 16 1.782709633708137
20 16 5.393627546352362
22 16 0.6145040532408321
3 17 0.18962085927556593
11 17 1.6231681052460025
13 17 2.19495442880168
14 17 0.9354117733209334
18 17 -0.048790164169431945
19 17 1.0498221244986776
21 17 1.2230938457727143
22 17 -0.6382589152545359
4 18 0.6931471805599455
5 18 1.8971199848858813
7 18 -1.0473189942805592
10 18 -0.7055697005585024
11 18 0.8610280531991057
13 18 1.5606477482646683
14 18 0.6840973450400274
18 18 -1.5993875765805987
19 18 0.5978370007556205
21 18 1.5050778971098577
22 18 0.41383335777868097
11 19 0.2548922496287902
13 19 0.3566749439387324
14 19 0.7711087220296572
19 19 1.2909841813155658
21 19 1.782709633708137
22 19 0.7815581379039984
4 20 3.0910424533583156
14 20 1.782709633708137
22 20 0.6145040532408321
1 21 -0.8199800517362468
3 21 -1.475386904313345
4 21 0.8664189018339818
5 21 1.782709633708137
8 21 1.782709633708137
10 21 -1.0023016085302012
11 21 0.7466177020213614
14 21 1.3906675459321134
18 21 -0.6151856390902334
19 21 0.4834266495778763
21 21 -1.135061098376142
22 21 0.9738780541487296
1 22 -1.0718949003293967
3 22 -2.64359248478065
4 22 0.5091435375830058
5 22 0.6145040532408321
7 22 -2.3299349259256084
8 22 0.6145040532408321
9 22 -2.717700456934372
10 22 -1.7005035597517706
11 22 0.35857067910363144
14 22 0.9738780541487296
18 22 -1.4957091471057575
19 22 0.41383335777868097
21 22 -1.386975946969292
22 22 1.2949660742734619
