0 0 0.047449257566590575
4 0 0.05358424613410647
6 0 -1.0450280425340033
7 0 -2.8367875117620582
0 1 0.05358424613410647
0 2 -0.35188086197405793
1 2 4.74493212836325
5 3 4.74493212836325
6 3 4.051784947803305
7 3 2.9531726591351948
6 4 4.051784947803305
7 4 3.64631983969514
6 5 4.051784947803305
7 5 3.64631983969514
7 6 4.051784947803305
0 7 -2.8367875117620582
1 7 3.64631983969514
2 7 4.051784947803305
7 7 2.9531726591351948
8 7 4.051784947803305
9 7 3.64631983969514
10 7 1.8545603704670852
9 8 4.74493212836325
10 8 4.339467020255086
10 9 4.74493212836325
3 10 4.74493212836325
5 10 4.339467020255086
6 10 2.9531726591351948
10 10 3.64631983969514
