6 0 4.74493212836325
7 0 4.74493212836325
0 1 4.74493212836325
5 1 4.74493212836325
7 1 4.051784947803305
75 2 4.74493212836325
76 2 4.74493212836325
3 3 3.7232808808312687
99 3 4.23410650459726
102 3 2.4423470353692043
103 3 3.8286413964890946
9 4 4.74493212836325
10 4 4.74493212836325
11 4 4.74493212836325
0 5 4.74493212836325
7 5 4.74493212836325
2 6 4.74493212836325
8 6 4.74493212836325
75 6 4.74493212836325
2 7 4.051784947803305
6 7 4.74493212836325
7 7 3.3586377672433594
8 7 4.74493212836325
2 8 4.74493212836325
75 8 4.74493212836325
76 8 4.051784947803305
12 9 4.74493212836325
13 9 4.339467020255086
9 10 4.74493212836325
11 10 4.74493212836325
12 10 4.74493212836325
9 11 4.74493212836325
12 11 4.74493212836325
13 11 3.64631983969514
13 12 4.74493212836325
13 13 3.64631983969514
14 13 4.339467020255086
15 13 3.64631983969514
105 13 4.74493212836325
15 14 4.74493212836325
16 14 4.74493212836325
17 14 4.051784947803305
16 15 4.74493212836325
17 15 4.74493212836325
17 16 4.74493212836325
26 16 4.051784947803305
17 17 3.3586377672433594
26 17 4.74493212836325
106 17 4.051784947803305
18 18 3.3586377672433594
19 18 4.74493212836325
29 18 4.457250055911469
29 19 4.74493212836325
30 19 4.74493212836325
21 20 4.74493212836325
22 20 4.74493212836325
23 20 3.64631983969514
22 21 4.74493212836325
23 21 4.339467020255086
23 22 4.74493212836325
23 23 3.64631983969514
24 23 4.562610571569295
25 23 3.64631983969514
18 24 4.457250055911469
24 24 3.3586377672433594
25 24 4.74493212836325
18 25 4.74493212836325
19 25 4.74493212836325
26 26 3.3586377672433594
106 26 4.74493212836325
107 26 4.74493212836325
109 26 3.3586377672433594
112 27 4.74493212836325
113 27 4.74493212836325
124 27 4.74493212836325
36 28 3.764102875351524
28 29 4.051784947803305
29 29 3.3586377672433594
30 29 4.74493212836325
31 29 4.74493212836325
28 30 4.74493212836325
31 30 4.74493212836325
36 30 2.665490586683414
28 31 4.74493212836325
36 31 3.3586377672433594
38 32 5.150397236471415
42 32 5.84354441703136
45 32 3.3586377672433594
35 33 3.1354942159291497
37 33 4.74493212836325
33 34 4.74493212836325
37 34 4.74493212836325
35 35 3.1354942159291497
36 35 3.3586377672433594
33 36 3.3586377672433594
34 36 3.764102875351524
35 36 2.665490586683414
36 36 2.5319591940588912
37 36 1.9723434061234688
78 36 3.764102875351524
79 36 3.3586377672433594
80 36 1.9723434061234688
35 37 3.8286413964890946
36 37 1.9723434061234688
37 37 3.3586377672433594
45 38 4.457250055911469
44 39 4.74493212836325
46 39 4.74493212836325
40 40 3.3586377672433594
237 40 3.3586377672433594
238 40 4.74493212836325
239 40 4.74493212836325
40 41 4.74493212836325
242 41 4.74493212836325
38 42 5.150397236471415
45 42 4.051784947803305
39 43 4.74493212836325
44 43 4.051784947803305
46 43 4.74493212836325
44 44 3.3586377672433594
46 44 4.051784947803305
81 44 4.051784947803305
82 44 4.74493212836325
83 44 4.051784947803305
39 45 3.3586377672433594
43 45 4.051784947803305
44 45 2.665490586683414
45 45 3.581781318557569
244 45 4.457250055911469
44 46 4.051784947803305
81 46 4.74493212836325
82 46 4.74493212836325
49 47 4.74493212836325
57 47 4.74493212836325
58 47 4.051784947803305
47 48 4.74493212836325
49 48 4.74493212836325
57 48 4.74493212836325
57 49 4.74493212836325
58 49 4.74493212836325
47 50 4.339467020255086
48 50 4.74493212836325
49 50 3.64631983969514
50 50 3.64631983969514
50 51 4.562610571569295
51 51 3.3586377672433594
51 52 4.051784947803305
59 52 4.74493212836325
60 52 4.74493212836325
55 53 4.74493212836325
56 53 4.74493212836325
53 54 4.74493212836325
55 54 4.74493212836325
55 55 3.3586377672433594
56 55 4.74493212836325
62 55 4.457250055911469
61 56 4.051784947803305
62 56 4.74493212836325
54 57 4.74493212836325
58 57 4.74493212836325
53 58 4.74493212836325
54 58 4.74493212836325
55 58 3.3586377672433594
58 58 3.3586377672433594
51 59 4.74493212836325
60 59 4.74493212836325
50 60 3.64631983969514
51 60 4.74493212836325
61 61 3.3586377672433594
68 61 4.74493212836325
69 61 4.457250055911469
61 62 4.74493212836325
62 62 3.3586377672433594
69 62 3.3586377672433594
64 63 4.74493212836325
65 63 4.74493212836325
52 64 4.74493212836325
59 64 4.051784947803305
60 64 4.051784947803305
64 64 3.3586377672433594
65 64 4.051784947803305
52 65 4.74493212836325
59 65 4.74493212836325
64 65 4.051784947803305
63 66 4.74493212836325
64 66 4.051784947803305
65 66 4.051784947803305
66 66 3.3586377672433594
63 67 4.74493212836325
66 67 4.74493212836325
1 68 4.74493212836325
69 68 4.051784947803305
70 68 4.74493212836325
1 69 4.051784947803305
5 69 4.051784947803305
68 69 4.051784947803305
69 69 3.3586377672433594
70 69 4.74493212836325
0 70 4.74493212836325
1 70 4.74493212836325
5 70 4.74493212836325
3 71 4.051784947803305
71 71 3.3586377672433594
88 72 4.74493212836325
89 72 4.74493212836325
143 72 4.051784947803305
72 73 4.74493212836325
73 73 3.3586377672433594
88 73 4.051784947803305
89 73 4.74493212836325
240 74 4.339467020255086
245 74 4.74493212836325
76 75 4.74493212836325
101 75 4.74493212836325
76 76 3.3586377672433594
96 76 4.74493212836325
97 76 4.051784947803305
101 76 4.74493212836325
20 77 4.74493212836325
21 77 4.74493212836325
22 77 4.74493212836325
79 78 4.74493212836325
80 78 4.74493212836325
80 79 4.74493212836325
135 79 4.74493212836325
80 80 3.3586377672433594
135 80 4.74493212836325
136 80 4.74493212836325
157 80 4.051784947803305
83 81 4.74493212836325
84 81 4.74493212836325
94 81 4.051784947803305
81 82 4.74493212836325
83 82 4.74493212836325
84 82 4.74493212836325
84 83 4.74493212836325
94 83 4.74493212836325
94 84 4.74493212836325
148 84 4.74493212836325
66 85 4.74493212836325
67 85 4.74493212836325
71 86 4.74493212836325
87 86 4.74493212836325
3 87 3.1354942159291497
71 87 4.74493212836325
143 88 4.74493212836325
171 88 4.74493212836325
88 89 4.74493212836325
143 89 4.74493212836325
100 90 4.74493212836325
104 90 4.74493212836325
92 91 4.74493212836325
127 91 4.051784947803305
130 91 4.74493212836325
127 92 4.74493212836325
130 92 4.74493212836325
98 93 4.74493212836325
137 93 4.74493212836325
94 94 3.3586377672433594
147 94 4.74493212836325
148 94 4.74493212836325
194 94 2.9531726591351948
74 95 4.74493212836325
240 95 3.64631983969514
245 95 4.74493212836325
97 96 4.74493212836325
145 96 4.74493212836325
182 96 4.74493212836325
145 97 4.74493212836325
182 97 4.74493212836325
183 97 2.7990219793079367
73 98 4.457250055911469
98 98 3.3586377672433594
137 98 4.74493212836325
102 99 4.74493212836325
103 99 4.74493212836325
4 100 4.74493212836325
10 100 4.051784947803305
100 100 3.3586377672433594
104 100 4.74493212836325
96 101 4.74493212836325
97 101 4.74493212836325
145 101 4.74493212836325
90 102 4.74493212836325
100 102 4.457250055911469
102 102 3.3586377672433594
90 103 4.74493212836325
102 103 4.74493212836325
4 104 4.74493212836325
10 104 4.74493212836325
11 104 4.74493212836325
14 105 4.74493212836325
15 105 4.74493212836325
16 105 4.74493212836325
107 106 4.74493212836325
109 106 4.74493212836325
109 107 4.74493212836325
122 107 4.74493212836325
118 108 5.84354441703136
27 109 4.74493212836325
109 109 3.3586377672433594
122 109 4.74493212836325
124 109 4.051784947803305
20 110 4.74493212836325
21 110 4.051784947803305
77 110 4.74493212836325
110 110 3.3586377672433594
117 111 4.051784947803305
119 111 4.74493212836325
125 112 4.74493212836325
126 112 4.74493212836325
112 113 4.74493212836325
126 113 4.74493212836325
91 114 3.64631983969514
92 114 3.64631983969514
114 114 2.5477075510270306
115 114 4.339467020255086
116 114 3.64631983969514
130 114 3.64631983969514
91 115 4.051784947803305
114 115 3.64631983969514
115 115 3.3586377672433594
116 115 4.74493212836325
91 116 4.74493212836325
92 116 4.74493212836325
114 116 3.64631983969514
114 117 4.339467020255086
115 117 3.3586377672433594
117 117 3.3586377672433594
114 119 2.9531726591351948
117 119 4.74493212836325
119 119 3.3586377672433594
111 120 4.74493212836325
119 120 4.74493212836325
111 121 4.051784947803305
120 121 4.051784947803305
121 121 3.3586377672433594
123 121 4.74493212836325
198 121 4.051784947803305
27 122 4.74493212836325
113 122 4.74493212836325
124 122 4.74493212836325
111 123 4.74493212836325
119 123 4.051784947803305
120 123 4.74493212836325
112 124 4.74493212836325
113 124 4.74493212836325
126 124 4.051784947803305
121 125 4.051784947803305
138 125 4.74493212836325
139 125 4.74493212836325
125 126 4.74493212836325
126 126 3.3586377672433594
138 126 4.051784947803305
139 126 4.74493212836325
108 127 4.927253685157205
118 127 4.927253685157205
127 127 3.5409593240373143
74 128 4.74493212836325
95 128 4.74493212836325
129 128 4.74493212836325
74 129 4.74493212836325
95 129 4.74493212836325
245 129 4.74493212836325
108 130 4.74493212836325
127 130 4.74493212836325
66 131 4.051784947803305
67 131 4.74493212836325
85 131 4.74493212836325
85 132 4.74493212836325
131 132 4.74493212836325
133 132 4.74493212836325
67 133 4.74493212836325
85 133 4.74493212836325
131 133 4.74493212836325
77 134 4.74493212836325
110 134 4.74493212836325
136 135 4.74493212836325
157 135 4.74493212836325
232 135 4.051784947803305
157 136 4.74493212836325
232 136 4.74493212836325
72 137 4.74493212836325
73 137 4.74493212836325
121 138 4.74493212836325
198 138 4.74493212836325
121 139 4.051784947803305
138 139 4.74493212836325
198 139 4.74493212836325
86 140 4.74493212836325
87 140 4.74493212836325
141 140 4.74493212836325
71 141 4.051784947803305
86 141 4.74493212836325
87 141 4.74493212836325
86 142 4.74493212836325
140 142 4.74493212836325
141 142 4.74493212836325
143 143 3.3586377672433594
168 143 4.051784947803305
170 143 4.74493212836325
171 143 4.74493212836325
146 144 4.74493212836325
149 144 4.74493212836325
150 144 4.74493212836325
182 145 4.74493212836325
183 145 3.492169159867882
95 146 4.74493212836325
128 146 4.74493212836325
129 146 4.74493212836325
194 147 4.74493212836325
147 148 4.74493212836325
194 148 4.339467020255086
128 149 4.74493212836325
146 149 4.74493212836325
150 149 4.74493212836325
128 150 4.74493212836325
129 150 4.74493212836325
146 150 4.74493212836325
132 151 4.74493212836325
152 151 4.74493212836325
153 151 4.74493212836325
131 152 4.74493212836325
132 152 4.74493212836325
133 152 4.74493212836325
132 153 4.74493212836325
133 153 4.74493212836325
152 153 4.74493212836325
110 154 4.74493212836325
134 154 4.74493212836325
134 155 4.051784947803305
154 155 4.74493212836325
155 155 3.3586377672433594
156 155 4.74493212836325
110 156 4.051784947803305
134 156 4.74493212836325
154 156 4.74493212836325
231 157 4.051784947803305
232 157 4.74493212836325
140 158 4.74493212836325
142 158 4.74493212836325
160 158 4.051784947803305
160 159 4.051784947803305
162 159 4.74493212836325
140 160 4.051784947803305
141 160 4.051784947803305
142 160 4.74493212836325
158 160 4.051784947803305
160 160 3.3586377672433594
159 161 4.74493212836325
161 161 3.3586377672433594
162 161 4.457250055911469
158 162 4.74493212836325
160 162 4.457250055911469
162 162 3.3586377672433594
159 163 4.74493212836325
161 163 4.74493212836325
161 164 4.457250055911469
163 164 4.74493212836325
164 164 3.3586377672433594
164 165 4.74493212836325
166 165 4.74493212836325
163 166 4.74493212836325
164 166 4.74493212836325
167 167 3.3586377672433594
172 167 4.74493212836325
174 167 4.051784947803305
167 168 4.74493212836325
169 168 4.74493212836325
167 169 4.74493212836325
172 169 4.051784947803305
167 170 4.051784947803305
168 170 4.74493212836325
169 170 4.74493212836325
168 171 4.74493212836325
169 171 4.74493212836325
170 171 4.74493212836325
172 172 3.3586377672433594
173 172 4.74493212836325
174 172 4.74493212836325
176 172 4.051784947803305
165 173 4.74493212836325
175 173 4.74493212836325
176 173 4.74493212836325
173 174 4.74493212836325
175 174 4.74493212836325
176 174 4.74493212836325
164 175 4.051784947803305
165 175 4.74493212836325
166 175 4.74493212836325
165 176 4.74493212836325
166 176 4.74493212836325
175 176 4.74493212836325
144 177 4.74493212836325
149 177 4.74493212836325
150 177 4.74493212836325
183 178 3.8976342679760463
180 179 4.74493212836325
185 179 4.74493212836325
180 180 3.3586377672433594
185 180 4.74493212836325
186 180 4.457250055911469
179 181 4.74493212836325
180 181 4.74493212836325
183 182 3.8976342679760463
178 183 3.492169159867882
179 183 2.7990219793079367
181 183 3.492169159867882
183 183 3.155696923246669
184 183 3.8976342679760463
187 183 3.8976342679760463
179 184 4.74493212836325
180 184 4.051784947803305
181 184 4.74493212836325
177 185 4.74493212836325
186 185 4.74493212836325
144 186 4.74493212836325
149 186 4.051784947803305
177 186 4.74493212836325
186 186 3.3586377672433594
178 187 4.74493212836325
183 187 3.492169159867882
93 188 4.74493212836325
98 188 3.3586377672433594
188 188 3.3586377672433594
189 188 4.74493212836325
93 189 4.74493212836325
98 189 4.74493212836325
195 190 4.74493212836325
207 190 4.051784947803305
219 190 4.74493212836325
190 191 4.74493212836325
195 191 4.74493212836325
219 191 4.74493212836325
190 192 4.74493212836325
191 192 4.74493212836325
193 192 4.74493212836325
190 193 4.74493212836325
191 193 4.74493212836325
195 193 4.74493212836325
191 194 3.64631983969514
192 194 4.74493212836325
193 194 4.339467020255086
194 194 3.64631983969514
207 195 4.74493212836325
219 195 4.74493212836325
196 196 3.3586377672433594
227 196 4.051784947803305
228 196 4.74493212836325
229 196 4.74493212836325
196 197 4.74493212836325
229 197 4.74493212836325
120 198 4.74493212836325
121 198 4.051784947803305
123 198 4.74493212836325
200 199 4.74493212836325
201 199 4.74493212836325
205 199 4.74493212836325
201 200 4.74493212836325
202 200 4.74493212836325
205 200 4.74493212836325
202 201 4.74493212836325
205 201 4.74493212836325
210 201 4.74493212836325
210 202 4.74493212836325
212 202 4.051784947803305
213 202 4.74493212836325
199 203 4.74493212836325
200 203 4.74493212836325
201 203 4.74493212836325
199 204 4.051784947803305
200 204 3.3586377672433594
203 204 4.457250055911469
204 204 3.764102875351524
202 205 4.74493212836325
210 205 4.74493212836325
212 205 4.051784947803305
204 206 4.2749284991175145
206 206 3.3586377672433594
207 207 3.3586377672433594
215 207 4.051784947803305
216 207 4.74493212836325
217 207 4.74493212836325
206 208 4.74493212836325
218 208 4.74493212836325
196 209 2.9531726591351948
197 209 4.339467020255086
209 209 3.64631983969514
211 209 4.74493212836325
212 210 4.74493212836325
213 210 4.74493212836325
196 211 4.74493212836325
197 211 4.74493212836325
209 212 4.339467020255086
212 212 3.3586377672433594
213 212 4.051784947803305
209 213 4.339467020255086
212 213 4.051784947803305
220 214 4.051784947803305
225 214 4.74493212836325
226 214 4.74493212836325
206 215 4.051784947803305
208 215 4.74493212836325
218 215 4.74493212836325
208 216 4.74493212836325
215 216 4.74493212836325
218 216 4.74493212836325
208 217 4.74493212836325
215 217 4.74493212836325
216 217 4.74493212836325
204 218 3.3586377672433594
206 218 4.74493212836325
207 219 4.74493212836325
217 219 4.74493212836325
220 220 3.3586377672433594
221 220 4.051784947803305
222 220 4.74493212836325
223 221 4.339467020255086
224 221 4.74493212836325
221 222 4.74493212836325
222 222 3.3586377672433594
223 222 2.9531726591351948
224 222 4.74493212836325
151 223 4.74493212836325
152 223 3.64631983969514
153 223 4.339467020255086
223 223 3.64631983969514
223 224 4.74493212836325
220 225 4.74493212836325
226 225 4.74493212836325
220 226 4.74493212836325
222 226 4.051784947803305
155 227 4.74493212836325
156 227 4.74493212836325
155 228 4.74493212836325
227 228 4.74493212836325
155 229 4.051784947803305
227 229 4.74493212836325
228 229 4.74493212836325
233 230 4.74493212836325
234 230 4.74493212836325
230 231 4.74493212836325
231 231 3.3586377672433594
233 231 4.457250055911469
230 232 4.051784947803305
231 232 4.74493212836325
232 232 3.3586377672433594
214 233 4.74493212836325
225 233 4.051784947803305
233 233 3.3586377672433594
234 233 4.74493212836325
214 234 4.74493212836325
225 234 4.74493212836325
226 234 4.74493212836325
188 235 4.051784947803305
235 235 3.64631983969514
236 235 3.64631983969514
188 236 3.64631983969514
189 236 3.64631983969514
235 236 3.9340019121469214
236 236 2.5477075510270306
237 236 2.9531726591351948
235 237 3.64631983969514
236 237 4.051784947803305
237 237 3.3586377672433594
236 238 3.64631983969514
237 238 4.74493212836325
236 239 3.64631983969514
237 239 4.051784947803305
238 239 4.74493212836325
41 240 3.64631983969514
240 240 3.64631983969514
241 240 4.74493212836325
243 240 4.339467020255086
41 241 4.74493212836325
242 241 4.74493212836325
243 241 4.74493212836325
40 242 4.74493212836325
239 242 4.74493212836325
40 243 4.051784947803305
41 243 4.74493212836325
242 243 4.74493212836325
39 244 4.74493212836325
43 244 4.74493212836325
45 244 3.3586377672433594
240 245 4.74493212836325
