0 0 0.41927745216054624
3 0 -2.9189451303402207
4 0 0.13085436448404617
6 0 -0.35399577287868395
7 0 -2.6087902020363813
0 1 0.13085436448404597
1 1 0.3504829736908112
2 1 2.5477075510270306
3 1 0.2451224580329849
4 1 1.4490952623589208
6 1 0.9382696385929302
0 2 0.0767871432137703
1 2 2.5477075510270306
0 3 -0.5210498575418503
1 3 2.324563999712821
2 3 2.4423470353692043
3 3 0.13976194237515863
4 3 1.3437347467010947
5 3 2.4423470353692043
6 3 1.2383742310432684
7 3 -1.3418425985490567
0 4 -2.8135846146823944
1 4 1.4490952623589208
2 4 2.5477075510270306
3 4 1.3437347467010947
6 4 2.324563999712821
7 4 1.16141318990714
1 5 1.8545603704670852
3 5 1.7491998548092589
6 5 2.4423470353692043
7 5 0.9607424944449888
0 6 -2.2257979497802753
1 6 1.3437347467010947
3 6 1.5260563034950492
4 6 0.2451224580329849
5 6 1.7491998548092589
7 6 1.6025963806173837
0 7 -3.0142553101445455
1 7 1.0661030101028153
3 7 1.4307461236907244
4 7 -1.2364820828912306
5 7 1.3662076025531533
6 7 -0.6486954179891115
7 7 1.2708974227488286
8 7 -0.9851676546103244
9 7 1.6538896750049341
11 7 1.9052041032858402
12 7 0.9607424944449888
13 7 1.2484245668967697
14 7 -0.5433349023312852
3 8 1.5950491749820008
7 8 1.7228825464918855
11 8 0.8531118302526234
13 8 1.0072625100798818
14 8 -0.09134977858822796
7 9 0.9607424944449888
8 9 2.1058747987479913
12 9 4.051784947803305
13 9 2.26002547857525
14 9 1.16141318990714
7 10 1.4715681182109797
8 10 2.7990219793079367
11 10 1.0072625100798818
13 10 1.16141318990714
7 11 -0.9851676546103244
8 11 0.8531118302526234
9 11 2.7990219793079367
12 11 2.7990219793079367
13 11 2.7990219793079367
14 11 2.2112353144058177
10 12 2.9531726591351948
13 12 2.9531726591351948
14 12 1.8545603704670852
8 13 1.0072625100798818
10 13 1.8545603704670852
14 13 2.7708511023412403
7 14 -0.3201913510170754
8 14 2.3065454942101424
10 14 2.7708511023412403
11 14 -0.09134977858822796
14 14 2.0552310659292363
