0 0 0.07374146099729144
5 0 -0.3201052591570077
6 0 -0.6767802030957399
7 0 -2.4601714226532785
0 1 0.08535984895115664
0 2 -1.7063996202768983
5 2 3.784189633918261
6 2 3.784189633918261
7 2 1.8672670217362
0 3 -0.3201052591570076
1 3 4.295015257684252
0 4 -1.7063996202768983
2 4 4.700480365792417
5 4 3.784189633918261
6 4 3.0910424533583156
6 5 3.784189633918261
7 5 3.2535613828560908
7 6 3.659026490964255
0 7 -2.7478534951050593
1 7 3.2535613828560908
3 7 3.5412434553078715
7 7 2.499789580479711
10 7 3.659026490964255
11 7 3.2535613828560908
12 7 1.4618019136280358
3 8 4.295015257684252
7 8 3.2535613828560908
7 9 3.2535613828560908
8 9 5.393627546352362
11 10 4.295015257684252
12 10 3.8895501495760874
12 11 4.295015257684252
0 12 -3.2104770170531722
2 12 3.8895501495760874
4 12 4.295015257684252
5 12 1.5869650565820417
7 12 0.36318962495992607
8 12 3.8895501495760874
9 12 4.295015257684252
12 12 3.196402969016142
