0 0 0.10818031652106674
5 0 0.13742691770259424
6 0 -0.26803819040557036
7 0 -2.13125662361577
0 1 0.13742691770259424
0 2 0.13742691770259405
0 3 -0.2680381904055702
1 3 3.866328046166016
0 4 -0.26803819040557036
2 4 4.089471597480226
6 5 3.2785413812638975
7 5 2.801617309173588
7 6 3.068245972427537
10 6 2.921866437325165
0 7 -2.7190432885178892
1 7 2.7503240147860377
3 7 3.138089545794801
7 7 2.2069102014268953
10 7 2.9413792515487467
11 7 2.801617309173588
12 7 1.0098578399455331
1 8 3.173180865606071
3 8 3.173180865606071
7 8 2.801617309173588
3 9 3.173180865606071
7 9 2.513935236721807
8 9 5.475765958600117
11 10 3.866328046166016
12 10 3.460862938057852
12 11 3.8663280461660166
0 12 -2.282941210947835
2 12 3.460862938057852
4 12 3.8663280461660166
7 12 -0.5995800724885672
8 12 3.460862938057852
9 12 3.8663280461660166
12 12 2.767715757497907
