0 0 0.21695091348070122
3 0 0.23843786367850978
4 0 -0.16702724442965453
5 0 -2.806084574044913
0 1 0.2384378636785096
0 2 -0.16702724442965453
1 2 3.6840064893720617
4 3 3.6840064893720617
5 3 2.4312435208766936
5 4 2.836708628984858
5 5 2.1194638968458523
6 5 0.2717592715233215
7 5 2.0947712842554806
9 5 2.630094379621859
10 5 1.5149527890025385
11 5 2.12896264900376
12 5 0.09397286989475805
5 6 2.3920228077234125
7 6 3.0443479937631026
9 6 2.4645294985101605
11 6 0.4684695657693757
12 6 -0.8733730327796811
5 7 1.5839456604894901
6 7 2.756665921311322
10 7 3.999859438790539
11 7 2.4738031352954897
12 7 1.1319605367464332
5 8 1.9792583971336366
6 8 3.5086536018942005
9 8 2.1615799539275913
10 8 2.1615799539275913
11 8 1.3286708309924873
12 8 -0.7063189481165147
5 9 -0.38216719588334247
6 9 1.4837002454984345
7 9 2.9500373142918614
10 9 2.7268937629776517
11 9 2.905585551721028
12 9 2.056219438269765
11 10 3.0334189232309123
12 10 2.384723505241801
12 11 2.7901886133499656
0 12 -2.852604589679806
1 12 2.384723505241801
2 12 2.7901886133499656
5 12 -0.5420158968252385
6 12 2.1223592407743097
8 12 2.7901886133499656
9 12 -1.527299500186345
10 12 0.7752855928077007
11 12 -1.4439178912472939
12 12 2.050521417155127
