0 0 0.09944418454990213
6 0 0.13311739965649008
7 0 -0.2723477084516743
8 0 -2.5059399299587684
9 0 -0.2723477084516743
11 0 -0.9654948890116196
0 1 0.13311739965649008
0 2 0.13311739965649008
0 3 -0.2723477084516743
1 3 4.051784947803305
0 4 -0.2723477084516743
2 4 3.64631983969514
0 5 -0.2723477084516743
2 5 3.64631983969514
7 6 3.1354942159291497
8 6 2.288196355541946
9 6 3.1354942159291497
11 6 3.1354942159291497
12 6 2.03688192726104
8 7 3.2044870874161013
0 8 -2.911405038066933
1 8 2.7990219793079367
2 8 1.0072625100798818
3 8 3.2044870874161013
4 8 2.7990219793079367
8 8 2.6448712994806782
10 8 3.2044870874161013
11 9 4.051784947803305
12 9 3.64631983969514
0 10 -0.9654948890116196
2 10 3.64631983969514
4 10 4.74493212836325
12 11 4.051784947803305
0 12 -2.0641071776797295
2 12 3.240854731586976
5 12 4.051784947803305
12 12 2.9531726591351948
