1 0 3.2044870874161013
1 1 2.7990219793079367
4 1 1.9235532419540369
18 1 2.223657834404375
3 2 4.74493212836325
19 2 4.74493212836325
19 3 4.74493212836325
29 3 4.74493212836325
4 4 3.3586377672433594
20 4 2.665490586683414
2 5 4.74493212836325
3 5 4.74493212836325
5 5 3.3586377672433594
19 5 3.3586377672433594
2 6 4.051784947803305
5 6 4.74493212836325
6 6 3.3586377672433594
10 7 3.3586377672433594
21 7 4.74493212836325
12 8 4.457250055911469
53 9 3.445649144232989
7 10 4.457250055911469
10 10 3.581781318557569
21 10 3.764102875351524
33 10 3.3586377672433594
8 11 3.64631983969514
11 11 2.5477075510270306
12 11 2.9531726591351948
23 11 4.157145463461131
11 12 3.86946339100935
12 12 3.764102875351524
23 12 2.26002547857525
70 13 2.4423470353692043
84 13 3.64631983969514
62 14 3.445649144232989
15 15 3.64631983969514
26 15 3.86946339100935
36 15 2.9531726591351948
18 16 3.764102875351524
0 17 4.74493212836325
1 17 2.7990219793079367
1 18 2.1058747987479913
4 18 0.873731117455359
16 18 3.764102875351524
18 18 3.0709556947915786
19 19 3.3586377672433594
29 19 4.74493212836325
38 19 4.74493212836325
39 19 4.051784947803305
4 20 1.6538896750049341
20 20 3.040184036124825
31 20 0.044451762570833796
32 20 3.2633275874390346
21 21 3.3586377672433594
33 21 4.74493212836325
42 21 4.74493212836325
52 21 3.3586377672433594
9 22 4.74493212836325
53 22 3.040184036124825
23 23 3.64631983969514
34 23 4.74493212836325
43 23 3.64631983969514
54 23 3.64631983969514
13 24 4.74493212836325
70 24 2.4423470353692043
84 24 2.9531726591351948
14 25 4.74493212836325
62 25 3.040184036124825
26 26 3.3586377672433594
35 26 4.74493212836325
36 26 4.74493212836325
48 26 4.051784947803305
27 27 3.3586377672433594
30 27 3.4639982829011857
0 28 4.74493212836325
1 28 2.1058747987479913
17 28 4.74493212836325
38 29 4.74493212836325
39 29 4.74493212836325
63 29 4.74493212836325
20 30 0.7936884097818228
27 30 3.5017386108840327
30 30 3.1608120239134396
31 30 1.3814750746839417
20 31 0.02643325706815543
30 31 2.1058747987479913
31 31 3.2044870874161013
40 31 2.511339906856156
31 32 2.847812143477369
32 32 3.3586377672433594
40 32 4.74493212836325
42 33 4.74493212836325
52 33 4.74493212836325
43 34 4.051784947803305
54 34 4.74493212836325
69 34 4.74493212836325
48 35 4.74493212836325
59 35 4.74493212836325
89 35 4.74493212836325
35 36 4.74493212836325
48 36 4.74493212836325
59 36 4.74493212836325
0 37 4.74493212836325
17 37 4.74493212836325
28 37 4.74493212836325
39 38 4.74493212836325
63 38 4.74493212836325
76 38 4.74493212836325
63 39 4.74493212836325
76 39 4.74493212836325
91 39 4.74493212836325
31 40 3.5409593240373143
6 41 4.457250055911469
41 41 3.3586377672433594
50 41 4.74493212836325
52 42 4.74493212836325
79 42 4.74493212836325
9 43 4.051784947803305
22 43 4.051784947803305
53 43 1.6538896750049341
54 43 4.051784947803305
69 43 4.051784947803305
83 43 4.051784947803305
9 44 4.74493212836325
22 44 4.74493212836325
43 44 4.051784947803305
13 45 4.74493212836325
24 45 4.74493212836325
45 45 3.3586377672433594
70 45 1.7491998548092589
14 46 4.74493212836325
25 46 4.74493212836325
47 46 4.74493212836325
14 47 4.74493212836325
25 47 4.74493212836325
62 47 2.3470368555648795
59 48 4.74493212836325
89 48 4.74493212836325
102 48 4.74493212836325
17 49 4.74493212836325
28 49 4.74493212836325
37 49 4.74493212836325
5 50 4.051784947803305
6 50 4.74493212836325
41 51 4.339467020255086
50 51 3.64631983969514
51 51 2.5477075510270306
53 51 1.2484245668967697
67 51 2.03688192726104
52 52 3.3586377672433594
79 52 4.74493212836325
92 52 4.74493212836325
109 52 1.8545603704670852
41 53 1.6538896750049341
51 53 3.194334715952083
53 53 2.993664020489932
67 53 1.4307461236907244
69 54 4.74493212836325
83 54 4.74493212836325
95 54 4.74493212836325
22 55 4.74493212836325
43 55 4.051784947803305
44 55 4.74493212836325
24 56 4.74493212836325
45 56 4.74493212836325
10 57 3.764102875351524
57 57 3.3586377672433594
60 57 4.74493212836325
25 58 4.74493212836325
46 58 4.74493212836325
47 58 4.74493212836325
89 59 4.74493212836325
102 59 4.74493212836325
122 59 3.3586377672433594
10 60 4.457250055911469
28 61 4.051784947803305
37 61 4.74493212836325
49 61 4.74493212836325
61 61 3.3586377672433594
62 62 3.244978448770838
64 62 2.3470368555648795
76 63 4.74493212836325
91 63 4.74493212836325
106 63 3.3586377672433594
64 64 3.4639982829011857
65 64 4.051784947803305
77 64 2.365385994233076
64 65 2.9531726591351948
66 65 4.051784947803305
77 65 1.8545603704670852
8 66 4.051784947803305
11 66 3.3586377672433594
12 66 1.9723434061234688
66 66 4.051784947803305
51 67 1.3437347467010947
53 67 1.6538896750049343
67 67 2.537657215173529
70 67 2.2192034840549946
81 67 3.3586377672433594
43 68 4.051784947803305
44 68 4.74493212836325
55 68 4.74493212836325
83 69 4.74493212836325
95 69 4.74493212836325
111 69 3.64631983969514
67 70 2.2192034840549946
70 70 2.7788192719904172
84 70 2.730029107820985
45 71 4.74493212836325
56 71 4.74493212836325
72 72 3.3586377672433594
73 72 4.2749284991175145
57 73 4.2749284991175145
60 73 3.3586377672433594
73 73 3.764102875351524
46 74 4.74493212836325
47 74 4.74493212836325
58 74 4.74493212836325
49 75 4.74493212836325
61 75 4.74493212836325
91 76 4.74493212836325
106 76 4.051784947803305
15 77 2.5477075510270306
77 77 3.395005411414234
68 78 4.74493212836325
80 78 4.74493212836325
82 78 4.74493212836325
92 79 4.74493212836325
109 79 3.240854731586976
55 80 4.74493212836325
68 80 4.74493212836325
82 80 4.74493212836325
67 81 3.3586377672433594
81 81 3.3586377672433594
44 82 4.74493212836325
55 82 4.74493212836325
68 82 4.74493212836325
95 83 4.74493212836325
111 83 4.339467020255086
70 84 2.26002547857525
72 84 2.26002547857525
84 84 3.1073233389624533
87 84 3.86946339100935
56 85 4.74493212836325
71 85 4.74493212836325
86 85 4.74493212836325
45 86 4.051784947803305
56 86 4.74493212836325
71 86 4.74493212836325
72 87 4.74493212836325
73 87 2.665490586683414
87 87 3.3586377672433594
46 88 3.64631983969514
58 88 4.339467020255086
74 88 4.74493212836325
88 88 3.64631983969514
102 89 4.74493212836325
122 89 4.051784947803305
61 90 3.5409593240373143
75 90 4.23410650459726
90 90 3.7232808808312687
104 91 2.7990219793079367
106 91 4.051784947803305
107 92 4.74493212836325
109 92 3.240854731586976
78 93 4.74493212836325
80 93 4.74493212836325
82 93 4.74493212836325
78 94 4.339467020255086
80 94 3.64631983969514
93 94 4.74493212836325
94 94 3.64631983969514
111 95 4.74493212836325
96 96 3.3586377672433594
97 96 4.74493212836325
99 96 4.051784947803305
85 97 4.74493212836325
86 97 4.051784947803305
97 97 3.3586377672433594
99 97 4.74493212836325
98 98 3.3586377672433594
100 98 4.457250055911469
101 98 4.74493212836325
71 99 4.74493212836325
85 99 4.74493212836325
86 99 4.74493212836325
88 100 4.562610571569295
100 100 3.3586377672433594
88 101 3.64631983969514
100 101 4.74493212836325
122 102 4.457250055911469
90 103 3.5409593240373143
103 103 3.764102875351524
104 104 3.5611620313548333
105 104 1.4127276181880462
106 104 3.0221655306221464
103 105 3.764102875351524
105 105 3.764102875351524
104 106 3.0221655306221464
105 106 3.581781318557569
106 106 2.665490586683414
109 107 3.240854731586976
110 107 4.74493212836325
94 108 4.339467020255086
108 108 3.64631983969514
107 109 3.240854731586976
108 109 3.240854731586976
109 109 3.183696317747027
110 109 3.240854731586976
109 110 3.64631983969514
111 111 3.64631983969514
112 111 4.051784947803305
112 112 3.764102875351524
115 112 2.665490586683414
116 112 2.665490586683414
98 113 4.74493212836325
101 113 4.74493212836325
98 114 2.847812143477369
113 114 3.5409593240373143
114 114 3.3178157727231046
114 115 1.749199854809259
115 115 2.5477075510270306
116 115 2.7708511023412403
118 115 2.4831690298894595
119 115 2.26002547857525
96 116 3.64631983969514
97 116 2.26002547857525
115 116 2.9531726591351948
116 116 2.5477075510270306
118 116 0.873731117455359
119 116 2.9531726591351948
96 117 2.9531726591351948
116 117 3.4639982829011857
117 117 3.64631983969514
114 118 1.461517782357478
115 118 1.9723434061234688
117 118 2.26002547857525
118 118 3.2940992461057883
119 118 1.9723434061234688
115 119 2.9531726591351948
116 119 2.26002547857525
117 119 4.051784947803305
118 120 2.665490586683414
121 120 4.74493212836325
117 121 2.9531726591351948
118 121 2.665490586683414
119 121 4.051784947803305
121 121 3.3586377672433594
120 122 4.457250055911469
121 122 3.764102875351524
122 122 3.764102875351524
