0 0 4.0177047991105495
1 0 -1.3604933186769501
13 0 1.3273541751077405
0 1 -1.6495916213611945
1 1 0.17561578193440044
2 1 -1.622923374279033
4 1 -4.398884780997454
12 1 -0.6022726270806354
13 1 -2.7994972044168547
1 2 -1.6496780210132662
2 2 2.654533153558485
3 2 1.710697366128634
7 2 -0.7742092836593664
8 2 1.0175501855686886
13 2 1.2670110452002719
1 3 -1.7482588496857137
2 3 1.0175501855686886
3 3 4.474317418385655
9 3 3.712177366338758
1 4 -2.3180270090851542
2 4 -0.1275821187343136
4 4 2.8833538559139735
6 4 2.384723505241801
12 4 0.3698204846995363
4 5 1.2861112165736912
5 5 4.983289473502323
6 5 4.089471597480226
11 5 4.377153669932007
4 6 1.2861112165736914
5 6 4.377153669932007
6 6 4.49493670558839
11 6 5.475765958600117
12 6 1.7868865044861804
7 7 4.2919958615917
8 7 2.6825579491575997
13 7 2.3258830052188677
2 8 1.0175501855686886
4 8 -0.659798932481622
8 8 4.2919958615917
10 8 4.446146541418958
3 9 3.712177366338758
9 9 4.741796783519916
4 10 2.8955491290077915
10 10 4.782618778040171
5 11 5.475765958600117
1 12 -2.200243973428771
4 12 2.1615799539275913
12 12 3.596664479216914
0 13 2.0205013556676854
1 13 -3.896693262852501
2 13 0.4785536848360018
7 13 2.932018808789183
13 13 3.7883665046963046
