0 0 0.38759298334204245
1 0 -1.7664416612437652
2 0 -0.11778303565638351
3 0 -2.7850112422383386
6 0 0.42381424677636087
9 0 -0.25131442828090605
10 0 -2.4849066497880004
14 0 0.5108256237659907
17 0 0.10536051565782635
19 0 -3.5322256440685593
0 1 0.43078291609245434
1 1 -0.3849665865598235
2 1 0.5705448584676129
6 1 -0.3049238788862871
0 2 0.10536051565782635
1 2 2.179982770901713
0 3 -0.30010459245033816
1 3 1.928668342620807
2 3 0.9382696385929302
3 3 0.3504829736908112
6 3 0.06280090123903023
7 3 2.5477075510270306
9 3 0.9382696385929302
10 3 -1.1411719030869056
0 4 0.10536051565782635
1 4 2.179982770901713
8 5 4.74493212836325
9 5 2.4423470353692043
10 5 1.0560526742493137
0 6 -1.4632554022560191
1 6 1.486835590341768
2 6 2.26002547857525
3 6 0.7559480817989755
9 6 1.9033505346365174
10 6 0.9690412972596839
1 7 1.4868355903417678
3 7 2.5477075510270306
9 7 2.4423470353692043
10 7 0.3629054936893683
9 8 2.4423470353692043
10 8 1.7491998548092589
0 9 -2.890371757896165
1 9 0.9760099665757773
3 9 1.6314168191528755
6 9 -0.04255961441879601
7 9 1.7491998548092589
10 9 1.7491998548092589
0 10 -2.667228206581955
1 10 0.6883278941239963
3 10 1.6314168191528755
7 10 1.461517782357478
9 10 -0.5533852381847867
10 10 1.4276162306817968
11 10 -0.5533852381847867
12 10 1.0560526742493137
15 10 1.8292425624827955
16 10 1.0560526742493137
18 10 1.461517782357478
19 10 -0.7897740162490171
3 11 0.9382696385929302
10 11 1.6438393391514328
11 11 1.5260563034950492
12 11 2.730029107820985
15 11 2.03688192726104
10 12 1.0560526742493137
11 12 2.730029107820985
15 12 1.8545603704670852
16 12 3.64631983969514
18 12 2.26002547857525
19 12 0.7018808605286999
0 13 -1.9740810260220096
1 13 0.7936884097818225
4 13 3.3586377672433594
10 13 1.0560526742493137
11 13 2.847812143477369
12 13 2.26002547857525
15 13 1.5668782980153044
17 14 4.74493212836325
19 14 2.493640329756755
10 15 -0.04255961441879601
11 15 2.03688192726104
12 15 2.9531726591351948
16 15 2.9531726591351948
18 15 2.9531726591351948
19 15 1.8004931491968095
18 16 3.3586377672433594
19 16 2.493640329756755
19 17 2.899105437864919
19 18 2.899105437864919
1 19 -0.7644562082647273
4 19 2.493640329756755
5 19 2.899105437864919
8 19 2.493640329756755
9 19 -0.5020919437972361
10 19 -1.1952391243571814
11 19 1.9828147059907644
13 19 2.899105437864919
15 19 0.008733679968754631
19 19 2.151891036034698
