0 0 0.3864054780970756
3 0 0.4191953009200664
4 0 0.013730192811902037
5 0 -2.7939498492391492
0 1 0.4191953009200663
0 2 0.013730192811902037
1 2 3.447717397297048
4 3 3.447717397297048
5 3 2.0263317163658874
5 4 2.4317968244740515
5 5 1.7836010317763729
6 5 -0.458574933422113
7 5 2.0263317163658874
8 5 0.1545295394642961
9 5 2.1023176233438097
11 5 1.5155060925998969
12 5 -0.8500537995555373
5 6 1.8440101595719327
8 6 0.3437715391028244
9 6 1.7560413866259756
11 6 1.5224265354444706
12 6 0.03233538064293645
5 7 1.333184535805942
6 7 2.908720896564361
9 7 1.7560413866259756
11 7 1.704748092238425
5 8 1.2531418281324058
6 8 2.6463566320968703
9 8 1.2705335708442749
10 8 2.828678188890825
11 8 1.778856064392147
12 8 -0.3353893994823809
5 9 -1.6112544433604983
6 9 1.7560413866259756
7 9 2.449188567185921
8 9 1.4936771221584846
9 9 -0.49525041198051944
10 9 1.3505762785178113
11 9 2.286669637688146
12 9 1.3645625204925513
11 10 2.3978952727983707
12 10 1.8240948498709915
5 11 -0.2762533766281581
6 11 1.2992829841302609
8 11 1.6247053845648887
10 11 1.2992829841302609
11 11 -0.5978370007556204
12 11 1.9194050296753162
0 12 -2.9961867157340456
1 12 1.8240948498709915
2 12 2.2295599579791556
5 12 -2.236348160675428
6 12 1.130947669311046
8 12 1.701492527778659
9 12 -0.4271969487355038
10 12 1.418629741762827
11 12 -1.1716374236829994
12 12 1.6885493578747675
