0 0 0.041728971355991795
3 0 0.048108578320030695
4 0 -0.35735652978813365
5 0 -3.1299452520279147
0 1 0.048108578320030695
0 2 -0.35735652978813365
1 2 4.700480365792417
4 3 4.700480365792417
5 3 3.3141860046725258
5 4 3.71965111278069
5 5 3.431969040328909
6 5 3.71965111278069
7 5 3.3141860046725258
8 5 2.2155737160044158
2 6 4.007333185232471
7 6 4.700480365792417
8 6 4.700480365792417
1 7 4.007333185232471
2 7 4.700480365792417
8 7 4.700480365792417
0 8 -1.4559688184562434
1 8 4.700480365792417
2 8 4.700480365792417
8 8 3.196402969016142
