0 0 0.3223912388237961
3 0 -2.389161592829616
5 0 0.41419878807691896
7 0 -0.09662683568907177
8 0 -2.2350109130023577
12 0 0.41419878807691896
15 0 -0.6844135005911907
17 0 -3.517626844647407
0 1 0.41419878807691896
0 2 0.41419878807691896
0 3 -0.1919370154933965
1 3 2.3470368555648795
3 3 -0.050858417233490966
6 3 2.3470368555648795
7 3 0.044451762570833796
11 3 0.7375989431307791
13 3 2.3470368555648795
15 3 1.6538896750049341
0 4 0.008733679968754631
2 4 4.74493212836325
1 5 1.0436301542507564
3 5 0.8429594587886053
7 5 2.4423470353692043
8 5 1.6902573191758092
1 6 2.5477075510270306
3 6 2.3470368555648795
7 6 2.4423470353692043
0 7 -1.8883863049171268
1 7 1.3437347467010947
3 7 1.4307461236907244
8 7 1.9415717474567153
0 8 -2.389161592829616
1 8 1.3537850825545963
3 8 1.6231180163381806
6 8 1.24842456689677
7 8 -1.0541605260972757
8 8 1.2176529082300163
9 8 -0.543334902331285
10 8 1.9415717474567153
13 8 1.9415717474567153
14 8 2.3470368555648795
15 8 0.5552773863368247
16 8 1.9415717474567153
17 8 -0.1984944160395555
1 9 1.4490952623589208
3 9 1.9415717474567151
6 9 2.9531726591351948
8 9 1.8545603704670852
8 10 1.9415717474567153
9 10 2.9531726591351948
3 11 1.8362112317988888
8 11 1.584896803517983
9 11 2.9531726591351948
15 12 4.051784947803305
17 12 2.604865964866979
9 13 2.9531726591351948
11 13 3.1354942159291497
15 13 4.051784947803305
8 14 -0.3610133455373305
9 14 1.3437347467010947
10 14 3.1354942159291497
16 14 3.1354942159291497
17 14 2.3817224135527693
8 15 0.5552773863368247
9 15 2.26002547857525
11 15 2.4423470353692043
17 15 2.317183892415198
17 16 3.0103310729751436
0 17 -3.517626844647407
2 17 2.604865964866979
4 17 3.0103310729751436
8 17 -0.1984944160395555
9 17 2.199400856758815
11 17 2.787187521660934
17 17 2.123027877974241
