0 0 0.08574086077412695
3 0 0.09971624351172809
4 0 -0.30574886459643646
5 0 -2.733497100544488
0 1 0.09971624351172809
0 2 -0.30574886459643646
1 2 3.971688561823843
4 3 3.971688561823843
5 3 2.9302346869956817
5 4 3.3356997951038463
0 5 -2.9848115288253942
1 5 2.2370875064357363
2 5 2.2370875064357363
5 5 2.6093269669155803
7 5 0.039862929099516886
8 5 3.3356997951038463
9 5 2.9302346869956817
10 5 1.7515796906540355
0 6 -2.5029734419326557
1 6 3.7203741335429363
2 6 3.971688561823843
5 6 2.2370875064357363
1 7 2.4676111650475687
2 7 3.7203741335429363
5 7 2.2370875064357363
6 7 3.971688561823843
6 8 1.7744639844876233
7 8 3.1607583456075137
9 8 3.971688561823843
10 8 3.971688561823843
5 9 0.039862929099516886
6 9 3.1607583456075137
7 9 3.971688561823843
10 9 3.971688561823843
2 10 2.099886384922251
5 10 1.4638976182022545
6 10 3.971688561823843
7 10 3.971688561823843
10 10 2.648452336671089
