0 0 0.021430686501725322
3 0 0.02454110891611766
4 0 -0.38092399919204667
5 0 -3.1535127214318277
0 1 0.02454110891611766
0 2 -0.38092399919204667
1 2 5.393627546352362
4 3 5.393627546352362
5 3 4.007333185232471
5 4 4.412798293340635
5 5 4.125116220888854
6 5 4.412798293340635
7 5 4.007333185232471
8 5 2.6210388241125804
7 6 5.393627546352362
8 6 5.393627546352362
2 7 5.393627546352362
8 7 5.393627546352362
0 8 -1.7672183603119374
1 8 5.393627546352362
2 8 5.393627546352362
8 8 4.007333185232471
