1 0 6.168913139160062
176 0 6.168913139160062
1 1 4.782618778040171
134 1 5.475765958600117
136 1 6.168913139160062
176 1 6.168913139160062
2 2 4.782618778040171
5 2 6.168913139160062
6 2 6.168913139160062
9 2 4.782618778040171
2 3 6.168913139160062
6 3 6.168913139160062
2 4 4.964940334834126
3 4 5.6580875153940715
4 4 5.147261891628081
8 5 6.168913139160062
9 5 6.168913139160062
5 6 6.168913139160062
9 6 6.168913139160062
7 7 4.782618778040171
12 7 6.168913139160062
13 7 5.475765958600117
14 7 6.168913139160062
15 8 6.168913139160062
16 8 6.168913139160062
8 9 6.168913139160062
9 9 4.782618778040171
15 9 5.475765958600117
16 9 5.475765958600117
0 10 6.168913139160062
18 10 6.168913139160062
10 11 6.168913139160062
18 11 6.168913139160062
10 12 6.168913139160062
11 12 6.168913139160062
13 12 6.168913139160062
10 13 6.168913139160062
11 13 6.168913139160062
18 13 5.475765958600117
11 14 6.168913139160062
12 14 6.168913139160062
13 14 6.168913139160062
16 15 5.475765958600117
17 15 6.168913139160062
15 16 5.475765958600117
16 16 4.782618778040171
17 16 5.881231066708281
168 16 4.377153669932007
17 17 4.782618778040171
168 17 5.986591582366107
0 18 6.168913139160062
1 18 5.881231066708281
18 18 4.782618778040171
27 19 6.168913139160062
28 19 6.168913139160062
19 20 6.168913139160062
20 20 4.782618778040171
27 20 4.782618778040171
28 20 6.168913139160062
22 21 6.168913139160062
23 21 6.168913139160062
56 21 0.5341235359908125
56 22 1.6327358246589223
22 23 6.168913139160062
56 23 1.227270716550758
24 24 4.782618778040171
69 24 5.881231066708281
71 24 6.168913139160062
24 25 5.475765958600117
25 25 5.147261891628081
71 25 4.5594752267259615
26 26 5.070300850491952
29 26 5.986591582366107
31 26 5.070300850491952
27 27 4.782618778040171
109 27 6.168913139160062
110 27 4.089471597480226
111 27 6.168913139160062
27 28 6.168913139160062
111 28 6.168913139160062
29 29 4.782618778040171
30 29 6.168913139160062
31 29 6.168913139160062
115 29 5.475765958600117
113 30 6.168913139160062
115 30 6.168913139160062
116 30 6.168913139160062
30 31 6.168913139160062
115 31 6.168913139160062
116 31 6.168913139160062
47 32 6.168913139160062
52 32 6.168913139160062
53 32 5.070300850491952
34 33 6.168913139160062
39 33 6.168913139160062
38 34 5.475765958600117
39 34 6.168913139160062
36 35 6.168913139160062
56 35 0.5341235359908125
36 36 4.782618778040171
49 36 2.01003005580039
56 36 1.227270716550758
37 37 4.782618778040171
120 37 5.475765958600117
121 37 6.168913139160062
122 37 6.168913139160062
40 38 5.475765958600117
49 38 2.01003005580039
54 38 -0.35464916698945026
56 38 0.5341235359908125
38 39 5.475765958600117
39 39 4.782618778040171
49 39 2.7031772363603355
56 39 -0.1590236445691328
54 40 0.7439631216786595
56 41 1.6327358246589223
60 42 6.168913139160062
61 42 6.168913139160062
43 43 4.782618778040171
46 43 2.1293768134329563
54 44 -0.35464916698945026
58 44 5.475765958600117
59 44 6.168913139160062
45 45 5.147261891628081
77 45 4.154010118617797
46 46 1.916741239717162
49 46 -0.055425243904705726
54 46 -0.5146856789939698
56 46 -3.323091232942338
77 46 0.8076209734506369
52 47 6.168913139160062
53 47 5.763448031051897
54 48 0.7439631216786595
46 49 -0.3067396721856118
49 49 3.33178589578271
54 49 -1.6231604924529572
55 49 2.7031772363603355
56 49 -0.6290272738148682
79 49 3.1086423444685
95 49 1.6045649476922257
49 50 2.7031772363603355
54 50 0.3384980135704951
51 51 5.070300850491952
53 51 5.070300850491952
54 51 -0.35464916698945026
46 52 1.2130860815588014
53 52 5.763448031051897
46 53 1.5007681540105822
53 53 3.971688561823843
54 53 -0.06696709453766916
37 54 0.564582743475521
45 54 -0.16938643160467934
46 54 -0.5626029176366446
49 54 -3.817443891198361
54 54 0.6074115336065051
56 54 -1.4221494001000472
57 54 -0.35170798839863404
58 54 0.05375711970953044
78 54 0.05375711970953044
84 54 -2.056456080637059
91 54 0.49558987198856963
122 54 -0.35170798839863404
146 54 -0.35170798839863404
19 55 4.377153669932007
20 55 5.293444401806162
55 55 5.070300850491952
46 56 -2.637061520151257
49 56 -0.16614111233799683
54 56 -1.3425958877700404
56 56 1.45888889485594
67 56 1.4432968000961037
79 56 0.5270060682219485
93 56 0.5270060682219485
57 57 5.070300850491952
92 57 5.986591582366107
164 57 5.070300850491952
54 58 -0.35464916698945026
57 58 5.475765958600117
59 58 5.475765958600117
54 59 0.7439631216786595
61 60 6.168913139160062
62 60 5.475765958600117
61 61 4.782618778040171
62 61 6.168913139160062
63 61 3.866328046166016
62 62 4.782618778040171
63 62 4.5594752267259615
68 62 5.475765958600117
49 63 1.093739323926235
50 63 5.252622407285907
63 63 4.741796783519916
65 63 5.6580875153940715
68 63 4.5594752267259615
51 64 5.475765958600117
64 64 4.782618778040171
66 64 6.168913139160062
49 65 2.7031772363603355
50 65 6.168913139160062
54 65 -0.35464916698945026
51 66 6.168913139160062
67 67 4.782618778040171
93 67 6.168913139160062
162 67 5.881231066708281
63 68 5.252622407285907
68 68 5.070300850491952
42 69 6.168913139160062
60 69 5.475765958600117
69 69 4.782618778040171
70 69 6.168913139160062
42 70 6.168913139160062
60 70 6.168913139160062
61 70 5.475765958600117
69 71 6.168913139160062
70 71 6.168913139160062
44 72 6.168913139160062
58 72 5.475765958600117
59 72 6.168913139160062
74 73 6.168913139160062
75 73 6.168913139160062
74 74 4.782618778040171
81 74 6.168913139160062
112 74 5.881231066708281
74 75 6.168913139160062
81 75 6.168913139160062
73 76 6.168913139160062
74 76 5.475765958600117
75 76 6.168913139160062
25 77 4.154010118617798
73 77 4.664835742383788
75 77 3.971688561823843
76 77 5.070300850491952
77 77 4.482514185589833
26 78 5.475765958600117
78 78 5.188083886148336
79 79 4.782618778040171
95 79 5.986591582366107
44 80 6.168913139160062
58 80 5.475765958600117
72 80 6.168913139160062
112 81 6.168913139160062
123 81 5.475765958600117
72 82 6.168913139160062
80 82 6.168913139160062
83 82 6.168913139160062
44 83 6.168913139160062
72 83 6.168913139160062
80 83 6.168913139160062
84 84 4.263494351459486
89 84 3.771017866361692
101 84 3.771017866361692
102 84 4.869630155029801
103 84 3.771017866361692
106 84 4.6873085982358464
107 84 4.176482974469856
32 85 5.070300850491952
33 85 5.763448031051897
34 85 5.763448031051897
39 85 4.377153669932007
47 85 5.070300850491952
52 85 5.070300850491952
85 85 3.971688561823843
32 86 6.168913139160062
47 86 5.475765958600117
85 86 5.070300850491952
86 86 4.782618778040171
85 87 3.971688561823843
87 87 3.971688561823843
88 87 5.070300850491952
33 88 4.2230029901047486
35 88 5.321615278772859
36 88 4.628468098212913
85 88 4.510685062556529
88 88 4.579677934043481
87 89 5.070300850491952
88 89 4.916150170664694
49 90 2.7031772363603355
54 90 0.3384980135704951
84 91 4.1387426464870085
91 91 3.5662234537156783
103 91 4.377153669932007
146 91 4.664835742383788
155 91 4.664835742383788
156 91 3.971688561823843
92 92 4.782618778040171
154 92 6.168913139160062
158 92 4.782618778040171
164 92 6.168913139160062
162 93 6.168913139160062
165 93 6.168913139160062
49 94 2.7031772363603355
54 94 -0.35464916698945026
90 94 6.168913139160062
95 95 5.070300850491952
127 95 6.168913139160062
130 95 5.475765958600117
86 96 6.168913139160062
104 96 6.168913139160062
86 97 5.475765958600117
96 97 6.168913139160062
104 97 6.168913139160062
96 98 6.168913139160062
97 98 6.168913139160062
104 98 6.168913139160062
97 99 6.168913139160062
98 99 6.168913139160062
100 99 6.168913139160062
96 100 6.168913139160062
97 100 6.168913139160062
98 100 6.168913139160062
98 101 6.168913139160062
99 101 6.168913139160062
100 101 6.168913139160062
105 102 5.475765958600117
107 102 6.168913139160062
99 103 6.168913139160062
100 103 5.475765958600117
101 103 6.168913139160062
103 103 4.782618778040171
85 104 5.070300850491952
86 104 6.168913139160062
87 105 5.763448031051897
88 105 3.5298558095448036
105 105 4.782618778040171
87 106 5.070300850491952
88 106 3.5298558095448036
89 106 6.168913139160062
106 106 4.782618778040171
87 107 4.377153669932007
105 107 6.168913139160062
107 107 4.782618778040171
21 108 6.168913139160062
22 108 6.168913139160062
23 108 6.168913139160062
110 109 5.881231066708281
21 110 5.475765958600117
23 110 4.782618778040171
108 110 5.881231066708281
110 110 5.188083886148336
109 111 6.168913139160062
110 111 5.475765958600117
112 112 4.782618778040171
123 112 6.168913139160062
124 112 4.782618778040171
114 113 6.168913139160062
117 113 6.168913139160062
82 114 6.168913139160062
117 114 6.168913139160062
113 115 6.168913139160062
114 115 6.168913139160062
116 115 6.168913139160062
113 116 6.168913139160062
114 116 6.168913139160062
117 116 5.475765958600117
80 117 5.475765958600117
82 117 6.168913139160062
83 117 6.168913139160062
117 117 4.782618778040171
43 118 6.168913139160062
46 118 1.2130860815588014
139 119 6.168913139160062
140 119 6.168913139160062
153 119 6.168913139160062
119 120 6.168913139160062
139 120 6.168913139160062
140 120 6.168913139160062
119 121 6.168913139160062
120 121 6.168913139160062
140 121 6.168913139160062
119 122 6.168913139160062
120 122 6.168913139160062
121 122 6.168913139160062
123 123 4.782618778040171
124 123 6.168913139160062
125 123 4.782618778040171
124 124 4.782618778040171
125 124 6.168913139160062
126 124 5.475765958600117
64 125 5.881231066708281
125 125 4.782618778040171
126 125 6.168913139160062
64 126 6.168913139160062
66 126 6.168913139160062
130 127 6.168913139160062
133 127 6.168913139160062
49 128 2.7031772363603355
90 128 6.168913139160062
94 128 6.168913139160062
90 129 6.168913139160062
94 129 6.168913139160062
128 129 6.168913139160062
130 130 4.782618778040171
133 130 6.168913139160062
143 130 5.475765958600117
144 130 5.475765958600117
41 131 6.168913139160062
56 131 1.227270716550758
94 132 6.168913139160062
128 132 6.168913139160062
129 132 6.168913139160062
143 133 6.168913139160062
144 133 6.168913139160062
48 134 6.168913139160062
54 134 -0.35464916698945026
135 134 6.168913139160062
48 135 6.168913139160062
54 135 0.3384980135704951
48 136 6.168913139160062
134 136 6.168913139160062
135 136 6.168913139160062
43 137 5.475765958600117
118 137 6.168913139160062
138 137 6.168913139160062
43 138 6.168913139160062
118 138 6.168913139160062
148 139 6.168913139160062
149 139 6.168913139160062
153 139 6.168913139160062
139 140 6.168913139160062
149 140 6.168913139160062
153 140 6.168913139160062
118 141 6.168913139160062
137 141 6.168913139160062
138 141 6.168913139160062
128 142 5.475765958600117
129 142 6.168913139160062
132 142 6.168913139160062
142 142 4.782618778040171
142 143 5.475765958600117
144 143 5.475765958600117
145 143 6.168913139160062
142 144 5.475765958600117
143 144 5.475765958600117
144 144 4.782618778040171
145 144 6.168913139160062
132 145 6.168913139160062
142 145 6.168913139160062
4 146 4.5594752267259615
155 146 6.168913139160062
156 146 6.168913139160062
151 147 6.168913139160062
152 147 6.168913139160062
159 147 6.168913139160062
147 148 6.168913139160062
151 148 6.168913139160062
152 148 6.168913139160062
147 149 6.168913139160062
148 149 6.168913139160062
151 149 6.168913139160062
137 150 6.168913139160062
138 150 6.168913139160062
141 150 6.168913139160062
150 151 6.168913139160062
152 151 6.168913139160062
159 151 6.168913139160062
141 152 6.168913139160062
150 152 6.168913139160062
159 152 6.168913139160062
147 153 6.168913139160062
148 153 6.168913139160062
149 153 6.168913139160062
157 154 6.168913139160062
158 154 5.475765958600117
4 155 5.252622407285907
156 155 6.168913139160062
4 156 5.6580875153940715
157 157 4.782618778040171
158 157 5.475765958600117
163 157 5.881231066708281
157 158 5.475765958600117
158 158 4.782618778040171
161 158 5.475765958600117
163 158 5.475765958600117
137 159 6.168913139160062
141 159 6.168913139160062
150 159 6.168913139160062
160 160 5.070300850491952
173 160 5.475765958600117
174 160 6.168913139160062
160 161 6.168913139160062
7 162 5.881231066708281
162 162 4.782618778040171
165 162 6.168913139160062
160 163 5.475765958600117
161 163 6.168913139160062
163 163 4.782618778040171
154 164 6.168913139160062
157 164 5.475765958600117
158 164 5.475765958600117
7 165 6.168913139160062
14 165 6.168913139160062
169 166 5.881231066708281
166 167 6.168913139160062
169 167 5.475765958600117
41 168 5.070300850491952
131 168 5.763448031051897
168 168 5.070300850491952
171 168 6.168913139160062
169 169 5.188083886148336
170 169 5.475765958600117
172 169 5.881231066708281
175 169 4.782618778040171
38 170 5.475765958600117
40 170 6.168913139160062
175 170 6.168913139160062
41 171 6.168913139160062
56 171 0.5341235359908125
131 171 6.168913139160062
38 172 5.475765958600117
170 172 6.168913139160062
175 172 6.168913139160062
166 173 6.168913139160062
167 173 6.168913139160062
169 173 4.089471597480226
173 173 4.782618778040171
167 174 6.168913139160062
173 174 6.168913139160062
38 175 5.475765958600117
40 175 6.168913139160062
54 175 -0.35464916698945026
134 176 6.168913139160062
135 176 6.168913139160062
136 176 6.168913139160062
