0 0 0.27191374107787314
1 0 -2.5630805473493377
3 0 -0.07817389756133748
6 0 -0.033722134990503576
7 0 -0.7713210781212828
8 0 -0.5889995213273281
9 0 -2.6931336755975357
12 0 -2.5630805473493377
0 1 0.0018688101121989175
6 1 1.4259034992149364
8 1 1.5212136790192612
9 1 -0.582920475250946
0 2 -0.07817389756133748
6 2 1.608225056008891
8 2 1.7035352358132159
9 2 -0.40059891845699147
1 3 2.4375044108934163
6 3 1.8313686073231008
7 3 4.229263880121471
8 3 2.6198259676873707
9 3 0.5156918134171636
0 4 -0.1835344132191639
1 4 3.1306515914533617
6 4 0.9150778754489458
0 5 -0.43484884150006986
2 5 3.312973148247316
6 5 1.608225056008891
8 5 1.0103880552532707
1 6 0.7327563186549911
3 6 2.524515787883046
6 6 0.12662051508467573
7 6 2.524515787883046
8 6 2.524515787883046
9 6 1.5835324434185198
12 6 0.7327563186549911
13 6 0.7327563186549911
8 7 2.6198259676873707
9 7 1.901986174537054
9 8 2.2020907669873924
12 8 0.8280664984593159
13 8 0.8280664984593159
14 8 -0.08822423341483891
0 9 -2.87545523239149
1 9 1.7196646177430996
4 9 2.2384584111582675
5 9 -0.40059891845699147
9 9 1.6541500106324731
12 9 2.1251297258512643
13 9 1.7196646177430996
14 9 -0.11291684600521039
4 10 3.312973148247316
9 10 1.901986174537054
9 11 1.901986174537054
10 11 4.922411060681417
2 12 1.5212136790192612
5 12 1.5212136790192612
13 12 3.1306515914533617
14 12 2.725186483345197
2 13 1.5212136790192612
5 13 1.5212136790192612
6 13 0.7327563186549911
14 13 3.1306515914533617
0 14 -2.0930769181036024
2 14 2.6843644888249423
5 14 3.0898295969331064
9 14 -1.499211207125101
10 14 2.907508040139152
11 14 3.3129731482473166
14 14 2.2143608595792066
