9 0 4.74493212836325
12 0 4.74493212836325
16 0 4.74493212836325
0 1 4.74493212836325
1 1 3.64631983969514
9 1 3.64631983969514
12 1 4.339467020255086
3 2 4.74493212836325
13 2 4.051784947803305
14 2 4.74493212836325
13 3 4.74493212836325
14 3 4.74493212836325
4 4 2.834113299119207
5 4 2.1058747987479913
6 4 1.5668782980153042
2 5 4.051784947803305
3 5 3.64631983969514
5 5 3.64631983969514
14 5 2.9531726591351948
4 6 1.7004096906398272
6 6 3.1073233389624533
7 7 2.9472379236153805
8 7 2.179982770901713
10 7 1.4868355903417678
7 8 2.362304327695668
8 8 3.7232808808312687
15 9 4.74493212836325
16 9 4.74493212836325
46 9 4.74493212836325
10 10 3.1763162104494045
17 10 2.26002547857525
18 10 3.3586377672433594
7 11 2.8731299514616584
8 11 3.1354942159291497
9 12 4.74493212836325
15 12 4.74493212836325
16 12 4.74493212836325
7 13 2.5854478790098776
11 13 4.74493212836325
13 13 3.3586377672433594
11 14 4.74493212836325
13 14 4.74493212836325
46 15 4.74493212836325
62 15 4.74493212836325
83 15 3.3586377672433594
15 16 4.74493212836325
46 16 4.74493212836325
62 16 4.74493212836325
17 17 3.64631983969514
19 17 4.051784947803305
20 17 4.74493212836325
17 18 4.74493212836325
19 19 3.3586377672433594
21 19 4.051784947803305
22 19 4.74493212836325
19 20 4.74493212836325
22 20 4.74493212836325
21 21 3.64631983969514
23 21 4.74493212836325
24 21 4.339467020255086
26 21 3.64631983969514
21 22 4.74493212836325
24 23 4.74493212836325
26 23 4.74493212836325
28 23 2.7990219793079367
26 24 4.74493212836325
28 24 3.492169159867882
38 25 4.74493212836325
39 25 4.74493212836325
40 25 4.74493212836325
28 26 3.8976342679760463
25 27 4.457250055911469
27 27 3.764102875351524
39 27 3.3586377672433594
40 27 4.051784947803305
28 28 3.41806118771416
30 28 3.269025608553672
31 29 4.74493212836325
28 30 1.8827312474337816
29 30 4.23410650459726
30 30 3.4719664525503626
31 30 3.1354942159291497
27 31 4.051784947803305
31 31 3.64631983969514
1 32 4.74493212836325
33 33 3.4764208028997428
34 33 3.764102875351524
44 33 2.665490586683414
45 33 3.3586377672433594
43 34 3.64631983969514
44 34 4.74493212836325
45 34 4.74493212836325
33 35 1.5128110767450285
35 35 2.617254285723931
36 35 2.899105437864919
37 35 2.7167838810709646
35 36 2.899105437864919
35 37 2.7167838810709646
37 37 3.3586377672433594
35 38 2.899105437864919
35 39 2.493640329756755
38 39 4.74493212836325
35 40 1.8004931491968095
38 40 4.74493212836325
39 40 4.74493212836325
1 41 2.03688192726104
32 41 3.1354942159291497
41 41 3.1354942159291497
48 42 4.23410650459726
42 43 4.74493212836325
43 43 3.64631983969514
48 43 3.1354942159291497
43 44 4.74493212836325
43 45 4.339467020255086
44 45 4.74493212836325
62 46 4.74493212836325
83 46 4.051784947803305
47 47 3.3586377672433594
49 47 4.457250055911469
50 47 4.74493212836325
47 48 4.051784947803305
48 48 3.7232808808312687
50 48 3.1354942159291497
49 49 3.3586377672433594
51 49 4.74493212836325
52 49 4.051784947803305
49 50 4.74493212836325
51 50 4.051784947803305
51 51 3.3586377672433594
52 51 4.74493212836325
53 51 4.74493212836325
55 51 1.9723434061234688
53 52 4.74493212836325
55 52 3.3586377672433594
54 53 4.051784947803305
55 53 3.3586377672433594
55 54 3.0709556947915786
56 54 3.3586377672433594
66 54 3.64631983969514
54 55 3.0709556947915786
55 55 3.0709556947915786
56 55 2.665490586683414
57 55 3.2251063746188366
54 56 3.3586377672433594
56 56 3.3586377672433594
66 56 4.339467020255086
54 57 2.665490586683414
55 57 2.665490586683414
56 57 3.3586377672433594
57 57 3.581781318557569
58 58 3.64631983969514
60 58 2.9531726591351948
59 59 3.3586377672433594
61 59 3.581781318557569
58 60 2.9531726591351948
59 60 3.1763162104494045
60 60 2.9531726591351948
61 60 0.18058393689541372
61 61 3.4764208028997428
68 61 3.0709556947915786
69 61 3.764102875351524
82 62 4.051784947803305
83 62 4.051784947803305
60 63 2.9531726591351948
64 63 4.74493212836325
60 64 3.3586377672433594
60 65 2.26002547857525
63 65 4.74493212836325
64 65 4.74493212836325
65 66 3.64631983969514
66 66 3.64631983969514
67 66 4.562610571569295
63 67 4.74493212836325
64 67 4.051784947803305
65 67 4.74493212836325
67 67 3.3586377672433594
68 68 3.3586377672433594
70 68 4.562610571569295
68 69 4.74493212836325
70 69 3.64631983969514
70 70 3.64631983969514
72 70 4.562610571569295
74 70 2.9531726591351948
4 71 2.1058747987479913
6 71 1.5668782980153044
71 71 3.3586377672433594
83 71 3.3586377672433594
72 72 3.3586377672433594
74 72 4.74493212836325
75 72 4.051784947803305
71 73 4.051784947803305
73 73 3.3586377672433594
83 73 3.764102875351524
74 74 3.3586377672433594
75 74 4.74493212836325
76 74 4.457250055911469
76 75 4.74493212836325
78 75 1.7491998548092589
76 76 3.3586377672433594
77 76 4.74493212836325
78 76 2.1546649629174235
78 77 2.847812143477369
77 78 1.7491998548092589
78 78 2.72375949480739
79 78 2.847812143477369
86 78 1.7491998548092589
88 78 2.4423470353692043
86 79 4.74493212836325
87 79 4.051784947803305
88 79 4.74493212836325
80 80 2.41805434280016
81 80 2.4423470353692043
90 80 1.5260563034950492
80 81 2.2192034840549946
81 81 2.665490586683414
90 81 2.665490586683414
71 82 3.3586377672433594
73 82 4.74493212836325
82 82 3.3586377672433594
4 83 1.8181927262962105
71 83 3.3586377672433594
73 83 2.665490586683414
82 83 4.051784947803305
83 83 2.665490586683414
80 84 2.6246685921631587
80 85 2.2192034840549946
84 85 4.74493212836325
85 86 4.74493212836325
87 86 4.74493212836325
80 87 0.8329091229351039
84 87 4.74493212836325
85 87 4.74493212836325
87 87 3.3586377672433594
86 88 4.74493212836325
87 88 4.74493212836325
89 89 2.7018582308542887
91 89 2.03688192726104
92 89 1.5668782980153044
89 90 2.26002547857525
90 90 3.764102875351524
89 91 1.8545603704670852
91 91 3.4719664525503626
92 91 2.1546649629174235
89 92 0.06280090123903023
91 92 2.03688192726104
92 92 3.581781318557569
