0 0 0.12810966450974062
5 0 0.17022114985986725
6 0 -0.23524395824829705
7 0 -2.363475664097565
8 0 -0.23524395824829705
10 0 -1.6215383193681876
0 1 0.17022114985986705
0 2 0.17022114985986705
0 3 -0.23524395824829705
1 3 3.3586377672433594
0 4 -0.23524395824829705
2 4 4.051784947803305
6 5 2.9531726591351948
7 5 2.2112353144058177
8 5 2.9531726591351948
10 5 2.26002547857525
11 5 1.16141318990714
7 6 2.7990219793079367
0 7 -2.586619215411775
1 7 2.3935568711997726
3 7 2.7990219793079367
7 7 2.152394814382884
9 7 2.7990219793079367
10 7 1.7004096906398272
11 7 -0.09134977858822796
10 8 4.051784947803305
11 8 3.64631983969514
10 9 4.051784947803305
11 9 3.64631983969514
11 10 4.051784947803305
0 11 -2.027003427476352
2 11 3.64631983969514
4 11 4.051784947803305
11 11 2.9531726591351948
