18 0 5.070300850491952
1 1 4.334851290241318
2 1 1.5670818544374854
3 1 2.68767304982437
9 1 4.702576070366635
1 2 2.077907478203476
2 2 3.5088426199459875
3 2 1.423981010796812
4 2 -1.3651370133941796
18 2 3.0334189232309123
2 3 2.8102753719167026
3 3 4.2493202984221226
2 4 -4.07318721449639
4 4 0.12532042542930816
5 4 -0.5654535380873962
6 4 -0.4676893693215045
7 4 0.16091929010086964
10 4 -1.6308401791271854
11 4 -3.7709063426234564
12 4 -2.729452467795295
13 4 -1.6308401791271854
14 4 -0.5699682184419228
16 4 -3.3355882713656104
1 5 -0.32786185102580034
2 5 0.4878876516264774
4 5 -0.726383904900033
5 5 2.479649143607048
6 5 2.4994517709032276
11 5 1.1956336316075753
12 5 0.4453280372076813
1 6 1.3013786887044796
4 6 -1.16083654988145
5 6 2.5735597430569492
6 6 1.5637429531719707
11 6 1.7262618826697456
12 6 2.0745685769379616
14 6 2.7677157574979065
4 7 0.16091929010086964
4 8 -3.017134540247076
8 8 4.900401813696555
18 8 3.501684932578107
3 9 4.5594752267259615
4 10 -1.0247043755568699
8 10 3.214002860126326
10 10 4.194832113138053
4 11 -3.7709063426234564
8 11 1.25625825342401
10 11 3.1533782383098914
11 11 3.9989940125141104
12 11 3.335699795103846
11 12 3.7411649032120105
12 12 4.782618778040171
0 13 3.6840064893720617
2 13 1.464803005317067
4 13 -2.3239873596871305
13 13 3.724828483892317
14 13 2.585394200703952
18 13 1.8922470201440067
0 14 3.971688561823843
1 14 3.016177116796406
2 14 0.8361943458946931
13 14 3.0962198244699426
14 14 3.3839018969217234
16 14 3.1832312014595727
4 15 0.16091929010086964
4 16 -2.236975982697501
15 16 4.869630155029801
16 16 4.551176423911267
17 16 4.869630155029801
16 17 4.869630155029801
2 18 2.6279538151227477
4 18 -0.4958602462882009
18 18 3.7203741335429363
