0 0 0.20796645971436273
5 0 0.2527023535557542
6 0 -0.15276275455241028
7 0 -2.3339869905421886
0 1 0.02955880224154443
10 1 3.312973148247316
12 1 3.312973148247316
14 1 0.7480237907857796
0 2 0.2527023535557542
0 3 -0.37590630586662
1 3 3.312973148247316
10 3 3.312973148247316
12 3 3.312973148247316
0 4 -0.15276275455241015
2 4 3.823798772013307
6 5 2.976500911626103
7 5 2.1815710367562158
3 6 1.367062999192003
7 6 2.5382459806949482
0 7 -2.8936027784776113
1 7 2.1815710367562158
3 7 2.443935301223707
7 7 1.6920228114375102
9 7 0.3898115675281607
10 7 1.4884238561962704
11 7 2.443935301223707
13 7 2.0762105210983894
14 7 0.3097688598546243
3 8 2.2143608595792066
7 8 2.1815710367562158
11 8 2.2143608595792066
13 8 2.2143608595792066
7 9 1.999249479962261
8 9 3.823798772013307
11 9 2.2143608595792066
12 10 4.922411060681417
14 10 3.0506088837798253
8 11 2.2143608595792066
9 11 2.2143608595792066
13 11 3.312973148247316
14 11 2.8274653324656156
9 12 3.823798772013307
14 12 3.0506088837798253
7 13 -0.12101405623782996
8 13 2.2143608595792066
9 13 2.907508040139152
14 13 3.14591906358415
0 14 -2.3122470039057825
2 14 3.0506088837798253
4 14 3.4560739918879895
7 14 -0.38337832070532096
8 14 2.6451437756716607
9 14 2.6451437756716607
14 14 2.190407618556714
