0 0 0.008407313198767063
3 0 0.009817750668129229
4 0 -0.39564735744003526
5 0 -2.18740682666809
0 1 0.009817750668129229
0 2 -0.39564735744003526
1 2 6.168913139160062
4 3 6.168913139160062
5 3 5.763448031051897
5 4 6.168913139160062
5 5 5.070300850491952
8 5 6.168913139160062
9 5 5.763448031051897
10 5 3.971688561823843
0 6 -1.0887945379999806
1 6 6.168913139160062
2 6 6.168913139160062
1 7 6.168913139160062
2 7 6.168913139160062
6 7 6.168913139160062
9 8 6.168913139160062
10 8 5.763448031051897
10 9 6.168913139160062
2 10 5.070300850491952
6 10 5.763448031051897
7 10 6.168913139160062
10 10 5.070300850491952
