0 0 0.12718232123114698
3 0 0.14485062536446106
4 0 -0.2606144827437034
5 0 -2.8408313123360283
0 1 0.14485062536446106
0 2 -0.2606144827437034
1 2 3.784189633918261
4 3 3.784189633918261
5 3 2.5902671654458267
5 4 2.995732273553991
0 5 -2.8408313123360283
1 5 2.367123614131617
2 5 2.367123614131617
5 5 2.271813434327292
8 5 2.995732273553991
9 5 2.5902671654458267
10 5 0.7339691750802005
1 6 2.8678989020441064
2 6 3.784189633918261
5 6 2.367123614131617
2 7 2.8678989020441064
5 7 2.367123614131617
6 7 3.784189633918261
9 8 3.784189633918261
10 8 3.3141860046725258
10 9 3.71965111278069
5 10 0.7339691750802005
6 10 3.3141860046725258
7 10 3.71965111278069
10 10 2.7388218597689638
