0 0 0.12031812552272664
3 0 -3.2541163262264714
6 0 0.086456433619249
7 0 -0.28823701582216166
8 0 -2.4274377530420033
0 1 0.05177087563135904
6 1 1.630951702865421
7 1 0.9378045223054756
0 2 0.14708105543568395
0 3 -0.2583840526724806
1 3 3.771017866361692
0 4 -0.9515312332324257
1 4 3.771017866361692
6 4 3.335699795103846
0 5 -0.25838405267248044
2 5 4.377153669932007
1 6 0.9378045223054756
3 6 1.7262618826697456
7 6 3.335699795103846
8 6 2.4884019347166424
12 6 1.0331147021098004
0 7 -3.784744577288642
1 7 1.630951702865421
3 7 1.7262618826697456
8 7 2.8484046687480498
10 7 3.335699795103846
12 7 1.7262618826697456
0 8 -3.0028018979455653
1 8 2.3557359683685486
3 8 2.795886634464603
8 8 2.3163135542027167
10 8 1.920417897110703
12 8 2.9136696701209868
13 8 1.920417897110703
14 8 2.508204562012822
15 8 0.7503466444604487
3 9 2.7677157574979065
8 9 2.9012471501224297
13 10 6.168913139160062
14 10 3.866328046166016
15 10 2.801617309173588
0 11 -2.3378255943523163
1 11 2.384723505241801
4 11 4.782618778040171
8 11 2.3258830052188677
9 11 4.782618778040171
10 12 3.866328046166016
13 12 3.866328046166016
14 12 3.866328046166016
15 12 3.389403974075707
14 13 3.866328046166016
15 13 3.4947644897335333
11 14 2.4800336850461258
15 14 3.866328046166016
0 15 -2.5270675939908447
1 15 0.40372203637521764
2 15 3.4947644897335333
4 15 3.4947644897335333
5 15 3.900229597841698
8 15 -0.34826564420766115
9 15 3.4947644897335333
11 15 3.8132182208520677
15 15 2.766525989362318
