0 0 1.7101918926645359
1 0 -0.775641597269602
2 0 0.5879613526482179
3 0 0.008142857395275852
5 0 0.4460432412565939
6 0 -1.3566251694765872
10 0 2.2366199782355993
15 0 0.5879613526482179
16 0 0.8243501307124482
17 0 -0.8879451671613598
0 1 -1.1183263857758001
1 1 1.7619298582880778
2 1 -0.12695962746128797
3 1 0.20951260915992492
4 1 -3.365638079625669
6 1 -0.14253280092425796
15 1 0.014118970798617602
16 1 0.4608270374408309
17 1 1.371812717085293
0 2 0.36481780133400804
1 2 -0.4689113298471266
3 2 -0.0469169197877516
4 2 1.214214298378133
5 2 1.2593347336586025
6 2 -0.6821701219287943
7 2 1.4607382983364066
8 2 0.7675911177764612
15 2 1.8036830494632368
16 2 0.10723376003950659
0 3 0.5045797437091668
1 3 -0.24576777853291684
2 3 1.339377441332139
3 3 0.42308670945798416
4 3 0.9910707470639233
5 3 0.05536192933266648
6 3 0.7409382123138127
7 3 -0.148699614097694
8 3 0.6462302607721937
9 3 -0.5775451708499221
15 3 1.1927739671402635
16 3 0.28955531683346136
0 4 -1.0821011816023176
2 4 0.8087491902699684
3 4 -0.10754154160418647
4 4 2.195043551389859
5 4 1.8273187712645418
6 4 0.5276678018495398
7 4 -0.8334785449871227
8 4 1.0883340524891298
9 4 0.5404852036752893
15 4 -0.8959989019684568
16 4 -3.285595371952132
0 5 -0.24003677208025892
2 5 -1.2255719161293976
3 5 1.1539742180007764
4 5 1.4863921842939485
5 5 1.7701603574245932
6 5 0.7002706698751063
7 5 -0.05438893462645271
8 5 0.2962679369867165
9 5 -0.4211991004592281
15 5 1.2285630749918488
16 5 -1.918719096689343
17 5 0.16072244499049307
0 6 -0.4039667934315573
1 6 0.027237579502931174
2 6 0.23412060994536063
3 6 0.34744929525236384
4 6 1.1850968998074058
5 6 0.4061327970804541
6 6 1.228107947534598
7 6 -1.477099996798682
8 6 -1.9760911629176698
9 6 -3.1099183578768463
15 6 -0.059640508582802426
16 6 0.5292746972358426
17 6 -0.3254951779900619
2 7 0.20797532984103842
3 7 0.10261481418321218
4 7 0.1473507080246035
5 7 -0.8753694866962827
6 7 -1.7182620536155702
7 7 2.342332629116989
8 7 2.026261553402522
9 7 0.8404978885845488
14 7 1.3285665252279233
18 7 0.9011225104009837
2 8 1.2195762415195182
3 8 0.2567654940104704
4 8 -0.14033136442717742
5 8 -0.7083154020331167
7 8 2.2914410218206
8 8 2.1515786727984367
9 8 1.2967353220661364
12 8 -2.826977656866234
13 8 0.9011225104009837
14 8 0.3331384727950443
18 8 2.6928819796290386
3 9 0.38386599630470253
5 9 -0.2070023351348247
6 9 -2.5539722988303857
7 9 0.5333977302756664
8 9 1.7034689829259209
9 9 2.5745331730947627
12 9 -1.0824710724887243
13 9 2.4633075379845386
14 9 0.907936846820714
18 9 1.7701603574245932
0 10 0.7702829094421726
2 10 2.948815353766239
5 10 1.2593347336586025
10 10 2.948815353766239
15 10 2.496830230023182
16 10 0.9339123332239745
11 11 2.1412807265510487
12 11 -1.0512185289846199
9 12 -0.539804842867075
11 12 -1.0512185289846199
12 12 1.5735545727673887
13 12 0.38386599630470253
14 12 0.5090291392587086
12 13 0.7023197274232372
13 13 2.948815353766239
14 13 2.7256718024520294
8 14 -0.6542481807628409
9 14 1.8772840237008002
12 14 0.589071846932245
13 14 2.032524621892084
14 14 2.40876009168531
0 15 0.014615371900893048
1 15 -0.004605721716028826
3 15 0.8132843454353599
5 15 1.7331190857442442
6 15 0.33766128888620106
15 15 1.8906944264528665
16 15 0.09416167847215393
17 15 0.6844514735923914
0 16 0.8929920634346118
1 16 0.18167623629402266
2 16 0.6462302607721937
3 16 0.5031294171315204
4 16 -0.9830102789580865
5 16 -1.3686727597700712
6 16 0.6284124174554
10 16 -0.0469169197877516
15 16 0.4455595653100424
16 16 1.0572355492559735
17 16 0.4920795809449353
3 17 0.08661447283677108
4 17 -0.44401377822539934
5 17 -0.6865754153967107
6 17 1.1561093629341537
15 17 -0.7018428875274991
16 17 1.2652694691784172
17 17 3.1513396178777136
7 18 3.2990177831993543
8 18 1.594269690960929
