0 0 0.1745889820130969
5 0 0.131212707687745
8 0 -0.39941554337442536
9 0 -2.9321782143400608
12 0 -0.20525952893346794
14 0 -0.20525952893346794
16 0 -4.659606825186976
0 1 0.10012212061771388
5 1 0.8218056084425936
8 1 0.6966424654885874
9 1 -1.1429730249171026
12 1 3.5298558095448036
0 2 0.20020557917469636
0 3 -0.34836037257414143
1 3 3.460862938057852
5 3 0.752812736955642
6 3 3.460862938057852
8 3 1.3207967745615814
9 3 -1.211965896404054
0 4 -0.6107246370416323
2 4 5.070300850491952
7 4 5.070300850491952
8 4 2.2370875064357363
9 4 0.3974720160300463
8 5 3.3356997951038463
9 5 2.189231485258101
8 6 3.335699795103846
9 6 2.189231485258101
8 7 3.335699795103846
9 7 2.189231485258101
9 8 2.594696593366266
0 9 -3.006286186493783
1 9 2.189231485258101
3 9 2.549234219289508
5 9 -1.211965896404054
6 9 2.189231485258101
8 9 -1.3371290393580602
9 9 1.9765470647340286
13 9 2.499386413561941
15 9 2.0939213054537764
16 9 0.037469281998639296
3 10 1.956785541281578
9 10 2.3899021807202523
13 10 1.5737932890254722
15 10 1.5737932890254722
16 10 0.21048844613028025
9 11 2.071448449601718
10 11 3.971688561823843
13 11 1.5737932890254722
15 11 1.5737932890254722
14 12 6.168913139160062
16 12 3.100860204026445
15 13 3.771017866361692
16 13 3.100860204026445
16 14 3.506325312134609
16 15 3.5063253121346096
0 16 -3.9664596446270304
2 16 3.100860204026445
4 16 3.506325312134609
7 16 3.100860204026445
8 16 -0.4255003205897163
9 16 -0.18567426931557054
10 16 3.100860204026445
11 16 3.506325312134609
13 16 0.009817750668129229
16 16 2.6895641756074875
