0 0 1.4399338092103684
1 0 -1.7554167655118458
2 0 0.023920183717651835
3 0 -1.7861884241785995
6 0 0.8630212769006771
7 0 -1.380723316070435
9 0 0.0055710450494554295
10 0 -1.8967302985784236
11 0 -2.9436412128696428
12 0 -0.48690544004833874
15 0 -0.48690544004833874
0 1 0.8061340439528358
1 1 -0.4287606707116865
2 1 0.993901334579079
3 1 -1.5581446180465497
6 1 1.496530191140891
7 1 -0.4595323293784402
9 1 0.7568629949460529
10 1 -1.822837172273632
11 1 -1.6169851180694834
12 1 1.532897835311766
13 1 -1.1971312725092191
14 1 -1.462834438242225
15 1 1.9383629434199303
17 1 1.245215762859985
18 1 -0.8237544789525555
20 1 1.245215762859985
21 1 -1.4289328865665436
0 2 -0.5007752879124893
1 2 1.6765772152717289
2 2 0.9991783916799226
3 2 -0.9932517730102833
6 2 0.9628107475090479
7 2 1.3581234841531942
9 2 0.9162907318741551
12 2 1.404643499788087
13 2 -0.6322384274729528
15 2 2.5032557884561966
17 2 1.8101086078962514
18 2 -0.258861633916289
20 2 1.8101086078962514
0 3 0.23682365521829002
1 3 1.475906519809578
2 3 0.7985076962177716
3 3 -0.2130932154607082
6 3 0.8675005677047231
7 3 1.3710268889891024
9 3 0.7156200364120041
10 3 -1.8640801308076809
11 3 -1.6582280766035322
12 3 0.7985076962177716
13 3 -1.2383742310432682
14 3 -1.504077396776274
16 3 1.8971199848858813
17 3 1.2039728043259361
18 3 -0.8649974374866044
20 3 1.2039728043259361
1 4 1.0116009116784797
2 4 1.5869650565820417
3 4 0.287682072451781
6 4 1.1451323043030024
7 4 2.0794415416798357
9 4 1.5040773967762742
10 4 -0.6701576623352468
3 5 1.8971199848858813
8 5 5.393627546352362
9 5 2.0149030205422647
0 6 -1.6357552207514738
1 6 0.5415972824327442
2 6 1.7360006357425295
3 6 0.3566749439387324
6 6 -0.5776342934381011
7 6 1.0498221244986776
9 6 1.5730702682632254
10 6 0.24613306953890837
13 6 0.024541108916117445
15 6 0.9628107475090479
17 6 1.3682758556172123
18 6 -0.007547205635382966
19 6 -0.7111656860626236
21 6 -1.3058727938093166
22 6 -2.592537313980366
0 7 -2.537657215173529
1 7 0.8718389693033212
2 7 1.447203114206883
3 7 0.707535918012045
6 7 0.024541108916117445
7 7 0.5533852381847867
9 7 1.5184661342283736
10 7 -0.5867760533961954
11 7 -0.6040675505062565
13 7 0.5089334756139529
15 7 1.159521041755102
16 7 1.5649861498632665
17 7 1.9704512579714308
18 7 0.4123066399248809
21 7 -0.010550210895152486
1 8 1.927891643552635
3 8 1.8971199848858813
9 8 2.0149030205422647
0 9 -1.704748092238425
1 9 0.6061358035703156
2 9 -0.8979415932059586
3 9 1.1349799328389847
6 9 -0.6466271649250525
7 9 0.5108256237659907
9 9 0.0
10 9 0.7161366987846441
11 9 -0.46430560813109767
12 9 0.8938178760220964
13 9 0.46637386119515695
14 9 -0.7156200364120039
16 9 1.2992829841302609
18 9 0.9350608345561455
19 9 -0.780158557549575
21 9 0.01142869582362285
22 9 -2.661530185467317
0 10 -1.7770687538180514
1 10 0.3639161051952919
2 10 -1.951091507797311
3 10 0.9691332132485351
6 10 -1.2943119714082405
7 10 -0.20585205420414873
9 10 -1.7462970951512977
10 10 1.0901031398334373
11 10 -1.0066298989564593
13 10 -0.11677242415045994
14 10 -1.075622770443411
16 10 0.9392802500988536
17 10 -0.44701411102103694
18 10 1.0393637086558363
19 10 -1.8333084721409276
20 10 0.24613306953890837
21 10 0.6165068578358026
22 10 -1.7687699510033563
0 11 -1.8588987720656833
1 11 -0.2411620568168881
2 11 -1.0520922730332167
3 11 0.826678573184468
4 11 0.22884157242884745
5 11 1.8382794848629478
7 11 0.13353139262452277
9 11 -0.8472978603872036
10 11 1.19059467837976
11 11 -0.6184562879583558
13 11 0.6486954179891116
14 11 -0.869770716239262
18 11 1.0910650830327269
21 11 -0.1427219840036355
22 11 -2.8156808652945755
10 12 1.2269623225506345
11 12 1.8382794848629478
13 12 1.159521041755102
18 12 0.8397506547518205
1 13 -1.2076025723765147
2 13 -0.6322384274729528
3 13 -0.5452270504833229
4 13 1.7473077066572211
6 13 -1.074071179751992
7 13 -0.1397619423751586
10 13 0.9392802500988536
11 13 1.6472242481002388
13 13 0.7320770269281627
18 13 0.4123066399248809
19 13 0.8718389693033212
21 13 -0.4160153190033168
22 13 -2.3958270197343117
1 14 -0.08701137698962969
3 14 0.287682072451781
4 14 1.4816045409242156
6 14 -1.3397743454849977
7 14 0.287682072451781
9 14 -0.6931471805599453
10 14 -0.15933203856925593
11 14 1.2702954472570087
13 14 0.24323030988094718
14 14 -1.4087672169719492
18 14 0.14660347419187544
19 14 1.7847907999119617
21 14 1.1100409844917325
22 14 -0.5820886437874813
10 15 -0.15933203856925607
11 15 1.4328143767547836
12 15 3.8895501495760874
14 15 0.8938178760220964
18 15 0.8397506547518205
19 15 1.5224265354444706
20 15 3.6018680771243066
10 16 0.24613306953890837
11 16 1.1451323043030026
12 16 3.6018680771243066
14 16 1.2992829841302609
19 16 1.927891643552635
20 16 4.007333185232471
10 17 -0.44701411102103694
11 17 1.1451323043030026
13 17 2.258133330423212
14 17 0.6061358035703156
18 17 0.5520685823000396
19 17 1.2347444629926896
21 17 0.6400373552459968
22 17 -0.6466271649250526
1 18 -1.5378442592470916
3 18 -1.5686159179138452
4 18 1.0116009116784797
5 18 1.927891643552635
8 18 1.927891643552635
10 18 -0.44701411102103694
11 18 1.0805937831654315
13 18 1.5004476287256951
14 18 0.8292793548845252
18 18 -0.8342257788198509
19 18 0.7647408337469539
21 18 1.5050347927326015
22 18 0.0465200156348927
4 19 1.0116009116784797
7 19 -0.4700036292457356
10 19 -0.44701411102103694
11 19 0.6751286750572669
13 19 1.4314547572387437
14 19 0.6061358035703156
19 19 -0.15154989812720093
21 19 1.556328087120152
22 19 0.6751286750572669
13 20 1.5649861498632665
14 20 1.9924301646902063
19 20 2.6210388241125804
21 20 1.333184535805942
1 21 -1.4394041864338392
3 21 -1.4701758451005926
4 21 1.1100409844917325
5 21 2.0263317163658874
8 21 2.0263317163658874
9 21 -1.3523928094442093
10 21 -2.4280155798876204
11 21 0.4168938039317874
13 21 -1.109162499563262
14 21 1.5155060925998969
18 21 -0.3303205978984338
19 21 1.0455024633541612
21 21 -0.6478169330606411
22 21 1.1100409844917325
3 22 -1.3705460041517512
4 22 0.22884157242884745
7 22 -1.6582280766035322
10 22 -2.1052421876245693
11 22 0.07469089260158922
13 22 -2.3958270197343117
14 22 1.076139432816051
18 22 -2.7155974067375928
19 22 0.3649737467534275
21 22 -0.8358691645635808
22 22 1.4883842279095942
