0 0 0.16626600044640918
4 0 0.18665753113739003
7 0 -0.5064896494225553
8 0 -3.042168624583979
0 1 0.18665753113739003
0 2 -0.3729582567980328
1 2 3.5298558095448036
5 2 3.5298558095448036
7 2 1.4504142678649676
8 2 -0.3921175267365106
6 3 5.475765958600117
7 3 3.396324416920281
8 3 1.5537926223188028
7 4 3.396324416920281
8 4 2.246939802878748
7 5 3.396324416920281
8 5 2.246939802878748
7 6 3.396324416920281
8 6 2.246939802878748
8 7 2.6524049109869123
0 8 -3.042168624583979
1 8 2.246939802878748
2 8 2.5523214524299296
5 8 2.246939802878748
7 8 -0.5256489193610332
8 8 1.9154058478981177
9 8 -0.8441026504795678
10 8 2.246939802878748
12 8 2.6524049109869123
13 8 2.246939802878748
14 8 0.45518033365069305
2 9 2.5182548978663237
8 9 2.5231931795069062
8 10 2.246939802878748
9 10 3.771017866361692
8 11 2.246939802878748
9 11 3.771017866361692
8 12 -1.0111567351427342
9 12 1.2060685089001548
10 12 3.6039637816985253
13 12 3.6039637816985253
14 12 3.198498673590361
14 13 3.6840064893720617
3 14 3.6840064893720617
6 14 3.2785413812638975
7 14 0.5059526590241161
8 14 0.2728587768567383
9 14 3.1832312014595727
11 14 3.6840064893720617
14 14 2.585394200703952
