0 0 0.19473564873895569
1 0 -2.4646791749753403
3 0 -0.16209408198129477
6 0 0.19458086195743765
7 0 -0.16209408198129477
8 0 -2.321578331334667
11 0 -0.16209408198129477
13 0 -0.16209408198129477
15 0 -3.6278299847810214
0 1 0.1002701824861964
6 1 1.367062999192003
11 1 3.312973148247316
0 2 0.24337102612686973
0 3 -0.16209408198129477
1 3 3.312973148247316
0 4 -0.16209408198129477
1 4 3.312973148247316
0 5 -0.16209408198129477
2 5 3.823798772013307
0 6 -2.8011514115965532
1 6 1.367062999192003
3 6 2.976500911626103
7 6 2.976500911626103
8 6 2.2033110233926214
8 7 2.762926811328044
0 8 -3.0147255118946124
1 8 1.8466360794538892
4 8 2.4752447388762633
8 8 1.9897369230945625
10 8 0.5657022339918248
12 8 2.5397832600138344
14 8 2.13431815190567
15 8 -0.009661910911736972
0 9 -1.9538535512093498
1 9 2.2143608595792066
4 9 2.4375044108934163
8 9 1.6643145226599347
12 9 2.2143608595792066
14 9 2.2143608595792066
15 9 1.0512100497735257
1 10 2.2143608595792066
4 10 2.4375044108934163
8 10 1.2588494145517701
9 10 3.823798772013307
12 10 2.2143608595792066
14 10 2.2143608595792066
13 11 4.922411060681417
15 11 2.8429695190015805
9 12 2.2143608595792066
10 12 2.2143608595792066
14 12 3.312973148247316
15 12 2.6198259676873707
15 13 3.248434627109745
8 14 0.0548766102258343
9 14 2.2143608595792066
10 14 2.2143608595792066
15 14 3.0252910757955354
0 15 -2.5292176961129114
2 15 2.8429695190015805
4 15 0.7635279773217447
5 15 3.248434627109745
9 15 2.4375044108934163
10 15 2.8429695190015805
12 15 0.540384426007535
15 15 2.267605374098019
