0 0 0.34240685315290975
3 0 -2.608149792152182
5 0 0.436372645571241
7 0 -0.08687549819330687
8 0 -2.5875305049494464
9 0 -1.355386823656814
10 0 0.03090753746307649
12 0 0.436372645571241
13 0 0.03090753746307649
15 0 -2.271677555530969
0 1 0.436372645571241
0 2 0.4363726455712409
0 3 -0.12324314236418166
1 3 2.7990219793079367
6 3 2.7990219793079367
7 3 0.6017974019717174
8 3 -1.0721790315999542
0 4 0.03090753746307649
2 4 3.3586377672433594
3 5 0.6017974019717174
6 5 2.5477075510270306
7 5 2.4299245153706472
8 5 1.315563869734398
13 5 2.5477075510270306
15 5 0.9382696385929302
16 5 -0.39673142813940976
7 6 2.5477075510270306
8 6 1.5668782980153044
3 7 0.6017974019717174
6 7 2.5477075510270306
7 7 0.3504829736908112
8 7 1.8545603704670852
0 8 -2.741681184776705
1 8 1.5668782980153044
3 8 1.8181927262962105
8 8 1.4333469053907815
14 8 1.9723434061234688
15 8 1.3437347467010947
16 8 -0.6844135005911907
8 9 1.9723434061234688
8 10 1.5668782980153044
9 10 4.051784947803305
8 11 1.5668782980153044
9 11 4.051784947803305
8 12 0.873731117455359
9 12 4.051784947803305
10 12 4.74493212836325
15 13 3.1354942159291497
16 13 2.493640329756755
15 14 3.1354942159291497
16 14 2.493640329756755
16 15 2.899105437864919
0 16 -2.2203842611434186
2 16 2.493640329756755
4 16 2.899105437864919
8 16 -2.0707078617110812
9 16 1.8004931491968095
11 16 2.899105437864919
16 16 2.151891036034698
