0 0 0.21868541900212166
3 0 0.24021091378839554
4 0 -0.16525419431976907
5 0 -2.884354231608564
0 1 0.24021091378839554
0 2 -0.16525419431976907
1 2 3.6840064893720617
4 3 3.6840064893720617
5 3 2.351200813203157
5 4 2.756665921311322
5 5 2.144406399890477
6 5 -0.1337058365848429
7 5 2.1688792564092028
9 5 2.574344364517367
10 5 0.5594413439751025
11 5 2.117585962021652
12 5 0.11385624207751278
5 6 2.351200813203157
7 6 2.585394200703952
8 6 1.1990998395840615
9 6 2.4518628080794294
11 6 1.1990998395840615
12 6 -0.804629880360078
5 7 1.945735705094993
6 7 3.2785413812638975
10 7 3.971688561823843
11 7 1.8922470201440067
12 7 0.5816644807598126
5 8 1.8811971839574217
6 8 3.501684932578107
9 8 1.6045649476922257
10 8 3.2785413812638975
11 8 1.8922470201440067
12 8 -0.11148269980013271
5 9 -0.8268530171447882
6 9 1.1990998395840615
7 9 2.9908593088121163
8 9 0.5059526590241161
10 9 2.585394200703952
11 9 2.9038479318224866
12 9 2.191102393193913
11 10 2.9908593088121163
12 10 2.3734239499878678
8 11 0.5059526590241161
10 11 1.8922470201440067
11 11 -0.18719452153582916
12 11 2.7363294436772363
0 12 -2.862131094823854
1 12 2.3734239499878678
2 12 2.778889058096032
5 12 -0.7511411954090917
6 12 2.191102393193913
8 12 2.6918776811064022
9 12 -0.804629880360078
10 12 1.274811661319758
11 12 -1.4977770609200234
12 12 2.0514528040574547
