0 0 1.4905053192307303
1 0 -0.8608699379327474
3 0 0.7195804376281008
4 0 -0.6179237593223578
8 0 1.4798669210256745
11 0 0.6730604219932079
12 0 -1.6222253685192263
14 0 -0.33024168687057703
15 0 -1.5540171184926928
16 0 1.2791962255635234
18 0 1.2791962255635234
21 0 0.5860490450035782
0 1 1.4764007130491885
3 1 -0.034191364748279426
4 1 -1.084013489246957
8 1 1.5062536761988696
9 1 -0.5731878654809663
11 1 0.9001178726285541
12 1 -1.2128463610899254
16 1 1.9117187843070338
21 1 1.2185716037470886
0 2 1.5062536761988696
8 2 1.4490952623589208
11 2 1.2484245668967697
12 2 -0.8645396668217097
0 3 0.3712737433598849
1 3 1.3521029963716111
3 3 0.8531118302526234
8 3 1.0072625100798818
9 3 1.7004096906398272
11 3 1.0942738870695115
19 3 0.6017974019717174
0 4 0.6207346029914682
1 4 1.4008931605410433
3 4 0.9019019944220553
4 4 -1.246532418744732
8 4 0.2451224580329849
9 4 1.461517782357478
11 4 0.8553819787871625
12 4 -1.1522217392734906
15 4 -1.084013489246957
16 4 1.7491998548092589
17 4 1.7491998548092589
18 4 1.0560526742493137
21 4 1.0560526742493137
22 4 -1.0233888674305223
0 5 1.5062536761988696
1 5 1.9117187843070338
8 5 1.4490952623589208
0 6 1.2185716037470886
2 6 3.64631983969514
8 6 1.4490952623589208
11 6 0.5552773863368246
3 7 2.7990219793079367
9 7 2.26002547857525
10 7 4.74493212836325
1 8 0.6307849388449697
3 8 1.2949445825316626
4 8 0.2451224580329849
8 8 -0.3426642068691341
9 8 0.06280090123903023
11 8 1.402575246724028
12 8 0.28813984311667573
13 8 -0.8534898306351247
14 8 0.2451224580329849
18 8 1.16141318990714
19 8 -1.0358113874290795
0 9 -0.5731878654809663
1 9 0.11995931507897897
3 9 1.4127276181880462
4 9 0.3629054936893685
9 9 0.4682660093471947
11 9 1.366207602553153
12 9 -0.4590745587135455
18 9 1.5668782980153044
19 9 0.7559480817989755
22 9 0.5860490450035782
23 9 -1.205710424224477
3 10 2.7990219793079367
9 10 2.26002547857525
11 10 1.6538896750049341
0 11 -1.1793236690512818
1 11 -0.08071138038317215
4 11 0.6040675505062566
8 11 -1.2364820828912306
9 11 0.2675953138850435
11 11 -1.4371527783533815
12 11 0.6983782299774978
17 11 1.6538896750049341
18 11 0.9607424944449888
19 11 0.3729558295428699
22 11 0.49073886519925336
23 11 -1.1186990472348473
0 12 -2.204604684633842
1 12 -0.21217451994363576
2 12 -0.1823215567939546
3 12 -1.0296194171811581
4 12 0.6286086594223741
5 12 -0.8754687373538999
6 12 0.5108256237659907
7 12 0.22314355131420976
8 12 -1.5686159179138452
9 12 0.22314355131420976
11 12 -1.2584609896100056
12 12 0.675128675057267
13 12 -2.4849066497880004
14 12 0.0
15 12 -2.6100697927420065
17 12 0.22314355131420976
19 12 0.7339691750802005
21 12 -0.4700036292457356
22 12 0.08961215868968714
23 12 -1.2966822024302034
0 13 -1.5540171184926928
1 13 -0.1677227573728021
4 13 0.9225212816247912
9 13 -0.5125632436645317
12 13 0.6803597244748194
13 13 -0.04255961441879589
14 13 1.0560526742493137
19 13 0.6914095606614045
22 13 -0.1070981355563671
23 13 -1.4933924966762577
0 14 -0.39086630868701183
1 14 0.9954280524328788
4 14 0.8329091229351039
5 14 2.03688192726104
12 14 0.2340726218464
13 14 1.8137383759468304
0 15 -0.9214945597491822
1 15 -0.2283473791892368
2 15 0.8131064956389242
4 15 -1.084013489246957
5 15 1.5062536761988696
6 15 0.8131064956389242
12 15 0.03991660740544242
13 15 1.6015638560031944
14 15 0.9954280524328788
15 15 -0.2283473791892368
19 15 0.4076413875307599
20 15 1.9117187843070338
22 15 0.5254244231871432
23 15 -1.5540171184926928
15 16 1.9117187843070338
20 16 3.3586377672433594
21 16 4.051784947803305
5 17 3.64631983969514
15 17 1.9117187843070338
21 17 4.051784947803305
12 18 -0.4590745587135453
13 18 1.3437347467010947
14 18 2.4423470353692043
15 18 1.2185716037470886
22 18 1.2791962255635234
23 18 0.5860490450035782
0 19 -0.9786529735891307
1 19 -0.9786529735891307
2 19 1.4490952623589208
4 19 -1.1411719030869056
5 19 0.7559480817989755
6 19 1.4490952623589208
7 19 1.8545603704670852
10 19 1.8545603704670852
12 19 -1.9631519554898194
13 19 0.2451224580329849
14 19 1.6314168191528755
15 19 0.4076413875307599
20 19 0.4682660093471947
22 19 1.5668782980153044
23 19 1.2220378117235746
2 20 2.26002547857525
6 20 2.26002547857525
8 20 0.4682660093471947
13 20 1.3437347467010947
15 20 1.624036711855253
22 20 1.6846613336716878
23 20 -0.1070981355563671
1 21 1.2185716037470886
5 21 2.9531726591351948
15 21 1.9117187843070338
20 21 2.665490586683414
22 21 1.2791962255635234
3 22 0.02643325706815543
5 22 0.873731117455359
7 22 1.9723434061234688
10 22 1.9723434061234688
13 22 0.873731117455359
15 22 1.336354639403472
19 22 -0.22488117121275064
20 22 1.2791962255635234
22 22 -0.8002453161163124
23 22 1.7254833281919428
1 23 -1.5540171184926928
5 23 0.18058393689541372
6 23 0.18058393689541372
12 23 -1.1522217392734906
13 23 1.2791962255635236
15 23 1.664858706375508
19 23 -1.6111755323326413
20 23 0.9915141531117426
22 23 -1.4933924966762577
23 23 1.5023397768777331
