0 0 0.23043405595907146
4 0 0.2558322465646819
6 0 -0.3727764128576922
7 0 -3.011833742472951
0 1 0.2558322465646819
0 2 -0.14963286154348246
1 2 3.536116699561526
5 3 4.922411060681417
6 3 3.312973148247316
7 3 1.367062999192003
6 4 3.312973148247316
7 4 2.060210179751948
6 5 3.312973148247316
7 5 2.060210179751948
7 6 2.4656752878601127
0 7 -3.2995158149247317
1 7 1.5902065505062126
2 7 1.7725281073001675
7 7 1.8190481229350604
10 7 2.4656752878601127
11 7 2.060210179751948
12 7 0.3256091243638421
0 8 -2.452217954537528
1 8 2.6198259676873707
2 8 3.0252910757955354
7 8 1.954849664094122
1 9 1.9266787871274256
2 9 2.6198259676873707
7 9 1.703535235813216
8 9 3.312973148247316
9 10 1.5212136790192612
11 10 3.1306515914533617
12 10 2.695333520195516
8 11 1.5212136790192612
9 11 1.5212136790192612
12 11 3.0700269696369267
2 12 0.7029033555053099
3 12 3.1878100052933105
5 12 2.782344897185146
6 12 0.47975980419110015
7 12 -0.07985598374432239
8 12 2.6769843815273195
9 12 3.044709161652637
12 12 2.1463561304651493
