0 0 0.10352985417767488
5 0 0.13263457626228764
6 0 -0.2728305318458769
7 0 -2.169950516731758
0 1 0.13263457626228764
0 2 0.13263457626228764
0 3 -0.2728305318458769
1 3 3.866328046166016
0 4 -0.2728305318458769
2 4 4.089471597480226
6 5 3.2785413812638975
7 5 2.73954488053121
10 5 1.081316803927678
7 6 3.012838215530892
10 6 3.0272269529829914
11 6 1.081316803927678
0 7 -2.757737181633877
1 7 2.7164224631103564
3 7 3.1041879941191195
7 7 2.336932841405453
10 7 2.8217829787681827
11 7 2.710557343657958
12 7 1.0136966162526988
1 8 3.866328046166016
3 8 3.866328046166016
7 8 2.0745685769379616
3 9 3.866328046166016
7 9 2.0745685769379616
8 9 6.168913139160062
11 10 3.971688561823843
12 10 3.6039637816985253
9 11 3.971688561823843
12 11 3.971688561823843
0 12 -2.1446327087474684
2 12 3.6039637816985253
4 12 4.009428889806689
7 12 -1.1835279610835208
8 12 3.6039637816985253
9 12 3.6039637816985253
12 12 2.8715958879852987
