0 0 0.035430247432559236
4 0 0.04176941287629493
5 0 -0.36369569523186945
6 0 -2.1554551644599242
0 1 0.04176941287629493
0 2 -0.36369569523186945
1 2 4.700480365792417
0 3 -0.36369569523186945
1 3 4.700480365792417
5 4 4.700480365792417
6 4 4.295015257684252
6 5 4.700480365792417
6 6 3.6018680771243066
9 6 4.700480365792417
10 6 4.295015257684252
11 6 2.5032557884561966
0 7 -1.0568428757918147
1 7 4.700480365792417
2 7 5.393627546352362
0 8 -1.74999005635176
1 8 4.700480365792417
2 8 4.700480365792417
3 8 4.700480365792417
7 8 4.700480365792417
10 9 4.700480365792417
11 9 4.295015257684252
11 10 4.700480365792417
1 11 2.908720896564361
2 11 3.6018680771243066
3 11 4.295015257684252
7 11 4.295015257684252
8 11 4.700480365792417
11 11 3.6018680771243066
