0 0 0.10841015289147447
6 0 -1.6646870845010415
7 0 0.12707238472701352
9 0 -0.2783927233811509
10 0 -2.873647430338017
14 0 -0.2783927233811509
16 0 -0.2783927233811509
18 0 -4.149593734289041
0 1 0.05807951324006203
14 1 3.866328046166016
0 2 0.12707238472701352
0 3 -0.2783927233811509
1 3 3.866328046166016
0 4 -0.39617575903753455
1 4 3.866328046166016
3 4 3.971688561823843
8 4 3.971688561823843
0 5 -0.2783927233811509
1 5 3.866328046166016
0 6 -0.2783927233811509
2 6 5.475765958600117
9 7 3.866328046166016
10 7 2.6573677003290412
0 8 -0.9715399039410962
1 8 3.866328046166016
3 8 6.168913139160062
10 9 3.062832808437206
0 10 -3.0967909816522265
1 10 2.4342241490148315
3 10 1.964220519769096
4 10 2.9858717673010773
8 10 2.6573677003290412
10 10 2.3746484172193894
11 10 0.018310370713782744
12 10 2.6573677003290412
15 10 3.062832808437206
17 10 2.6573677003290412
18 10 0.7320768384764635
4 11 2.718925593328475
10 11 2.962749349880223
10 12 2.6573677003290412
11 12 4.2230029901047486
0 13 -2.9174500529964096
1 13 1.920417897110703
5 13 4.2230029901047486
10 13 2.503217020501783
11 13 4.0688523102774905
2 14 4.782618778040171
6 14 4.782618778040171
16 14 5.475765958600117
18 14 2.9908593088121163
10 15 -0.11522102191073988
11 15 2.143561448424913
12 15 4.089471597480226
17 15 4.089471597480226
18 15 3.550475096747539
0 16 -1.6646870845010415
2 16 4.782618778040171
6 16 4.782618778040171
18 16 3.396324416920281
18 17 4.089471597480226
0 18 -4.149593734289041
1 18 0.6882742158180708
2 18 2.9908593088121163
5 18 3.6840064893720617
6 18 3.396324416920281
10 18 0.5779261586492054
11 18 3.5298558095448036
13 18 4.089471597480226
18 18 2.9908593088121163
