3 0 4.33510971488613
165 0 4.33510971488613
166 0 4.33510971488613
167 0 4.33510971488613
168 0 4.33510971488613
181 0 4.33510971488613
187 0 4.33510971488613
232 0 4.11196616357192
0 1 4.33510971488613
1 1 2.948815353766239
3 1 4.33510971488613
165 1 4.33510971488613
166 1 4.33510971488613
167 1 4.33510971488613
168 1 4.33510971488613
181 1 4.33510971488613
187 1 4.33510971488613
232 1 3.6419625343261846
0 2 4.33510971488613
1 2 4.33510971488613
2 2 3.554951157336555
3 2 3.9902692285944004
165 2 2.948815353766239
166 2 2.543350245658075
167 2 4.248098337896501
168 2 3.796113214153443
181 2 3.554951157336555
187 2 3.2364974262180204
232 2 0.2407651526640294
3 3 2.948815353766239
165 3 4.33510971488613
166 3 4.33510971488613
168 3 4.33510971488613
181 3 4.33510971488613
187 3 4.33510971488613
217 3 4.201578322261607
232 3 4.33510971488613
2 4 1.8502030650981298
4 4 3.2364974262180204
5 4 4.33510971488613
6 4 4.33510971488613
7 4 4.33510971488613
8 4 4.33510971488613
9 4 4.33510971488613
0 5 3.2364974262180204
1 5 3.2364974262180204
2 5 4.009687314451502
5 5 3.2364974262180204
6 5 3.929644606777966
7 5 3.6419625343261846
8 5 3.2364974262180204
9 5 3.2364974262180204
1 6 3.6419625343261846
2 6 4.33510971488613
5 6 3.2364974262180204
6 6 2.948815353766239
7 6 2.948815353766239
1 7 2.948815353766239
2 7 3.929644606777966
5 7 3.6419625343261846
6 7 4.047427642434349
7 7 2.948815353766239
8 7 3.6419625343261846
9 7 3.6419625343261846
2 8 3.6419625343261846
5 8 3.929644606777966
6 8 4.33510971488613
7 8 3.6419625343261846
9 8 4.11196616357192
2 9 3.904326798793676
5 9 3.929644606777966
6 9 4.33510971488613
7 9 3.6419625343261846
8 9 2.7256718024520294
9 9 3.418818983011975
4 10 4.33510971488613
5 10 3.2364974262180204
7 10 3.6419625343261846
8 10 4.33510971488613
9 10 3.418818983011975
11 10 4.33510971488613
12 10 4.33510971488613
13 10 4.33510971488613
4 11 4.33510971488613
5 11 3.8242840911201395
6 11 3.418818983011975
7 11 3.9784347709473975
8 11 4.33510971488613
9 11 4.33510971488613
11 11 3.418818983011975
4 12 4.33510971488613
5 12 3.2364974262180204
7 12 3.6419625343261846
8 12 4.33510971488613
9 12 3.824284091120139
11 12 4.33510971488613
13 12 4.33510971488613
4 13 4.33510971488613
5 13 3.2364974262180204
7 13 3.6419625343261846
8 13 4.33510971488613
9 13 4.11196616357192
11 13 4.33510971488613
10 14 4.33510971488613
11 14 2.7256718024520294
12 14 4.33510971488613
13 14 4.33510971488613
38 14 4.33510971488613
39 14 4.33510971488613
40 14 4.33510971488613
14 15 4.33510971488613
15 15 3.4878118544989265
38 15 2.9000251895968074
39 15 4.221781029579127
40 15 4.33510971488613
45 15 3.747323049984011
16 16 3.561919826652648
18 16 4.109559423541355
19 16 3.2170793403609186
16 17 4.33510971488613
18 17 2.948815353766239
18 18 3.5084311417016623
19 18 4.088249636954604
20 18 1.8502030650981298
21 18 3.6419625343261846
22 18 3.3542804618744038
18 19 1.9679861007545132
19 19 3.220749069249881
20 19 3.1029660335934977
21 19 3.7372727141305093
22 19 3.6419625343261846
23 19 2.2556681732062938
24 19 2.2556681732062938
52 19 2.2556681732062938
53 19 1.1570558845381844
19 20 1.716671672473607
20 20 3.4083476831446795
21 20 2.879822482279288
22 20 2.948815353766239
23 20 3.028858061439776
24 20 3.3542804618744038
50 20 -0.4523820278959159
51 20 2.2556681732062938
52 20 3.554951157336555
53 20 2.891656939926291
19 21 0.6462302607721937
20 21 3.376259368593179
21 21 2.50252825113782
22 21 3.418818983011975
23 21 3.418818983011975
24 21 3.418818983011975
50 21 1.8093810705778748
51 21 2.7256718024520294
52 21 3.418818983011975
53 21 2.7256718024520294
20 22 3.1029660335934977
21 22 2.0325246218920845
23 22 3.6419625343261846
24 22 3.6419625343261846
50 22 3.131136910560194
51 22 3.6419625343261846
52 22 3.6419625343261846
53 22 3.6419625343261846
23 23 2.948815353766239
50 23 4.33510971488613
51 23 4.33510971488613
53 23 4.33510971488613
81 23 3.1029660335934977
23 24 4.33510971488613
24 24 3.2364974262180204
50 24 4.33510971488613
51 24 4.33510971488613
53 24 4.33510971488613
81 24 1.8502030650981298
56 25 1.9372144420877595
57 25 4.33510971488613
58 25 3.6419625343261846
59 25 4.33510971488613
60 25 4.33510971488613
25 26 4.33510971488613
27 26 4.33510971488613
56 26 2.6303616226477047
59 26 4.239799535081805
60 26 4.33510971488613
25 27 4.33510971488613
56 27 2.6303616226477047
59 27 4.33510971488613
60 27 4.33510971488613
28 28 3.3542804618744038
29 28 4.33510971488613
35 28 3.519360212233852
36 28 4.33510971488613
35 29 3.7160705064799067
36 29 4.33510971488613
28 30 4.33510971488613
29 30 4.33510971488613
30 30 3.2364974262180204
35 30 3.2364974262180204
36 30 3.2364974262180204
31 31 2.948815353766239
33 31 3.960416265444719
34 31 4.33510971488613
47 31 2.8687726460927028
48 31 2.7256718024520294
31 32 4.33510971488613
33 32 4.33510971488613
34 32 4.33510971488613
31 33 3.171958905080449
33 33 3.5084311417016623
34 33 4.33510971488613
47 33 3.1564547185444836
48 33 3.3542804618744038
34 34 3.418818983011975
47 34 3.7716403576347175
48 34 4.33510971488613
49 34 3.8242840911201395
29 35 1.0770131768646478
35 35 3.3443695779749496
36 35 3.2742377542008674
37 35 3.7160705064799067
76 35 3.6419625343261846
79 35 2.581090573640922
80 35 3.0694433415548543
116 35 -0.30928118425524276
35 36 3.7160705064799067
37 36 4.33510971488613
35 37 3.3795982698586937
76 37 4.33510971488613
80 37 2.831032318109856
4 38 4.277951301046182
5 38 2.831032318109856
7 38 2.948815353766239
8 38 2.543350245658075
9 38 1.62705951378392
10 38 4.33510971488613
11 38 4.33510971488613
12 38 4.33510971488613
13 38 4.33510971488613
38 38 3.45964097753223
4 39 1.8502030650981298
10 39 4.33510971488613
11 39 4.11196616357192
12 39 4.33510971488613
13 39 4.33510971488613
38 39 4.33510971488613
39 39 3.3542804618744038
40 39 2.948815353766239
10 40 4.33510971488613
11 40 3.824284091120139
12 40 4.33510971488613
13 40 4.33510971488613
38 40 4.33510971488613
39 40 4.047427642434349
15 41 4.33510971488613
44 41 4.33510971488613
45 41 4.083795286605224
15 42 2.9000251895968074
41 42 4.33510971488613
42 42 3.2364974262180204
44 42 4.33510971488613
45 42 3.524179498669801
46 42 4.33510971488613
47 42 2.974133161750529
41 43 4.33510971488613
42 43 4.33510971488613
44 43 4.33510971488613
45 43 3.2364974262180204
46 43 4.33510971488613
47 43 3.1564547185444836
15 44 4.33510971488613
45 44 4.217326679229746
10 45 3.2364974262180204
12 45 2.831032318109856
13 45 2.1378851375499104
14 45 4.217326679229746
15 45 3.524179498669801
38 45 3.7134214983083296
39 45 3.8426332297883357
40 45 3.929644606777966
41 45 2.1378851375499104
44 45 2.1378851375499104
45 45 3.467021084829853
15 46 4.33510971488613
41 46 4.33510971488613
44 46 4.33510971488613
45 46 3.747323049984011
46 46 3.2364974262180204
15 47 2.5968389306090613
41 47 3.561919826652648
42 47 3.7625905221147993
43 47 3.9673849347608128
44 47 3.561919826652648
45 47 2.568668053642365
46 47 3.8070422846856333
47 47 3.348345726354589
48 47 3.296216660919643
49 47 3.7160705064799067
42 48 4.266116843399178
43 48 4.33510971488613
46 48 3.0133538749038107
47 48 3.7716403576347175
48 48 3.418818983011975
49 48 4.33510971488613
41 49 4.33510971488613
42 49 4.33510971488613
43 49 4.33510971488613
45 49 2.1378851375499104
46 49 4.33510971488613
47 49 3.561919826652648
50 50 3.418818983011975
81 50 4.318302596569749
122 50 2.9079933592459843
50 51 4.33510971488613
51 51 3.2364974262180204
81 51 4.047427642434349
23 52 4.33510971488613
24 52 4.33510971488613
50 52 4.11196616357192
51 52 4.33510971488613
53 52 4.33510971488613
50 53 4.33510971488613
51 53 4.33510971488613
53 53 3.2364974262180204
81 53 3.6419625343261846
25 54 3.6419625343261846
26 54 3.6419625343261846
27 54 3.6419625343261846
54 54 2.948815353766239
55 54 4.33510971488613
56 54 4.188506240694254
66 54 3.6419625343261846
68 54 3.6419625343261846
69 54 3.6419625343261846
25 55 4.33510971488613
26 55 4.33510971488613
27 55 4.33510971488613
56 55 4.33510971488613
59 55 1.9372144420877595
25 56 4.239799535081805
26 56 4.134439019423978
27 56 4.134439019423978
56 56 3.54665235452186
57 56 2.6303616226477047
58 56 1.9372144420877595
59 56 3.801999046330704
60 56 3.8831245911430727
28 57 4.33510971488613
29 57 4.33510971488613
30 57 4.33510971488613
35 57 2.6864510892987483
58 57 4.33510971488613
28 58 4.33510971488613
29 58 4.33510971488613
30 58 4.33510971488613
35 58 2.948815353766239
58 58 2.948815353766239
28 59 3.846756946972198
29 59 3.32350880320765
30 59 4.239799535081805
35 59 1.0770131768646478
57 59 4.33510971488613
58 59 4.33510971488613
59 59 3.54665235452186
60 59 3.54665235452186
28 60 4.047427642434349
30 60 4.33510971488613
57 60 4.33510971488613
58 60 4.33510971488613
59 60 3.7289739113158142
61 61 2.948815353766239
63 61 4.33510971488613
64 61 3.1113342832640143
67 61 3.6419625343261846
85 61 4.33510971488613
86 61 4.33510971488613
88 61 2.7256718024520294
97 61 3.082346746390762
101 61 2.948815353766239
61 62 4.33510971488613
64 62 3.8044814638239597
65 62 3.929644606777966
67 62 3.6419625343261846
63 63 3.2364974262180204
85 63 4.33510971488613
86 63 4.33510971488613
88 63 2.7256718024520294
97 63 4.180959035058872
98 63 3.6419625343261846
100 63 3.0823467463907623
101 63 4.33510971488613
61 64 3.8532716279933914
62 64 3.1113342832640143
63 64 3.735488592337008
64 64 3.3960708454860384
65 64 3.5813379125097495
67 64 3.206644463068339
85 64 3.4478065198852272
86 64 3.1113342832640143
88 64 1.9719000000756495
97 64 2.7748620466428013
100 64 0.6545985104427103
101 64 2.418187102704069
61 65 4.33510971488613
62 65 3.2364974262180204
63 65 3.747323049984011
64 65 3.58133791250975
65 65 3.2364974262180204
67 65 3.2364974262180204
85 65 3.2364974262180204
86 65 3.2364974262180204
88 65 1.62705951378392
97 65 1.2905872771627072
54 66 3.6419625343261846
55 66 4.33510971488613
56 66 4.134439019423978
68 66 4.33510971488613
69 66 4.33510971488613
62 67 3.6419625343261846
63 67 3.6419625343261846
64 67 3.373698547731505
65 67 3.6419625343261846
85 67 3.6419625343261846
86 67 3.6419625343261846
88 67 2.0325246218920845
97 67 3.4878118544989265
101 67 2.948815353766239
25 68 3.6419625343261846
26 68 4.33510971488613
27 68 4.33510971488613
54 68 3.6419625343261846
55 68 4.33510971488613
56 68 4.239799535081805
68 68 2.948815353766239
26 69 4.33510971488613
27 69 3.6419625343261846
54 69 3.6419625343261846
55 69 4.33510971488613
56 69 4.134439019423978
68 69 4.33510971488613
69 69 2.948815353766239
54 70 4.33510971488613
55 70 4.33510971488613
56 70 3.8831245911430727
66 70 4.33510971488613
68 70 4.33510971488613
69 70 4.33510971488613
62 71 4.33510971488613
64 71 3.8997916436282845
65 71 3.929644606777966
67 71 3.6419625343261846
31 72 4.33510971488613
32 72 4.33510971488613
33 72 4.33510971488613
73 72 4.33510971488613
74 72 2.948815353766239
31 73 4.33510971488613
32 73 4.33510971488613
33 73 4.33510971488613
34 73 3.9784347709473975
73 73 2.948815353766239
31 74 4.047427642434349
32 74 4.33510971488613
33 74 3.9138962498098264
34 74 1.7448425494403033
72 74 4.047427642434349
73 74 4.33510971488613
74 74 3.5084311417016623
75 74 3.8651060856403943
31 75 4.33510971488613
32 75 4.33510971488613
33 75 4.047427642434349
72 75 4.33510971488613
73 75 4.33510971488613
74 75 3.3542804618744038
76 76 3.2364974262180204
79 76 4.33510971488613
80 76 4.33510971488613
116 76 4.047427642434349
74 77 3.3542804618744038
78 77 4.33510971488613
31 78 1.8502030650981298
32 78 2.948815353766239
33 78 -0.2292384765817062
72 78 3.929644606777966
73 78 3.3542804618744038
74 78 4.165210678090732
75 78 4.152788158092175
78 78 3.554951157336555
79 79 2.948815353766239
80 79 2.831032318109856
116 79 4.33510971488613
117 79 1.8502030650981298
118 79 4.33510971488613
120 79 4.33510971488613
121 79 4.33510971488613
79 80 4.083795286605224
80 80 3.524179498669801
116 80 4.33510971488613
117 80 1.4447379569899652
118 80 3.3906481060452784
119 80 2.831032318109856
120 80 4.217326679229746
121 80 3.929644606777966
81 81 3.554951157336555
122 81 4.318302596569749
123 81 4.152788158092175
160 81 4.047427642434349
161 81 3.554951157336555
206 81 2.948815353766239
207 81 3.2364974262180204
208 81 3.929644606777966
209 81 3.796113214153443
254 81 2.543350245658075
284 81 1.1570558845381844
64 82 1.5018963708299138
67 82 3.6419625343261846
71 82 4.33510971488613
94 82 4.33510971488613
95 82 4.33510971488613
96 82 4.33510971488613
105 82 4.33510971488613
106 82 4.33510971488613
107 82 4.33510971488613
83 83 3.524179498669801
84 83 2.831032318109856
90 83 3.5592708184810715
91 83 4.33510971488613
93 83 4.217326679229746
99 83 3.1739770692366864
102 83 3.8426332297883357
104 83 4.083795286605224
83 84 4.083795286605224
84 84 2.948815353766239
90 84 3.998637478264917
91 84 4.33510971488613
93 84 4.33510971488613
104 84 3.6419625343261846
86 85 4.33510971488613
89 85 4.33510971488613
97 85 4.180959035058872
98 85 4.33510971488613
100 85 3.4878118544989265
101 85 4.33510971488613
88 86 2.7256718024520294
89 86 4.33510971488613
97 86 4.180959035058872
98 86 4.33510971488613
100 86 3.4878118544989265
101 86 4.33510971488613
83 87 3.093396582577347
84 87 3.8242840911201395
87 87 3.418818983011975
88 87 3.681183247479466
90 87 2.9769862307329356
92 87 4.33510971488613
100 87 3.4188189830119753
103 87 4.33510971488613
83 88 3.3616605691720265
84 88 3.8242840911201395
85 88 2.7256718024520294
86 88 2.7256718024520294
87 88 3.0621440390732424
88 88 2.9079933592459843
89 88 2.7256718024520294
90 88 3.264668303184717
92 88 3.418818983011975
97 88 2.5715211226247714
98 88 2.7256718024520294
100 88 2.9769862307329356
101 88 2.7256718024520294
103 88 3.8242840911201395
87 89 4.33510971488613
88 89 3.824284091120139
92 89 4.33510971488613
97 89 2.3891995658308165
100 89 3.998637478264917
54 90 1.6960523852708713
70 90 2.3891995658308165
83 90 3.593172370156753
84 90 2.3891995658308165
90 90 3.387728395941944
91 90 3.7754939269507073
93 90 3.7754939269507073
99 90 3.3925016746946017
102 90 3.8932769626070907
104 90 3.998637478264917
90 91 3.082346746390762
93 91 4.33510971488613
99 91 4.134439019423978
102 91 4.33510971488613
104 91 4.33510971488613
83 92 3.929644606777966
84 92 4.33510971488613
88 92 3.418818983011975
90 92 3.7754939269507073
103 92 4.33510971488613
90 93 3.082346746390762
99 93 4.239799535081805
102 93 4.33510971488613
104 93 4.33510971488613
64 94 2.195043551389859
67 94 3.6419625343261846
71 94 4.33510971488613
95 94 4.33510971488613
96 94 4.33510971488613
105 94 4.33510971488613
106 94 4.33510971488613
107 94 4.33510971488613
64 95 2.600508659498024
67 95 3.6419625343261846
71 95 4.33510971488613
96 95 4.33510971488613
105 95 4.33510971488613
106 95 4.33510971488613
107 95 4.33510971488613
64 96 3.042341411777063
65 96 2.1378851375499104
67 96 3.6419625343261846
71 96 4.33510971488613
96 96 3.2364974262180204
105 96 4.33510971488613
106 96 4.33510971488613
107 96 4.33510971488613
86 97 2.3891995658308165
87 97 3.670133411292881
88 97 3.177656926195087
89 97 4.180959035058872
92 97 2.3891995658308165
97 97 3.4878118544989265
98 97 4.180959035058872
100 97 3.7013859547969856
101 97 3.7754939269507073
103 97 2.3891995658308165
87 98 4.33510971488613
88 98 3.418818983011975
89 98 4.33510971488613
92 98 3.6419625343261846
97 98 2.3891995658308165
98 98 2.948815353766239
100 98 3.998637478264917
54 99 4.188506240694254
55 99 3.8831245911430727
56 99 2.5838416070128116
66 99 4.33510971488613
68 99 4.07728060558403
69 99 4.288589699251237
70 99 4.33510971488613
99 99 3.54665235452186
102 99 2.342679550195924
83 100 2.6768816382825977
84 100 3.6419625343261846
87 100 3.7242006325631567
88 100 3.5523503756364976
89 100 3.082346746390762
90 100 2.928196066563504
92 100 3.998637478264917
97 100 1.541901705443613
98 100 3.082346746390762
100 100 3.333661174671668
101 100 2.3891995658308165
103 100 3.998637478264917
87 101 3.824284091120139
88 101 3.131136910560194
89 101 4.33510971488613
97 101 3.4878118544989265
98 101 4.33510971488613
100 101 3.7754939269507073
101 101 2.948815353766239
54 102 3.6419625343261846
66 102 4.33510971488613
68 102 3.6419625343261846
69 102 3.6419625343261846
70 102 4.33510971488613
99 102 4.188506240694254
102 102 2.948815353766239
83 103 4.083795286605224
84 103 4.33510971488613
88 103 2.7256718024520294
90 103 3.998637478264917
70 104 4.33510971488613
90 104 2.3891995658308165
99 104 4.33510971488613
102 104 4.33510971488613
62 105 4.33510971488613
64 105 3.4759773968519236
65 105 3.5729696628392333
67 105 3.6419625343261846
71 105 4.33510971488613
105 105 3.418818983011975
106 105 3.418818983011975
107 105 4.33510971488613
62 106 4.33510971488613
64 106 3.4478065198852272
65 106 3.2364974262180204
67 106 3.6419625343261846
71 106 4.33510971488613
105 106 3.824284091120139
107 106 4.33510971488613
62 107 4.33510971488613
64 107 3.8044814638239597
65 107 3.929644606777966
67 107 3.6419625343261846
71 107 4.33510971488613
77 108 4.33510971488613
78 108 4.33510971488613
109 108 4.33510971488613
110 108 4.33510971488613
74 109 2.2556681732062938
77 109 4.33510971488613
78 109 4.33510971488613
110 109 4.33510971488613
74 110 2.948815353766239
77 110 4.33510971488613
78 110 4.33510971488613
77 111 4.33510971488613
78 111 3.929644606777966
108 111 4.33510971488613
109 111 4.33510971488613
110 111 4.33510971488613
111 111 3.2364974262180204
112 111 4.33510971488613
113 111 4.33510971488613
77 112 4.33510971488613
78 112 4.248098337896501
108 112 4.33510971488613
109 112 4.33510971488613
110 112 4.33510971488613
77 113 4.33510971488613
78 113 4.152788158092175
108 113 4.33510971488613
109 113 4.33510971488613
110 113 4.33510971488613
112 113 4.33510971488613
77 114 4.33510971488613
78 114 3.45964097753223
108 114 4.33510971488613
109 114 4.33510971488613
110 114 4.33510971488613
111 114 4.33510971488613
112 114 4.33510971488613
113 114 4.33510971488613
114 114 2.948815353766239
115 114 3.6419625343261846
77 115 4.33510971488613
78 115 3.45964097753223
108 115 4.33510971488613
109 115 4.33510971488613
110 115 4.33510971488613
111 115 4.33510971488613
112 115 4.33510971488613
113 115 4.33510971488613
114 115 3.6419625343261846
116 116 3.3542804618744038
117 116 4.047427642434349
118 116 4.33510971488613
119 116 4.33510971488613
120 116 4.33510971488613
121 116 4.33510971488613
77 117 3.929644606777966
78 117 1.8502030650981298
108 117 4.33510971488613
109 117 4.152788158092175
110 117 4.152788158092175
111 117 4.33510971488613
112 117 4.33510971488613
113 117 4.33510971488613
114 117 4.33510971488613
115 117 4.33510971488613
117 117 3.45964097753223
119 117 2.543350245658075
111 118 4.248098337896501
112 118 2.948815353766239
113 118 3.6419625343261846
114 118 4.33510971488613
115 118 4.33510971488613
117 118 4.33510971488613
118 118 3.3542804618744038
119 118 4.33510971488613
108 119 4.33510971488613
109 119 4.33510971488613
111 119 4.33510971488613
112 119 4.33510971488613
113 119 4.33510971488613
114 119 4.33510971488613
115 119 4.33510971488613
117 119 4.152788158092175
114 120 3.929644606777966
115 120 3.929644606777966
117 120 4.33510971488613
118 120 4.33510971488613
119 120 4.33510971488613
120 120 3.2364974262180204
121 120 4.33510971488613
111 121 3.2364974262180204
114 121 4.33510971488613
115 121 4.33510971488613
117 121 4.33510971488613
118 121 4.33510971488613
119 121 4.33510971488613
122 122 3.418818983011975
123 122 4.33510971488613
160 122 4.33510971488613
161 122 4.33510971488613
206 122 4.33510971488613
207 122 4.33510971488613
208 122 4.33510971488613
209 122 4.33510971488613
254 122 4.33510971488613
281 122 4.11196616357192
282 122 2.0325246218920845
283 122 3.0133538749038107
284 122 4.33510971488613
160 123 4.33510971488613
161 123 4.33510971488613
206 123 4.33510971488613
207 123 4.33510971488613
208 123 4.33510971488613
209 123 4.33510971488613
254 123 4.33510971488613
281 123 4.33510971488613
282 123 3.6419625343261846
283 123 3.929644606777966
284 123 4.33510971488613
125 124 4.33510971488613
133 124 4.33510971488613
135 124 4.33510971488613
147 124 2.6303616226477047
133 125 4.33510971488613
135 125 4.33510971488613
147 125 2.6303616226477047
148 125 3.2364974262180204
124 126 4.33510971488613
125 126 4.33510971488613
126 126 3.2364974262180204
127 126 4.33510971488613
133 126 4.229749199228304
135 126 4.33510971488613
124 127 4.33510971488613
125 127 4.33510971488613
133 127 4.33510971488613
135 127 4.33510971488613
147 127 1.9372144420877595
82 128 3.929644606777966
94 128 3.2364974262180204
128 128 3.2364974262180204
136 128 4.304338056219376
140 128 4.33510971488613
142 128 2.6768816382825977
124 129 4.33510971488613
125 129 4.33510971488613
126 129 4.33510971488613
127 129 4.33510971488613
133 129 3.6419625343261846
134 129 4.33510971488613
135 129 3.6419625343261846
124 130 4.33510971488613
125 130 4.33510971488613
126 130 4.33510971488613
127 130 4.33510971488613
129 130 4.33510971488613
133 130 3.418818983011975
134 130 4.33510971488613
135 130 3.6419625343261846
124 131 2.948815353766239
125 131 2.948815353766239
126 131 2.948815353766239
127 131 2.948815353766239
129 131 2.948815353766239
130 131 2.948815353766239
131 131 2.6611332813144584
132 131 3.8651060856403943
133 131 1.7448425494403033
134 131 2.948815353766239
135 131 2.2556681732062938
137 131 3.9138962498098264
138 131 4.047427642434349
139 131 2.948815353766239
145 131 4.047427642434349
146 131 4.047427642434349
131 132 2.2556681732062938
132 132 2.948815353766239
137 132 4.33510971488613
138 132 4.33510971488613
139 132 3.6419625343261846
145 132 4.047427642434349
146 132 4.33510971488613
188 132 2.948815353766239
133 133 3.5366020186683587
135 133 3.418818983011975
147 133 3.9521174626300244
148 133 3.7671256772801907
149 133 3.6419625343261846
124 134 4.33510971488613
125 134 4.33510971488613
126 134 4.33510971488613
127 134 4.33510971488613
133 134 3.8242840911201395
134 134 3.2364974262180204
135 134 4.33510971488613
133 135 3.824284091120139
135 135 2.948815353766239
147 135 3.9521174626300244
148 135 3.2364974262180204
64 136 -0.8959989019684568
71 136 2.6303616226477047
82 136 4.33510971488613
94 136 4.33510971488613
95 136 4.33510971488613
96 136 4.304338056219376
105 136 3.7935124324533858
106 136 3.8831245911430727
107 136 3.035826730755869
136 136 3.54665235452186
137 137 3.5084311417016623
138 137 2.6611332813144584
139 137 4.33510971488613
146 137 3.3542804618744038
169 137 3.5084311417016623
170 137 4.047427642434349
172 137 4.1274703501078855
177 137 3.3542804618744038
178 137 2.6611332813144584
188 137 4.303361016571549
190 137 4.33510971488613
137 138 4.1274703501078855
138 138 2.948815353766239
139 138 4.33510971488613
146 138 4.33510971488613
169 138 2.2556681732062938
170 138 3.6419625343261846
172 138 2.948815353766239
188 138 4.201578322261607
190 138 4.33510971488613
169 139 4.047427642434349
170 139 4.33510971488613
172 139 4.33510971488613
177 139 4.33510971488613
178 139 4.33510971488613
186 139 3.2364974262180204
188 139 4.33510971488613
190 139 4.33510971488613
82 140 4.33510971488613
94 140 4.33510971488613
95 140 4.33510971488613
96 140 3.2364974262180204
136 140 4.33510971488613
128 141 4.33510971488613
136 141 3.54665235452186
140 141 4.33510971488613
141 141 2.948815353766239
142 141 4.093947658069242
82 142 2.3891995658308165
94 142 2.3891995658308165
95 142 2.3891995658308165
128 142 4.1238006212189235
136 142 3.980288339596721
140 142 4.33510971488613
141 142 2.794664673938981
142 142 3.4878118544989265
173 143 2.7256718024520294
180 143 4.33510971488613
191 143 4.33510971488613
131 144 4.047427642434349
132 144 4.33510971488613
137 144 3.6419625343261846
138 144 4.33510971488613
144 144 3.2364974262180204
145 144 4.33510971488613
146 144 4.33510971488613
132 145 2.948815353766239
137 145 4.33510971488613
138 145 4.33510971488613
139 145 4.33510971488613
145 145 2.948815353766239
146 145 4.33510971488613
188 145 3.6419625343261846
137 146 3.8651060856403943
139 146 4.33510971488613
169 146 3.6419625343261846
170 146 4.33510971488613
172 146 3.6419625343261846
188 146 4.33510971488613
190 146 4.33510971488613
131 147 3.6864142968970186
132 147 3.6419625343261846
137 147 1.6495323696359785
138 147 2.342679550195924
144 147 4.239799535081805
145 147 3.32350880320765
147 147 3.54665235452186
148 147 3.8343344269736406
149 147 4.134439019423978
131 148 3.6419625343261846
132 148 3.929644606777966
137 148 2.2556681732062938
138 148 3.2364974262180204
144 148 4.33510971488613
145 148 3.929644606777966
147 148 3.4035515108811865
148 148 3.2364974262180204
149 148 3.2364974262180204
131 149 4.047427642434349
132 149 4.33510971488613
138 149 3.6419625343261846
144 149 4.33510971488613
145 149 4.33510971488613
147 149 2.6303616226477047
148 149 3.929644606777966
143 150 4.33510971488613
150 150 3.418818983011975
180 150 3.131136910560194
191 150 4.28381642049858
151 151 2.1378851375499104
153 151 3.2364974262180204
154 151 3.2364974262180204
155 151 3.2364974262180204
156 151 3.2364974262180204
158 151 3.929644606777966
159 151 3.2364974262180204
193 151 3.929644606777966
195 151 3.929644606777966
196 151 3.929644606777966
197 151 3.2364974262180204
198 151 3.929644606777966
199 151 3.929644606777966
204 151 3.2364974262180204
205 151 3.2364974262180204
250 151 3.524179498669801
151 152 3.2364974262180204
152 152 3.2364974262180204
154 152 3.796113214153443
155 152 4.33510971488613
156 152 4.33510971488613
159 152 4.152788158092175
197 152 4.33510971488613
204 152 4.33510971488613
205 152 4.33510971488613
151 153 3.2364974262180204
158 153 4.33510971488613
193 153 4.33510971488613
195 153 4.33510971488613
196 153 4.33510971488613
198 153 4.33510971488613
199 153 4.33510971488613
250 153 3.929644606777966
143 154 4.33510971488613
150 154 4.33510971488613
154 154 3.3542804618744038
155 154 3.6419625343261846
159 154 2.948815353766239
191 154 3.7220052419997214
143 155 4.33510971488613
150 155 4.33510971488613
154 155 3.6419625343261846
159 155 3.6419625343261846
191 155 3.6419625343261846
150 156 3.131136910560194
154 156 4.33510971488613
155 156 4.33510971488613
156 156 2.948815353766239
159 156 4.33510971488613
197 156 4.33510971488613
204 156 4.33510971488613
205 156 4.33510971488613
151 157 3.2364974262180204
152 157 4.33510971488613
154 157 2.6611332813144584
156 157 4.33510971488613
157 157 3.3542804618744038
159 157 3.3542804618744038
197 157 4.33510971488613
204 157 4.33510971488613
205 157 4.33510971488613
193 158 4.33510971488613
195 158 4.33510971488613
196 158 4.33510971488613
198 158 4.33510971488613
199 158 4.33510971488613
250 158 4.33510971488613
143 159 4.33510971488613
150 159 4.33510971488613
154 159 4.047427642434349
155 159 3.6419625343261846
159 159 2.948815353766239
191 159 3.45964097753223
161 160 4.33510971488613
206 160 4.33510971488613
207 160 4.33510971488613
208 160 4.33510971488613
209 160 4.33510971488613
254 160 4.33510971488613
281 160 4.33510971488613
282 160 4.047427642434349
283 160 3.929644606777966
284 160 4.33510971488613
161 161 2.948815353766239
206 161 4.33510971488613
207 161 4.33510971488613
254 161 4.33510971488613
281 161 4.33510971488613
282 161 4.33510971488613
283 161 4.33510971488613
284 161 4.33510971488613
285 161 3.3542804618744038
129 162 4.33510971488613
130 162 4.33510971488613
131 162 2.948815353766239
134 162 3.2364974262180204
174 162 4.581242784425038
141 163 4.33510971488613
142 163 3.998637478264917
164 163 4.33510971488613
169 163 2.948815353766239
175 163 4.33510971488613
176 163 4.33510971488613
179 163 4.33510971488613
189 163 4.33510971488613
128 164 3.2364974262180204
141 164 4.33510971488613
142 164 3.998637478264917
169 164 2.948815353766239
175 164 4.33510971488613
176 164 4.33510971488613
179 164 4.33510971488613
189 164 4.33510971488613
166 165 4.33510971488613
210 165 2.794664673938981
216 165 4.33510971488613
217 165 4.33510971488613
218 165 4.33510971488613
232 165 4.33510971488613
210 166 3.082346746390762
216 166 4.33510971488613
217 166 4.33510971488613
218 166 4.33510971488613
232 166 4.33510971488613
3 167 4.33510971488613
165 167 4.33510971488613
166 167 4.33510971488613
167 167 3.2364974262180204
168 167 4.33510971488613
181 167 4.33510971488613
187 167 4.33510971488613
217 167 2.948815353766239
232 167 4.33510971488613
165 168 4.33510971488613
166 168 4.33510971488613
181 168 4.33510971488613
187 168 4.33510971488613
217 168 4.33510971488613
218 168 4.33510971488613
232 168 4.33510971488613
128 169 2.948815353766239
136 169 0.5509200809678688
140 169 2.948815353766239
141 169 2.948815353766239
142 169 2.9488153537662396
151 169 3.6419625343261846
153 169 4.047427642434349
158 169 4.047427642434349
169 169 2.6611332813144584
172 169 2.948815353766239
177 169 4.047427642434349
178 169 4.047427642434349
186 169 4.047427642434349
189 169 2.948815353766239
195 169 2.2556681732062938
198 169 3.8651060856403943
199 169 4.047427642434349
151 170 3.929644606777966
153 170 4.33510971488613
158 170 4.33510971488613
169 170 4.047427642434349
172 170 3.6419625343261846
177 170 4.33510971488613
178 170 4.33510971488613
186 170 4.33510971488613
199 170 4.33510971488613
171 171 2.948815353766239
219 171 4.33510971488613
220 171 4.33510971488613
233 171 4.33510971488613
234 171 3.45964097753223
236 171 3.4878118544989265
151 172 3.929644606777966
153 172 4.33510971488613
158 172 3.6419625343261846
169 172 3.6419625343261846
170 172 3.6419625343261846
172 172 2.948815353766239
177 172 4.33510971488613
178 172 4.33510971488613
186 172 4.33510971488613
188 172 2.2556681732062938
195 172 2.2556681732062938
198 172 3.6419625343261846
199 172 3.6419625343261846
171 173 4.33510971488613
173 173 3.418818983011975
219 173 4.33510971488613
220 173 4.33510971488613
233 173 4.33510971488613
234 173 2.3202066943438653
236 173 2.5715211226247714
124 174 3.54665235452186
125 174 3.32350880320765
126 174 4.0166559837675955
127 174 3.7289739113158142
129 174 4.33510971488613
130 174 4.33510971488613
131 174 2.948815353766239
133 174 1.4263888183217686
134 174 4.304338056219376
174 174 3.792785424060768
128 175 3.929644606777966
141 175 4.33510971488613
142 175 4.180959035058872
169 175 2.948815353766239
175 175 3.2364974262180204
176 175 4.33510971488613
179 175 4.33510971488613
189 175 4.33510971488613
128 176 4.33510971488613
141 176 4.33510971488613
142 176 4.33510971488613
169 176 2.948815353766239
179 176 4.33510971488613
189 176 4.33510971488613
151 177 3.929644606777966
153 177 4.33510971488613
158 177 4.33510971488613
178 177 4.33510971488613
186 177 4.33510971488613
193 177 4.33510971488613
195 177 3.6419625343261846
198 177 4.33510971488613
199 177 4.33510971488613
151 178 3.929644606777966
153 178 4.33510971488613
158 178 4.33510971488613
178 178 2.948815353766239
186 178 4.33510971488613
193 178 4.33510971488613
195 178 4.201578322261607
198 178 4.33510971488613
199 178 4.33510971488613
128 179 4.33510971488613
140 179 4.33510971488613
141 179 4.33510971488613
142 179 4.33510971488613
169 179 2.948815353766239
189 179 4.33510971488613
171 180 4.33510971488613
173 180 4.33510971488613
180 180 2.948815353766239
219 180 4.047427642434349
220 180 4.33510971488613
233 180 4.33510971488613
165 181 4.33510971488613
166 181 4.33510971488613
181 181 2.948815353766239
187 181 4.33510971488613
210 181 1.0029052047109261
216 181 4.33510971488613
217 181 4.33510971488613
218 181 4.33510971488613
232 181 4.33510971488613
141 182 4.33510971488613
142 182 3.7754939269507073
163 182 4.33510971488613
164 182 4.33510971488613
169 182 2.948815353766239
175 182 4.33510971488613
176 182 4.33510971488613
179 182 4.33510971488613
189 182 4.33510971488613
184 183 4.047427642434349
241 183 4.33510971488613
246 183 3.54665235452186
247 183 3.2364974262180204
248 183 3.6419625343261846
249 183 4.33510971488613
183 184 2.948815353766239
184 184 3.3542804618744038
241 184 2.948815353766239
246 184 3.8090166189893506
247 184 3.45964097753223
248 184 3.6419625343261846
249 184 4.33510971488613
183 185 4.33510971488613
184 185 4.33510971488613
185 185 2.948815353766239
241 185 4.33510971488613
246 185 3.1899774105831273
247 185 2.543350245658075
248 185 3.6419625343261846
249 185 4.33510971488613
151 186 3.929644606777966
153 186 4.33510971488613
158 186 4.33510971488613
186 186 3.2364974262180204
193 186 4.33510971488613
195 186 4.33510971488613
196 186 4.33510971488613
198 186 4.33510971488613
199 186 4.33510971488613
250 186 2.543350245658075
165 187 4.33510971488613
166 187 4.33510971488613
210 187 2.3891995658308165
216 187 4.33510971488613
217 187 4.33510971488613
218 187 4.33510971488613
232 187 4.33510971488613
151 188 2.948815353766239
153 188 2.948815353766239
158 188 2.948815353766239
169 188 4.047427642434349
170 188 4.33510971488613
172 188 4.201578322261607
177 188 4.33510971488613
178 188 4.33510971488613
186 188 4.248098337896501
188 188 3.3542804618744038
190 188 4.047427642434349
128 189 4.33510971488613
136 189 2.6303616226477047
140 189 4.33510971488613
141 189 4.33510971488613
142 189 4.33510971488613
151 190 3.2364974262180204
153 190 4.33510971488613
169 190 4.047427642434349
170 190 4.33510971488613
172 190 4.33510971488613
177 190 4.33510971488613
178 190 4.33510971488613
186 190 4.33510971488613
188 190 2.948815353766239
171 191 3.8651060856403943
173 191 4.229749199228304
180 191 4.33510971488613
191 191 3.554951157336555
219 191 2.004353744925388
220 191 3.2364974262180204
233 191 3.6419625343261846
183 192 4.33510971488613
184 192 4.33510971488613
185 192 4.33510971488613
192 192 3.3542804618744038
194 192 4.33510971488613
241 192 4.33510971488613
246 192 2.160357993401969
248 192 3.6419625343261846
249 192 3.8651060856403943
195 193 3.6419625343261846
196 193 4.33510971488613
250 193 4.33510971488613
251 193 4.33510971488613
252 193 3.747323049984011
183 194 4.33510971488613
184 194 4.33510971488613
185 194 4.33510971488613
241 194 4.33510971488613
246 194 3.035826730755869
248 194 3.6419625343261846
249 194 4.33510971488613
193 195 3.6419625343261846
195 195 3.3542804618744038
196 195 4.33510971488613
250 195 4.33510971488613
251 195 4.33510971488613
252 195 3.6960297555964603
253 195 2.948815353766239
250 196 4.33510971488613
251 196 4.33510971488613
252 196 4.083795286605224
253 196 4.33510971488613
150 197 3.9784347709473975
154 197 4.33510971488613
155 197 4.33510971488613
159 197 4.33510971488613
197 197 2.948815353766239
204 197 4.33510971488613
205 197 4.33510971488613
193 198 4.33510971488613
195 198 4.33510971488613
196 198 4.33510971488613
198 198 2.948815353766239
250 198 4.33510971488613
252 198 3.0541758694240655
193 199 4.33510971488613
195 199 4.33510971488613
196 199 4.33510971488613
198 199 4.33510971488613
250 199 4.33510971488613
252 199 2.1378851375499104
151 200 3.2364974262180204
152 200 4.33510971488613
156 200 4.261001742732408
157 200 4.33510971488613
197 200 3.8932769626070907
200 200 3.4878118544989265
204 200 3.082346746390762
205 200 2.3891995658308165
151 201 0.6715480687564837
152 201 2.4633075379845386
157 201 3.2170793403609186
200 201 3.86730147620383
201 201 3.5490164218167406
202 201 3.849601899104429
203 201 4.038843898742957
157 202 2.948815353766239
200 202 4.33510971488613
201 202 3.3795982698586937
203 202 3.929644606777966
152 203 3.2364974262180204
157 203 3.929644606777966
200 203 4.286319550716698
201 203 2.974133161750529
202 203 3.2364974262180204
203 203 3.2364974262180204
143 204 3.6419625343261846
150 204 4.33510971488613
154 204 4.33510971488613
155 204 4.33510971488613
159 204 4.33510971488613
191 204 1.1570558845381844
204 204 2.948815353766239
205 204 4.047427642434349
143 205 4.33510971488613
150 205 4.33510971488613
154 205 4.33510971488613
155 205 4.33510971488613
159 205 4.33510971488613
191 205 1.8502030650981298
204 205 2.948815353766239
205 205 2.948815353766239
254 206 4.33510971488613
281 206 4.33510971488613
282 206 4.33510971488613
283 206 4.33510971488613
284 206 4.33510971488613
285 206 4.047427642434349
287 206 4.33510971488613
206 207 4.33510971488613
254 207 4.33510971488613
281 207 4.33510971488613
282 207 4.33510971488613
283 207 4.33510971488613
284 207 4.33510971488613
285 207 3.6419625343261846
287 207 4.33510971488613
161 208 4.33510971488613
206 208 4.33510971488613
207 208 4.33510971488613
209 208 4.33510971488613
254 208 4.33510971488613
281 208 4.33510971488613
282 208 4.33510971488613
283 208 3.929644606777966
284 208 4.33510971488613
161 209 4.33510971488613
206 209 4.33510971488613
207 209 4.33510971488613
254 209 4.33510971488613
281 209 4.33510971488613
282 209 4.33510971488613
283 209 4.33510971488613
284 209 4.33510971488613
210 210 3.567854562172463
213 210 3.8932769626070907
214 210 3.377810959284598
215 210 2.794664673938981
211 211 3.418818983011975
212 211 3.6419625343261846
213 211 2.7256718024520294
255 211 4.11196616357192
256 211 3.4478065198852272
257 211 3.418818983011975
211 212 3.6419625343261846
212 212 2.948815353766239
213 212 2.543350245658075
255 212 3.6419625343261846
256 212 3.5813379125097495
257 212 3.418818983011975
211 213 2.3202066943438653
212 213 2.543350245658075
213 213 2.1378851375499104
214 213 3.68278452884644
215 213 3.929644606777966
255 213 3.2364974262180204
256 213 2.3491942312171177
257 213 2.3202066943438653
213 214 0.4639087039782391
214 214 3.543522461512932
215 214 3.8138127912528437
258 214 3.41641224298141
259 214 2.815283961141717
214 215 3.43432316954794
215 215 2.948815353766239
258 215 3.7160705064799067
259 215 2.543350245658075
210 216 4.33510971488613
213 216 3.2364974262180204
210 217 4.138399420640075
216 217 4.33510971488613
217 217 3.3542804618744038
218 217 4.33510971488613
210 218 4.33510971488613
216 218 4.33510971488613
219 219 3.45964097753223
220 219 1.8502030650981298
234 219 3.747323049984011
235 219 4.33510971488613
236 219 4.031427301087908
237 219 2.543350245658075
273 219 3.2364974262180204
274 219 4.33510971488613
219 220 4.248098337896501
220 220 2.948815353766239
234 220 3.6419625343261846
235 220 3.6419625343261846
236 220 3.7754939269507073
273 220 2.0325246218920845
274 220 4.33510971488613
129 221 2.543350245658075
130 221 3.2364974262180204
131 221 2.2556681732062938
162 221 5.251400446760285
174 221 4.534722768790146
221 221 5.251400446760285
141 222 2.948815353766239
142 222 2.3891995658308165
163 222 4.33510971488613
164 222 4.33510971488613
169 222 2.948815353766239
175 222 4.33510971488613
176 222 4.33510971488613
179 222 4.33510971488613
182 222 4.33510971488613
189 222 4.33510971488613
222 222 3.3542804618744038
238 222 4.33510971488613
239 222 4.33510971488613
163 223 4.33510971488613
164 223 4.33510971488613
175 223 3.929644606777966
182 223 4.33510971488613
222 223 4.33510971488613
223 223 2.948815353766239
228 223 2.948815353766239
229 223 4.33510971488613
230 223 4.33510971488613
231 223 4.33510971488613
238 223 4.33510971488613
239 223 4.33510971488613
225 224 4.33510971488613
226 224 4.33510971488613
227 224 3.2364974262180204
262 224 4.33510971488613
268 224 4.33510971488613
183 225 2.1378851375499104
184 225 1.4447379569899652
185 225 3.3906481060452784
192 225 3.970466601298221
194 225 3.747323049984011
225 225 3.524179498669801
226 225 3.2364974262180204
227 225 4.297369386903283
262 225 4.33510971488613
268 225 4.33510971488613
192 226 3.8651060856403943
225 226 3.929644606777966
226 226 2.948815353766239
227 226 4.33510971488613
262 226 4.33510971488613
268 226 4.33510971488613
183 227 4.33510971488613
184 227 4.33510971488613
185 227 4.33510971488613
192 227 4.33510971488613
194 227 4.33510971488613
227 227 3.2364974262180204
241 227 4.33510971488613
248 227 1.8502030650981298
249 227 3.2364974262180204
163 228 4.33510971488613
164 228 4.33510971488613
175 228 3.2364974262180204
182 228 4.33510971488613
222 228 4.33510971488613
223 228 4.047427642434349
228 228 2.948815353766239
229 228 4.33510971488613
230 228 4.33510971488613
231 228 4.33510971488613
238 228 4.33510971488613
239 228 4.33510971488613
163 229 4.33510971488613
164 229 4.33510971488613
169 229 2.948815353766239
175 229 4.33510971488613
176 229 4.33510971488613
179 229 4.33510971488613
182 229 4.33510971488613
222 229 4.33510971488613
238 229 4.33510971488613
239 229 4.33510971488613
163 230 4.33510971488613
164 230 4.33510971488613
175 230 4.33510971488613
176 230 4.33510971488613
182 230 4.33510971488613
222 230 4.33510971488613
229 230 4.33510971488613
231 230 4.33510971488613
238 230 4.33510971488613
239 230 4.33510971488613
163 231 4.33510971488613
164 231 4.33510971488613
175 231 4.33510971488613
176 231 4.33510971488613
179 231 4.33510971488613
182 231 4.33510971488613
222 231 4.33510971488613
229 231 4.33510971488613
238 231 4.33510971488613
239 231 4.33510971488613
210 232 3.6419625343261846
216 232 4.33510971488613
217 232 4.33510971488613
218 232 4.33510971488613
232 232 3.418818983011975
219 233 4.33510971488613
220 233 4.33510971488613
234 233 3.6419625343261846
236 233 3.7754939269507073
234 234 3.3906481060452784
235 234 3.6419625343261846
236 234 3.370028818842543
237 234 3.929644606777966
264 234 2.8881907319498046
272 234 3.929644606777966
273 234 3.8242840911201395
274 234 3.6419625343261846
234 235 3.6419625343261846
236 235 3.4878118544989265
237 235 4.33510971488613
264 235 1.5018963708299138
272 235 4.33510971488613
273 235 4.33510971488613
234 236 3.7754939269507073
235 236 3.7754939269507073
236 236 3.4878118544989265
237 236 4.180959035058872
264 236 2.4463579796707653
272 236 3.6419625343261846
273 236 3.8242840911201395
274 236 3.7754939269507073
234 237 3.2364974262180204
236 237 2.3891995658308165
264 237 3.4478065198852272
272 237 4.33510971488613
273 237 3.824284091120139
141 238 4.33510971488613
142 238 3.082346746390762
163 238 4.33510971488613
164 238 4.33510971488613
169 238 2.948815353766239
175 238 4.33510971488613
176 238 4.33510971488613
179 238 4.33510971488613
182 238 4.33510971488613
189 238 4.33510971488613
239 238 4.33510971488613
141 239 4.33510971488613
142 239 3.4878118544989265
163 239 4.33510971488613
164 239 4.33510971488613
169 239 2.948815353766239
175 239 4.33510971488613
176 239 4.33510971488613
179 239 4.33510971488613
182 239 4.33510971488613
189 239 4.33510971488613
224 240 4.33510971488613
225 240 4.009687314451502
226 240 4.201578322261607
240 240 3.5084311417016623
242 240 3.6419625343261846
262 240 3.171958905080449
268 240 2.2556681732062938
184 241 4.047427642434349
246 241 3.54665235452186
247 241 3.6419625343261846
248 241 3.6419625343261846
249 241 4.33510971488613
224 242 4.33510971488613
225 242 4.083795286605224
226 242 4.33510971488613
240 242 3.6419625343261846
242 242 3.2364974262180204
224 243 4.33510971488613
225 243 2.831032318109856
226 243 2.948815353766239
240 243 4.33510971488613
242 243 4.33510971488613
243 243 2.948815353766239
201 244 4.168055630222963
202 244 4.33510971488613
203 244 3.2364974262180204
247 244 3.2364974262180204
201 245 3.9673849347608128
202 245 4.33510971488613
203 245 3.2364974262180204
244 245 4.33510971488613
247 245 3.6419625343261846
201 246 2.838000987425949
203 246 0.8386021534196499
244 246 4.0166559837675955
245 246 4.134439019423978
246 246 3.54665235452186
247 246 3.7563728855039287
248 246 3.595442518691292
249 246 1.9372144420877595
201 247 3.533748949685952
202 247 3.6419625343261846
203 247 3.2364974262180204
244 247 3.929644606777966
245 247 3.6419625343261846
246 247 3.1411872464136956
247 247 3.3165401338915568
248 247 2.948815353766239
201 248 3.1564547185444836
202 248 2.948815353766239
203 248 2.543350245658075
244 248 3.6419625343261846
245 248 3.6419625343261846
246 248 3.595442518691292
247 248 3.6419625343261846
248 248 2.2556681732062938
249 248 2.948815353766239
245 249 3.6419625343261846
246 249 4.134439019423978
247 249 3.6419625343261846
248 249 3.6419625343261846
249 249 2.948815353766239
250 250 3.45964097753223
251 250 4.33510971488613
252 250 4.316417581873978
253 250 4.33510971488613
277 250 2.543350245658075
278 250 3.2364974262180204
279 250 3.6419625343261846
280 250 3.929644606777966
252 251 3.929644606777966
253 251 4.33510971488613
265 251 1.6609610654596012
276 251 4.33510971488613
277 251 4.33510971488613
278 251 4.33510971488613
279 251 4.33510971488613
280 251 4.33510971488613
251 252 3.2364974262180204
252 252 3.524179498669801
253 252 3.929644606777966
265 252 2.296949832179598
266 252 1.1570558845381844
276 252 4.277951301046182
277 252 4.33510971488613
278 252 4.33510971488613
279 252 4.33510971488613
280 252 4.33510971488613
252 253 3.2364974262180204
265 253 2.7595733541277108
276 253 4.33510971488613
277 253 4.33510971488613
278 253 4.33510971488613
279 253 4.33510971488613
280 253 4.33510971488613
281 254 4.33510971488613
282 254 4.33510971488613
283 254 4.33510971488613
284 254 4.33510971488613
285 254 4.33510971488613
287 254 4.33510971488613
255 255 3.2364974262180204
256 255 3.4478065198852272
258 255 2.4633075379845386
269 255 4.33510971488613
271 255 4.33510971488613
16 256 0.035559302036486926
17 256 2.600508659498024
211 256 2.888190731949804
212 256 2.888190731949804
213 256 1.789578443281695
255 256 3.293655840057969
256 256 3.273853212761789
257 256 2.600508659498024
258 256 1.9814694510918003
269 256 3.753188169436409
270 256 3.206644463068339
271 256 3.4943265355201203
211 257 3.8242840911201395
212 257 3.8242840911201395
213 257 2.7256718024520294
255 257 3.418818983011975
256 257 3.3581943611955403
257 257 2.50252825113782
269 257 3.418818983011975
271 257 3.2364974262180204
16 258 2.5010478659673856
17 258 2.8687726460927028
211 258 1.2593347336586027
212 258 1.7701603574245932
256 258 1.8813859925348175
257 258 3.1564547185444836
258 258 3.0764120108709476
259 258 3.929644606777966
260 258 3.9673849347608128
270 258 2.8687726460927028
211 259 3.6419625343261846
212 259 3.45964097753223
213 259 2.543350245658075
256 259 2.754659339325282
257 259 3.7671256772801907
258 259 2.0578424298763744
259 259 3.45964097753223
260 259 4.33510971488613
211 260 4.33510971488613
212 260 4.33510971488613
213 260 3.2364974262180204
256 260 2.888190731949804
257 260 3.824284091120139
163 261 4.33510971488613
182 261 4.33510971488613
222 261 4.33510971488613
223 261 4.33510971488613
228 261 4.33510971488613
229 261 4.33510971488613
230 261 4.33510971488613
231 261 4.33510971488613
238 261 4.33510971488613
239 261 4.33510971488613
183 262 4.33510971488613
184 262 3.3542804618744038
185 262 4.33510971488613
192 262 4.33510971488613
194 262 4.33510971488613
227 262 4.33510971488613
241 262 4.33510971488613
262 262 2.948815353766239
268 262 4.33510971488613
222 263 2.948815353766239
223 263 4.33510971488613
228 263 4.33510971488613
229 263 4.33510971488613
230 263 4.33510971488613
231 263 4.33510971488613
261 263 4.33510971488613
264 263 3.2936558400579687
182 264 1.5018963708299138
222 264 3.160124447433446
223 264 3.8997916436282845
228 264 3.986803020617914
229 264 3.4478065198852272
230 264 3.6991209481661333
231 264 3.5813379125097495
238 264 2.600508659498024
239 264 2.195043551389859
261 264 4.140953700445173
263 264 3.8997916436282845
264 264 3.559032154995452
240 265 2.47189128167593
242 265 2.3541082460195466
243 265 3.3191891420631334
265 265 3.0935794982537304
266 265 3.1510522202611355
267 265 3.5327632423611925
275 265 3.5327632423611925
265 266 3.388182013550085
266 266 3.5084311417016623
267 266 2.948815353766239
240 267 3.6419625343261846
242 267 4.33510971488613
243 267 4.33510971488613
265 267 2.0664261735677654
275 267 4.33510971488613
183 268 4.33510971488613
184 268 4.047427642434349
185 268 4.33510971488613
192 268 4.33510971488613
194 268 4.33510971488613
227 268 4.33510971488613
241 268 4.33510971488613
16 269 3.0229233259199613
17 269 4.33510971488613
258 269 2.8687726460927028
269 269 2.948815353766239
270 269 4.33510971488613
271 269 4.33510971488613
16 270 4.275686294415329
17 270 4.33510971488613
18 270 0.8693738120864033
270 270 3.3542804618744038
16 271 3.561919826652648
17 271 4.33510971488613
258 271 2.8687726460927028
270 271 4.33510971488613
271 271 3.2364974262180204
263 272 4.33510971488613
264 272 4.027625015138169
272 272 2.948815353766239
273 272 2.7256718024520294
234 273 2.7256718024520294
236 273 2.5715211226247714
237 273 3.418818983011975
263 273 3.418818983011975
264 273 3.6060305251001212
272 273 4.11196616357192
273 273 3.418818983011975
234 274 3.6419625343261846
235 274 4.33510971488613
236 274 3.4878118544989265
237 274 4.33510971488613
272 274 4.33510971488613
273 274 4.33510971488613
224 275 3.929644606777966
225 275 1.0392728488818008
240 275 4.33510971488613
242 275 4.33510971488613
243 275 4.33510971488613
275 275 3.2364974262180204
265 276 3.3191891420631334
266 276 3.6419625343261846
276 276 2.948815353766239
265 277 3.2703989778937017
266 277 3.3542804618744038
276 277 4.33510971488613
265 278 3.1650384622358754
266 278 3.3542804618744038
276 278 4.33510971488613
277 278 4.33510971488613
265 279 3.1650384622358754
266 279 2.948815353766239
276 279 4.33510971488613
277 279 4.33510971488613
278 279 4.33510971488613
265 280 3.047255426579492
266 280 2.948815353766239
276 280 4.33510971488613
277 280 4.33510971488613
278 280 4.33510971488613
279 280 4.33510971488613
282 281 4.33510971488613
283 281 4.33510971488613
285 281 4.33510971488613
286 281 3.3542804618744038
287 281 4.33510971488613
282 282 3.3542804618744038
283 282 3.45964097753223
285 282 4.33510971488613
286 282 4.201578322261607
287 282 4.33510971488613
291 282 1.0029052047109261
282 283 3.796113214153443
283 283 3.2364974262180204
285 283 4.33510971488613
286 283 4.047427642434349
287 283 4.33510971488613
291 283 1.9837344577226523
281 284 4.33510971488613
282 284 4.33510971488613
283 284 4.33510971488613
284 284 2.948815353766239
285 284 4.33510971488613
286 284 2.6611332813144584
287 284 4.33510971488613
285 285 3.3542804618744038
286 285 4.33510971488613
287 285 3.6419625343261846
291 285 3.998637478264917
286 286 3.5084311417016623
288 286 2.2556681732062938
289 286 3.5084311417016623
290 286 4.201578322261607
291 286 4.33510971488613
285 287 3.6419625343261846
286 287 4.33510971488613
291 287 3.998637478264917
307 288 4.33510971488613
309 288 3.796113214153443
288 289 4.33510971488613
289 289 3.3542804618744038
307 289 4.33510971488613
309 289 3.3542804618744038
288 290 4.33510971488613
289 290 4.33510971488613
290 290 3.2364974262180204
307 290 4.33510971488613
309 290 1.8502030650981298
288 291 4.33510971488613
289 291 4.33510971488613
290 291 4.33510971488613
291 291 3.4878118544989265
307 291 3.6419625343261846
292 292 5.097249766933027
292 293 5.097249766933027
292 294 4.90309375249207
293 294 4.90309375249207
294 294 3.516799391372179
292 295 4.691784658824862
293 295 4.691784658824862
294 295 4.691784658824862
295 295 3.3054902977049716
292 296 4.440470230543957
293 296 4.440470230543956
294 296 4.440470230543956
295 296 4.440470230543956
296 296 3.45964097753223
292 297 3.998637478264917
293 297 4.33510971488613
294 297 4.33510971488613
295 297 4.33510971488613
296 297 4.33510971488613
297 297 3.2364974262180204
292 298 3.4878118544989265
293 298 4.33510971488613
294 298 4.33510971488613
295 298 4.33510971488613
296 298 4.33510971488613
297 298 4.33510971488613
292 299 3.082346746390762
293 299 4.33510971488613
294 299 4.33510971488613
295 299 4.33510971488613
296 299 4.33510971488613
297 299 4.33510971488613
298 299 4.33510971488613
292 300 2.3891995658308165
293 300 4.33510971488613
294 300 4.33510971488613
295 300 4.33510971488613
296 300 4.33510971488613
297 300 4.33510971488613
298 300 4.33510971488613
299 300 4.33510971488613
293 301 4.33510971488613
294 301 4.33510971488613
295 301 4.33510971488613
296 301 4.33510971488613
297 301 4.33510971488613
298 301 4.33510971488613
299 301 4.33510971488613
300 301 4.33510971488613
294 302 4.33510971488613
295 302 4.33510971488613
296 302 4.33510971488613
297 302 4.33510971488613
298 302 4.33510971488613
299 302 4.33510971488613
300 302 4.33510971488613
301 302 4.33510971488613
303 303 2.948815353766239
304 303 3.6419625343261846
305 303 1.3646952493164288
308 303 4.212507392793798
312 303 3.6419625343261846
303 304 3.6419625343261846
305 304 1.3646952493164288
308 304 4.255067007212594
303 305 3.310605398371742
304 305 3.310605398371742
305 305 3.1348556067410223
308 305 2.4760465637619684
312 305 1.3646952493164288
313 305 0.9592301412082646
294 306 1.6960523852708713
295 306 3.3054902977049716
296 306 4.093947658069242
297 306 4.33510971488613
298 306 4.33510971488613
299 306 4.33510971488613
300 306 4.33510971488613
301 306 4.33510971488613
302 306 4.33510971488613
306 306 3.4878118544989265
307 307 3.5084311417016623
309 307 4.225108819671801
310 307 2.4379897300002487
299 308 1.7701603574245932
300 308 2.4633075379845386
301 308 2.8687726460927028
302 308 3.1564547185444836
305 308 0.8791874335347281
306 308 3.8496018991044294
308 308 3.394865741989482
312 308 4.255067007212594
313 308 4.226896130245898
305 309 1.7701603574245934
308 309 1.4824782849728124
309 309 3.554951157336555
310 309 4.318302596569749
311 309 4.152788158092175
305 310 3.0694433415548543
308 310 1.7701603574245932
310 310 3.418818983011975
311 310 4.33510971488613
305 311 3.310605398371742
308 311 1.7701603574245932
298 312 4.33510971488613
299 312 4.33510971488613
300 312 4.33510971488613
301 312 4.33510971488613
302 312 4.33510971488613
306 312 4.33510971488613
313 312 4.33510971488613
297 313 3.929644606777966
298 313 4.33510971488613
299 313 4.33510971488613
300 313 4.33510971488613
301 313 4.33510971488613
302 313 4.33510971488613
306 313 4.33510971488613
313 313 3.2364974262180204
