0 0 3.9415818076696905
106 0 4.452407431435681
109 0 2.8429695190015805
1 1 3.536116699561526
52 1 3.3537951427675714
3 2 2.725186483345197
52 2 3.1306515914533617
1 3 3.1306515914533617
2 3 3.823798772013307
3 3 2.925857178807348
11 3 -1.7578160686686866
17 3 2.0320393027852517
52 3 2.18618998261251
7 4 4.229263880121471
8 4 4.922411060681417
16 4 3.823798772013307
4 5 4.922411060681417
8 5 4.922411060681417
16 5 3.823798772013307
4 6 4.922411060681417
5 6 4.922411060681417
6 6 3.536116699561526
8 6 4.229263880121471
7 7 3.536116699561526
78 7 4.922411060681417
84 7 2.8429695190015805
7 8 4.922411060681417
16 8 3.823798772013307
9 9 3.536116699561526
11 9 -0.9468858524523579
12 9 4.229263880121471
10 10 3.3617633124167483
11 10 -1.4577114762183485
13 10 3.536116699561526
50 10 1.9266787871274256
3 11 -1.7578160686686866
6 11 0.15172643621575188
10 11 -0.7645642956584031
11 11 0.7706207695764483
14 11 -0.0714171150984578
16 11 0.2570869518735782
17 11 -0.9468858524523579
76 11 -0.6367309241485183
11 12 0.6625520599817425
12 12 2.8429695190015805
13 13 3.536116699561526
49 13 3.536116699561526
50 13 4.922411060681417
0 14 3.7184382563554808
14 14 3.900759813149435
11 15 0.8448736167756972
3 16 1.6265741946770875
5 16 3.823798772013307
6 16 3.823798772013307
7 16 3.823798772013307
11 16 -1.3523509605605222
17 16 3.1306515914533617
78 16 3.1306515914533617
11 17 0.4394085086675327
16 17 3.1306515914533617
52 17 1.7443572303334711
18 18 3.536116699561526
19 18 4.922411060681417
30 18 4.922411060681417
31 18 4.229263880121471
30 19 4.922411060681417
31 19 4.922411060681417
32 19 4.229263880121471
20 20 3.823798772013307
96 20 3.823798772013307
97 20 4.516945952573252
98 20 4.922411060681417
20 21 4.922411060681417
26 22 4.516945952573252
47 22 3.823798772013307
24 23 4.922411060681417
25 23 4.922411060681417
25 24 4.922411060681417
103 24 4.922411060681417
25 25 3.536116699561526
99 25 4.922411060681417
101 25 4.229263880121471
103 25 4.922411060681417
23 26 3.823798772013307
24 26 3.823798772013307
25 26 3.1306515914533617
26 26 2.725186483345197
47 26 4.334624395779298
27 27 3.536116699561526
36 27 3.536116699561526
38 27 4.922411060681417
33 28 4.922411060681417
34 28 4.922411060681417
27 29 4.922411060681417
38 29 4.229263880121471
31 30 4.922411060681417
32 30 4.922411060681417
29 31 4.922411060681417
32 31 4.922411060681417
27 32 4.634728988229636
29 32 4.922411060681417
32 32 3.536116699561526
20 33 4.516945952573252
21 33 4.922411060681417
20 34 3.1306515914533617
21 34 4.922411060681417
33 34 4.922411060681417
34 34 3.536116699561526
28 35 4.229263880121471
35 35 3.536116699561526
37 35 4.922411060681417
39 35 4.922411060681417
36 36 3.536116699561526
42 36 4.922411060681417
43 36 4.922411060681417
44 36 4.229263880121471
28 37 4.922411060681417
34 37 4.229263880121471
39 37 4.922411060681417
36 38 4.922411060681417
38 38 3.536116699561526
43 38 4.229263880121471
28 39 4.922411060681417
34 39 4.922411060681417
35 40 2.8429695190015805
40 40 3.9415818076696905
45 40 4.634728988229636
46 40 4.229263880121471
40 41 4.634728988229636
40 42 3.536116699561526
41 42 4.922411060681417
44 42 4.922411060681417
41 43 4.922411060681417
42 43 4.922411060681417
44 43 4.922411060681417
40 44 4.229263880121471
41 44 4.922411060681417
35 45 4.922411060681417
46 45 4.922411060681417
35 46 4.922411060681417
37 46 4.922411060681417
23 47 4.516945952573252
24 47 3.823798772013307
26 47 3.823798772013307
47 47 3.823798772013307
9 48 4.922411060681417
12 48 3.536116699561526
49 49 3.536116699561526
53 49 4.922411060681417
55 49 4.229263880121471
49 50 4.922411060681417
50 50 3.536116699561526
53 50 4.229263880121471
9 51 4.634728988229636
48 51 4.922411060681417
51 51 3.536116699561526
1 52 2.4375044108934163
3 52 2.4375044108934163
11 52 -1.3523509605605222
17 52 2.8429695190015805
52 52 2.8429695190015805
55 53 4.922411060681417
48 54 3.823798772013307
51 54 4.740089503887462
54 54 3.823798772013307
55 55 3.823798772013307
57 55 4.516945952573252
58 55 4.922411060681417
59 55 3.823798772013307
54 56 4.922411060681417
59 57 4.922411060681417
63 57 4.516945952573252
57 58 4.922411060681417
59 58 4.922411060681417
63 58 3.823798772013307
63 59 4.922411060681417
54 60 4.516945952573252
56 60 4.922411060681417
56 61 4.229263880121471
60 61 4.922411060681417
61 61 3.536116699561526
62 61 4.922411060681417
54 62 3.823798772013307
56 62 4.922411060681417
60 62 4.922411060681417
61 63 4.740089503887462
62 63 3.823798772013307
63 63 3.823798772013307
10 64 2.6198259676873707
11 64 0.4394085086675327
65 65 3.536116699561526
66 65 4.922411060681417
94 65 4.229263880121471
66 66 3.536116699561526
94 66 4.922411060681417
95 66 4.229263880121471
10 67 2.6198259676873707
64 67 4.922411060681417
68 67 4.922411060681417
10 68 2.6198259676873707
11 68 -0.2537386718924126
64 68 4.922411060681417
64 69 4.922411060681417
67 69 4.922411060681417
68 69 4.922411060681417
71 70 4.922411060681417
111 70 3.312973148247316
71 71 3.536116699561526
111 71 3.312973148247316
112 71 4.634728988229636
74 72 2.8429695190015805
100 72 4.922411060681417
3 73 2.0320393027852517
52 73 2.4375044108934163
73 73 3.536116699561526
75 73 4.922411060681417
72 74 3.9415818076696905
74 74 3.596741321377961
100 74 3.248434627109745
104 74 2.8429695190015805
3 75 3.4183336639051425
52 75 2.4375044108934163
11 76 -2.2461688365826187
65 76 2.7476593391972557
66 76 1.1382214267631554
74 76 1.5436865348713198
76 76 2.6721517866891107
11 77 0.4394085086675327
15 77 4.922411060681417
78 78 3.536116699561526
84 78 4.452407431435681
86 79 4.922411060681417
89 79 4.922411060681417
11 80 -0.9468858524523579
15 80 4.922411060681417
77 80 4.922411060681417
80 80 3.536116699561526
80 81 4.922411060681417
82 81 4.922411060681417
77 82 4.922411060681417
80 82 4.922411060681417
79 83 4.922411060681417
86 83 4.922411060681417
89 83 4.229263880121471
83 84 3.536116699561526
84 84 3.9415818076696905
85 84 4.452407431435681
79 85 4.922411060681417
83 85 4.922411060681417
85 85 3.536116699561526
86 85 4.229263880121471
89 86 4.922411060681417
92 86 4.922411060681417
81 87 4.922411060681417
88 87 4.922411060681417
80 88 3.536116699561526
81 88 4.922411060681417
82 88 4.922411060681417
88 88 3.536116699561526
89 89 3.536116699561526
90 89 4.229263880121471
92 89 4.922411060681417
93 89 4.922411060681417
87 90 4.922411060681417
88 90 4.229263880121471
91 90 4.922411060681417
87 91 4.922411060681417
88 91 4.922411060681417
90 92 4.922411060681417
91 92 4.922411060681417
93 92 4.922411060681417
87 93 4.922411060681417
90 93 4.922411060681417
91 93 4.922411060681417
95 94 4.922411060681417
18 95 4.740089503887462
19 95 3.823798772013307
95 95 3.823798772013307
67 96 4.922411060681417
68 96 4.922411060681417
69 96 4.922411060681417
67 97 4.922411060681417
69 97 4.922411060681417
96 97 4.922411060681417
69 98 4.922411060681417
96 98 4.922411060681417
97 98 4.922411060681417
73 99 4.922411060681417
101 99 4.922411060681417
100 100 3.536116699561526
102 100 4.229263880121471
104 100 4.922411060681417
105 100 4.922411060681417
73 101 4.922411060681417
75 101 4.922411060681417
22 102 4.922411060681417
26 102 4.516945952573252
73 103 4.229263880121471
99 103 4.922411060681417
101 103 4.922411060681417
22 104 4.922411060681417
102 104 4.922411060681417
105 104 4.922411060681417
22 105 4.922411060681417
26 105 3.823798772013307
102 105 4.922411060681417
70 106 4.922411060681417
71 106 3.536116699561526
106 106 3.536116699561526
109 106 4.229263880121471
11 107 -0.2537386718924126
12 107 4.229263880121471
12 108 4.229263880121471
107 108 4.922411060681417
70 109 4.229263880121471
71 109 4.229263880121471
107 109 4.229263880121471
108 109 4.229263880121471
110 109 4.229263880121471
12 110 3.536116699561526
107 110 4.922411060681417
108 110 4.922411060681417
108 111 3.312973148247316
109 111 3.7184382563554808
110 111 4.0061203288072615
111 111 3.649445384868529
112 111 3.312973148247316
111 112 4.229263880121471
112 112 3.536116699561526
