0 0 0.3058165267052413
1 0 -3.182392231946544
2 0 -1.102950690266708
3 0 -2.8947101594947626
5 0 0.23682365521828985
7 0 -0.06149681543854686
8 0 -2.228961953122932
9 0 -2.0837799432784343
10 0 -0.004338401598598242
12 0 0.40112670650956617
0 1 0.25159497253860236
1 1 -0.22488117121275064
2 1 1.16141318990714
5 1 0.5552773863368246
7 1 0.06280090123903023
0 2 -0.004338401598598242
1 2 2.26002547857525
0 3 -0.3297608020332261
1 3 2.26002547857525
2 3 2.142242442918866
5 3 0.8429594587886053
6 3 2.5477075510270306
0 4 -0.004338401598598242
1 4 2.26002547857525
0 5 -2.4022336743969688
1 5 0.9607424944449888
2 5 1.9415717474567151
3 5 1.2484245668967697
7 5 2.3470368555648795
8 5 1.3751762725359138
0 6 -0.6974855821585435
1 6 2.26002547857525
2 6 3.64631983969514
1 7 0.7559480817989755
3 7 1.4490952623589208
5 7 0.14981227822866008
6 7 2.5477075510270306
8 7 1.9325219119367971
0 8 -2.3624933457474544
1 8 1.0470028387293957
2 8 0.035401927050916
3 8 1.7093783606225872
6 8 1.1340142157190256
8 8 1.454921935799127
13 8 2.2326265043871354
14 8 1.8271613962789708
15 8 -0.04464078062262056
1 9 1.5668782980153044
3 9 1.8545603704670852
8 9 1.8271613962789708
8 10 1.8271613962789708
9 10 3.3586377672433594
0 11 -2.0837799432784343
1 11 0.873731117455359
3 11 1.8545603704670852
4 11 3.3586377672433594
8 11 1.1340142157190256
9 11 3.0709556947915786
8 12 1.1340142157190256
9 12 3.3586377672433594
10 12 4.74493212836325
14 13 3.3586377672433594
15 13 2.8731299514616584
15 14 3.278595059569823
1 15 -0.3049238788862871
4 15 2.8731299514616584
8 15 -0.33232285307440146
9 15 2.5854478790098776
11 15 3.278595059569823
15 15 2.3230836145423863
