0 0 0.538074405030136
3 0 0.4695183101389034
4 0 0.09482486069749255
5 0 -2.631574479072914
0 1 0.4695183101389034
3 1 1.3388921222253065
4 1 1.3388921222253065
0 2 0.09482486069749255
1 2 3.1306515914533617
3 2 1.3388921222253065
4 3 3.1306515914533617
5 3 1.7035352358132159
5 4 2.1090003439213802
5 5 1.2092389139984359
6 5 -1.292197037740775
7 5 0.6049229471451062
8 5 -0.6943600369851545
9 5 2.0219889669317506
11 5 1.5093792213722586
12 5 -0.37590630586662
5 6 1.965899500280707
7 6 1.5212136790192612
9 6 0.540384426007535
10 6 1.2335316065674804
5 7 1.2980701277050515
6 7 2.2143608595792066
10 7 2.4375044108934163
11 7 0.9905854279570908
12 7 -0.047402238894584024
5 8 1.2515501120701586
6 8 2.4191552722252196
7 8 2.119050679774882
9 8 -0.2480729343567351
10 8 2.236833715431265
11 8 0.3844496243867755
12 8 -0.6535380424648994
5 9 -1.7622006669865107
6 9 0.9458495341156995
7 9 1.7443572303334711
8 9 1.1382214267631554
10 9 0.7635279773217447
11 9 2.0246591954876294
12 9 1.3696637808920602
5 10 -0.37590630586662
6 10 1.2335316065674804
7 10 2.4375044108934163
11 10 1.8015156441734197
12 10 1.45667515788169
5 11 -1.129678108243
6 11 1.1729069847510454
8 11 1.3007403562609303
12 11 1.906876159831246
0 12 -2.590752484552659
1 12 1.7443572303334711
2 12 2.1498223384416355
5 12 -1.25137504322052
6 12 1.0512100497735257
7 12 -0.047402238894584024
8 12 1.7443572303334713
9 12 -1.7213786724662554
10 12 1.45667515788169
11 12 -1.088856113722745
12 12 1.290882903038946
