0 0 1.6886816315241222
1 0 -1.1204017270766848
12 0 0.06769772809296118
17 0 -0.41495701870633345
0 1 -1.0893914903341246
1 1 0.30355246884780596
2 1 -0.9619856911362848
3 1 -1.3449779433923905
5 1 -3.1367374126204455
13 1 -2.2921905856051317
17 1 -3.1955779126433788
2 2 4.2493202984221226
17 2 2.390421526356439
1 3 -2.0381251239523355
3 3 4.66895945956765
5 3 2.4717348822314307
0 4 -0.44312789567302985
4 4 5.188083886148336
12 4 2.115390571458217
0 5 -0.7615816267915643
1 5 -2.0381251239523355
5 5 3.938071951024858
8 5 3.771017866361692
11 5 2.672405577693582
13 5 2.016998725116484
4 6 4.964940334834126
6 6 5.147261891628081
0 7 0.25001928488691544
5 7 3.771017866361692
7 7 4.782618778040171
13 7 2.2176694205786345
5 8 2.1615799539275913
7 8 5.475765958600117
8 8 4.336331675411752
11 8 5.070300850491952
10 9 4.964940334834126
9 10 3.866328046166016
10 10 4.699237169101121
17 10 2.102739453904658
8 11 5.252622407285907
11 11 5.070300850491952
0 12 -1.0309145605751489
1 12 -5.01550825883813
5 12 1.4402618964009495
6 12 1.3814213963780162
12 12 2.7803668750514654
13 12 0.33889857436095
15 12 1.8922470201440067
0 13 -1.9094649644664567
1 13 -1.5120320280555566
5 13 1.6115336170083194
12 13 -0.2672372292093656
13 13 2.9298647961092747
16 13 2.3129796003829597
13 14 3.1339601524527896
14 14 4.782618778040171
6 15 3.460862938057852
13 15 0.7135920238023605
15 15 4.664835742383788
16 15 3.055397829949688
13 16 2.2176694205786345
14 16 4.782618778040171
16 16 4.271793154274181
0 17 0.27819016185361184
1 17 -2.5024307320834334
9 17 3.306712258230594
10 17 1.6972743457964934
17 17 3.375705129717545
