0 0 3.71965111278069
6 0 -0.018018505502678365
9 0 2.4387172673186255
24 0 3.8250116284385163
38 0 3.3141860046725258
2 1 4.412798293340635
1 2 4.412798293340635
2 2 3.9427946640948996
3 2 2.7263993397704067
4 2 0.42381424677636087
2 3 2.7263993397704063
3 3 3.397073664478293
4 3 2.608616304114023
5 3 -2.867382239671466
2 4 0.42381424677636087
3 4 2.7039264839183477
4 4 3.0468712350451783
5 4 -1.1626341474330406
4 5 -1.075622770443411
5 5 0.3953546779065183
6 5 -1.6044668997120801
8 5 -0.6701576623352468
9 5 -2.4619171315633017
17 5 -0.8243083421625049
5 6 -1.6997770795164049
6 6 2.8723532523934865
7 6 2.572248659943148
9 6 1.1859542988232576
19 6 0.9628107475090479
5 7 -1.7687699510033563
6 7 1.6559579280689933
7 7 3.196402969016142
19 7 4.8058408814502425
5 8 -0.20015403308951102
8 8 2.8678989020441064
9 8 2.908720896564361
0 9 2.6210388241125804
5 9 -3.1550643121232467
6 9 0.9628107475090479
9 9 3.368253225942801
23 9 3.3141860046725258
5 10 0.022989518224698562
8 10 3.784189633918261
5 11 -1.3633048428951922
8 11 3.784189633918261
10 11 5.393627546352362
11 11 4.007333185232471
13 12 3.71965111278069
35 12 3.6018680771243066
5 13 -2.7495992040150825
12 13 3.71965111278069
13 13 3.71965111278069
18 13 2.1510351948668447
35 13 2.2155737160044158
15 14 4.007333185232471
16 14 4.140864577856994
7 15 2.908720896564361
15 15 3.71965111278069
16 15 3.1600353248452673
20 15 3.6018680771243066
21 15 4.412798293340635
15 16 3.8531825054052127
16 16 4.209857449343945
17 17 3.5167102687839997
18 17 2.466888144285322
5 18 -1.8333084721409276
13 18 2.3333567516607996
18 18 3.282437306357945
36 18 3.0265039322207445
19 19 4.295015257684252
20 19 4.8058408814502425
21 19 3.6018680771243066
6 20 1.6559579280689933
7 20 3.196402969016142
14 20 4.988162438244197
15 20 2.908720896564361
20 20 3.196402969016142
21 20 4.295015257684252
6 21 1.3682758556172123
7 21 3.6018680771243066
14 21 4.700480365792417
15 21 3.3141860046725258
16 21 2.7545702167371027
20 21 3.6018680771243066
5 22 -0.6701576623352468
8 22 4.477336814478206
23 23 4.412798293340635
25 23 4.700480365792417
0 24 3.3141860046725258
24 24 3.196402969016142
38 24 4.988162438244197
39 24 3.6018680771243066
25 25 4.295015257684252
26 25 4.988162438244197
26 26 4.295015257684252
28 26 5.393627546352362
29 26 4.988162438244197
31 26 3.6018680771243066
10 27 5.393627546352362
11 27 5.393627546352362
29 28 5.393627546352362
31 28 5.393627546352362
31 29 5.393627546352362
33 29 4.295015257684252
11 30 5.10594547390058
27 30 5.393627546352362
30 30 4.007333185232471
31 31 4.007333185232471
33 31 5.211305989558407
27 32 4.700480365792417
30 32 5.393627546352362
32 32 4.007333185232471
33 33 4.295015257684252
34 33 4.295015257684252
30 34 2.908720896564361
32 34 4.518158808998462
34 34 4.295015257684252
12 35 3.6018680771243066
13 35 2.2155737160044158
35 35 4.043700829403345
36 36 4.412798293340635
40 36 4.700480365792417
8 37 4.189654742026425
22 37 5.393627546352362
37 37 4.007333185232471
39 38 4.700480365792417
0 39 2.6210388241125804
24 39 3.6018680771243066
39 39 4.295015257684252
40 40 4.295015257684252
42 40 5.393627546352362
43 40 4.988162438244197
45 40 4.295015257684252
22 41 4.700480365792417
37 41 5.393627546352362
41 41 4.007333185232471
43 42 5.393627546352362
45 42 5.393627546352362
47 42 4.295015257684252
45 43 5.393627546352362
47 43 4.988162438244197
37 44 4.700480365792417
41 44 5.393627546352362
47 45 5.393627546352362
41 46 5.393627546352362
44 46 5.393627546352362
47 47 4.295015257684252
49 47 4.988162438244197
50 47 5.393627546352362
53 47 4.295015257684252
41 48 4.007333185232471
44 48 5.393627546352362
46 48 5.393627546352362
48 48 4.007333185232471
52 49 5.393627546352362
53 49 5.393627546352362
49 50 5.393627546352362
52 50 4.700480365792417
53 50 5.393627546352362
46 51 5.393627546352362
48 51 5.393627546352362
48 52 5.10594547390058
51 52 5.393627546352362
52 52 4.007333185232471
51 53 5.393627546352362
52 53 5.393627546352362
