0 0 3.567854562172463
1 0 0.9287972325572044
10 0 0.6958801694160144
17 0 1.2996371126826247
1 1 3.2728195154154234
10 1 -0.09570708395718354
17 1 0.10908732868882949
18 1 2.0622967802257546
2 2 3.5366020186683587
3 2 -0.7606833875504327
4 2 3.302987167486853
3 3 2.756026881233567
4 3 -1.2306870167961683
5 3 1.036152234709483
2 4 2.555772765656632
3 4 2.4068991429302176
4 4 3.066598389422623
2 5 0.6538348601574129
4 5 0.6191493021695229
5 5 1.9674615182227386
6 5 -0.2069431617864834
7 5 -0.15931511279722863
5 6 -1.6271390745820553
6 6 2.3381624226307887
7 6 0.46447575814710546
15 6 -0.4557098179885908
16 6 0.3115453347250764
5 7 -0.4359473490624247
6 7 0.5860309597249123
7 7 2.3917246321557495
16 7 -1.9434117092797145
8 8 2.441961019777368
9 8 1.3098186390905946
11 8 -2.672943285411371
8 9 0.8767019996519202
9 9 2.0307320840282648
11 9 1.1014901735615257
1 10 -2.0767085528237668
10 10 2.2395527548540297
17 10 0.4965973992287111
18 10 -0.7498376121746773
19 10 0.23544599118642942
9 11 0.5455441145150653
11 11 2.517398208112856
12 11 2.6953664529567005
13 11 1.3067383684905898
13 12 3.54665235452186
12 13 1.5317493339795951
13 13 3.263673011596985
16 13 1.4517066263060587
14 14 3.208326549251324
16 14 1.3646952493164288
8 15 2.285521136355975
15 15 3.567854562172463
8 16 -3.8975962949748455
14 16 1.496031251377516
15 16 2.3443489996654647
16 16 2.5554228268923445
0 17 1.5805394981490273
1 17 0.6591336656081016
3 17 0.5303007937651331
10 17 -0.5971722649636108
17 17 1.9390309730141573
18 17 1.5860189639136526
1 18 1.7337927132537185
10 18 1.3473035066045596
17 18 1.0209237102136044
18 18 2.589601263308831
10 19 0.018237175392034306
17 19 -1.0585178314662316
19 19 2.2235649278218768
20 19 2.1015174933790357
0 20 2.794664673938981
17 20 1.8318539264299334
20 20 3.4878118544989265
