0 0 3.5084311417016623
1 0 3.998637478264917
6 0 4.33510971488613
7 0 2.543350245658075
1 1 2.841184689573874
2 1 3.082346746390762
3 1 2.142339487899291
6 1 3.998637478264917
7 1 2.987036566586437
2 2 2.948815353766239
3 2 3.543522461512932
2 3 1.7856645439605583
3 3 3.275755698762093
4 3 2.0480288084280494
5 3 3.543522461512932
4 4 3.3744831691919233
18 4 2.7521050595201855
19 4 3.082346746390762
22 4 3.2001297820471453
23 4 1.5137308284769169
4 5 3.677053854137455
5 5 2.948815353766239
7 6 3.54665235452186
1 7 2.1115678292325373
2 7 2.9180436950994855
3 7 1.304691883344249
6 7 1.5317493339795951
7 7 3.260988446226316
8 7 3.5127508028461785
1 8 3.082346746390762
2 8 4.33510971488613
3 8 3.171958905080449
7 8 0.1454549728597044
8 8 2.948815353766239
9 9 3.3542804618744038
10 9 3.9933604211640734
0 10 3.833017771088894
1 10 2.663636411532577
7 10 -1.007224537078681
9 10 2.083817916279635
10 10 3.502477561901557
10 11 -0.40108873350836544
11 11 3.45964097753223
29 11 4.241080765237854
30 11 3.6419625343261846
12 12 3.567854562172463
16 12 3.5307368992159605
13 13 3.418818983011975
14 13 3.536602018668358
20 13 4.33510971488613
21 13 4.33510971488613
24 13 2.4028984101889788
25 13 3.6419625343261846
26 13 4.33510971488613
27 13 4.33510971488613
13 14 3.7372727141305093
14 14 3.3542804618744038
20 14 4.33510971488613
21 14 4.33510971488613
24 14 2.289569724881975
25 14 3.6419625343261846
26 14 4.33510971488613
27 14 4.33510971488613
12 15 4.261001742732408
15 15 3.2364974262180204
16 15 1.3906707357196897
12 16 1.3906707357196897
15 16 0.29205844705157985
16 16 3.456867050649505
25 16 3.4055737562619544
36 16 3.211417741820997
13 17 4.229749199228304
14 17 4.201578322261607
17 17 3.5366020186683587
18 17 0.9339123332239747
21 17 3.7372727141305093
25 17 1.339377441332139
26 17 3.2852875903874525
27 17 2.7256718024520294
13 18 2.4379897300002487
14 18 2.7664937969722847
17 18 3.5906692399386344
18 18 3.1719589050804493
19 18 3.4083476831446795
22 18 3.45964097753223
23 18 3.6137916573594886
17 19 2.8434548381084133
18 19 3.45964097753223
19 19 3.3542804618744038
22 19 2.948815353766239
23 19 4.33510971488613
24 20 3.675864086001866
20 21 4.33510971488613
21 21 2.948815353766239
24 21 3.219105683506151
25 21 3.6419625343261846
26 21 4.33510971488613
27 21 4.33510971488613
18 22 3.6419625343261846
19 22 4.047427642434349
23 22 4.33510971488613
17 23 3.904326798793676
18 23 3.6419625343261846
23 23 3.45964097753223
12 24 2.518411297310823
15 24 3.582773662935854
16 24 0.5883242631947523
24 24 3.3530906937388147
20 25 3.6419625343261846
24 25 2.9137240339549693
36 25 3.516799391372179
20 26 4.33510971488613
24 26 3.41016092026886
25 26 3.6419625343261846
26 26 2.948815353766239
27 26 4.33510971488613
20 27 4.33510971488613
24 27 3.5327632423611925
25 27 3.6419625343261846
28 28 3.561919826652648
31 28 3.876035156172585
32 28 0.8538696255504382
9 29 4.121535614588071
10 29 2.9688561046496855
29 29 3.561919826652648
30 29 4.255067007212594
9 30 4.33510971488613
10 30 3.693255828713735
29 30 1.7701603574245932
31 31 3.567854562172463
32 31 4.229749199228304
35 31 3.567854562172463
42 31 1.6960523852708713
31 32 0.08661447283677108
32 32 3.418818983011975
35 32 4.33510971488613
42 32 4.047427642434349
43 32 2.0325246218920845
28 33 4.309134228482869
31 33 1.6960523852708715
33 33 3.2364974262180204
34 33 3.2364974262180204
28 34 4.33510971488613
33 34 3.929644606777966
35 35 3.5084311417016623
42 35 4.33510971488613
43 35 3.4083476831446795
44 35 0.8693738120864033
36 36 3.456174769555744
37 36 2.5359701383604523
28 37 0.9900017998750182
33 37 2.4563388686684453
34 37 2.543350245658075
36 37 0.3387455610242331
37 37 2.952281561742726
38 37 3.1029660335934977
39 37 2.8618039767766095
28 38 3.310605398371742
33 38 4.33510971488613
34 38 4.33510971488613
37 38 1.3112065643654427
38 38 3.2364974262180204
39 38 4.33510971488613
28 39 4.072745450418639
33 39 4.33510971488613
34 39 4.33510971488613
39 39 3.2364974262180204
11 40 4.33510971488613
29 40 3.0510942028866577
40 40 3.418818983011975
41 40 4.11196616357192
53 40 4.33510971488613
54 40 4.11196616357192
11 41 4.33510971488613
29 41 3.3795982698586937
40 41 2.7256718024520294
53 41 4.33510971488613
54 41 4.33510971488613
42 42 3.3542804618744038
43 42 3.796113214153443
44 42 2.948815353766239
42 43 1.1570558845381844
43 43 3.3906481060452784
44 43 3.651179189431109
46 43 1.819431406431376
43 44 2.543350245658075
44 44 3.3906481060452784
46 44 3.049620052888205
47 44 2.3610286888641205
45 45 3.5341298295229695
50 45 2.2689133999563147
55 45 3.8242840911201395
57 45 2.6768816382825977
87 45 1.6270595137839199
88 45 0.9339123332239745
89 45 0.9339123332239745
46 46 3.294688364672158
47 46 3.5577021907084445
51 46 3.1899774105831273
52 46 1.6284789604381462
46 47 3.035826730755869
47 47 3.3079563902001654
51 47 3.6783301784970597
52 47 2.30973539447657
48 48 3.561919826652648
49 48 3.615987047922924
56 48 3.7590878915635972
62 48 0.9228624970373895
48 49 3.6672803423104745
49 49 3.2364974262180204
56 49 3.7625905221147993
45 50 3.098876048341973
50 50 3.575517434918032
55 50 2.1015174933790357
57 50 1.765045256757823
51 51 3.2364974262180204
52 51 3.5084311417016623
48 52 2.8791354331282495
49 52 2.9062557393474435
51 52 1.716671672473607
52 52 3.2701059662199734
11 53 4.33510971488613
29 53 3.9673849347608128
11 54 4.33510971488613
29 54 3.6419625343261846
40 54 2.7256718024520294
53 54 4.33510971488613
54 54 2.948815353766239
40 55 0.7797616533967164
45 55 0.37429654528855183
55 55 3.4878118544989265
57 55 4.33510971488613
87 55 4.180959035058872
88 55 4.093947658069242
89 55 3.998637478264917
101 55 3.3054902977049716
56 56 3.561919826652648
58 56 3.1564547185444836
59 56 2.4633075379845386
60 56 3.474908449663018
61 56 3.785063377966858
62 56 4.218699363041718
40 57 4.037858191418199
41 57 3.7754939269507073
54 57 3.3054902977049716
57 57 3.4878118544989265
87 57 4.33510971488613
88 57 4.33510971488613
89 57 4.33510971488613
101 57 4.33510971488613
59 58 4.33510971488613
63 58 3.3542804618744038
59 59 3.2364974262180204
63 59 3.5084311417016623
58 60 4.33510971488613
59 60 4.33510971488613
60 60 2.948815353766239
63 60 3.220749069249881
58 61 4.33510971488613
59 61 4.33510971488613
60 61 4.33510971488613
61 61 2.948815353766239
63 61 3.009439975582674
58 62 4.33510971488613
59 62 4.33510971488613
60 62 4.33510971488613
61 62 4.33510971488613
62 62 3.4878118544989265
63 62 2.255668173206294
63 63 3.2897419407368327
64 63 2.6185736668956627
65 63 1.7101569914524135
64 64 3.3906481060452784
65 64 3.538284104851343
66 64 1.1570558845381844
64 65 2.7664937969722847
65 65 3.2281986234033253
66 65 3.258970282070079
67 65 2.53505144284338
66 66 3.467609147181407
67 66 3.8831245911430727
79 66 2.5346165656893205
66 67 2.9668338592689176
67 67 3.54665235452186
78 67 -0.5476922077002407
79 67 3.171168078625631
68 68 3.561919826652648
69 68 4.072745450418639
81 68 4.309134228482869
82 68 1.0124746557270767
83 68 0.9339123332239745
84 68 1.7701603574245932
85 68 2.0803152857284326
68 69 2.8687726460927028
81 69 4.33510971488613
82 69 1.5625209926463486
83 69 1.6270595137839199
84 69 2.6303616226477047
85 69 2.342679550195924
68 70 4.33510971488613
69 70 4.33510971488613
81 70 3.2364974262180204
68 71 4.152788158092175
69 71 3.929644606777966
70 71 4.33510971488613
71 71 3.45964097753223
68 72 3.785063377966858
70 72 4.33510971488613
71 72 4.33510971488613
72 72 2.948815353766239
68 73 3.3795982698586937
70 73 4.33510971488613
71 73 4.33510971488613
72 73 4.33510971488613
73 73 3.2364974262180204
68 74 1.5878388006306385
70 74 3.6419625343261846
71 74 4.217326679229746
72 74 4.33510971488613
73 74 4.33510971488613
74 74 3.45964097753223
75 74 3.054175869424066
68 75 0.6715480687564837
70 75 3.2364974262180204
71 75 3.842633229788336
72 75 4.33510971488613
73 75 4.33510971488613
74 75 4.009687314451502
75 75 3.2364974262180204
76 75 0.6715480687564837
71 76 0.6715480687564837
72 76 2.6864510892987483
73 76 3.3795982698586937
74 76 4.08927475236985
75 76 4.197908593372645
76 76 3.561919826652648
74 77 1.8502030650981298
75 77 3.2364974262180204
76 77 4.33510971488613
77 77 2.948815353766239
78 78 3.208326549251324
79 78 1.7904838303965074
80 78 2.967164492434436
76 79 2.8090534113910803
77 79 3.5022005919510257
78 79 2.3782704952986267
79 79 2.876305638400248
80 79 2.403588303282916
75 80 1.4447379569899652
76 80 3.197276713064739
77 80 4.047427642434349
79 80 3.0967354838428616
80 80 3.45964097753223
81 81 3.2364974262180204
82 81 1.5625209926463486
83 81 2.879822482279288
84 81 2.6303616226477047
85 81 2.342679550195924
82 82 3.1140649266615466
83 82 1.8248852571138399
84 82 -0.1422270995920765
85 82 2.342679550195924
82 83 1.772241523628418
83 83 3.004985625233294
84 83 3.131136910560194
85 83 1.0209237102136044
90 83 0.9339123332239745
91 83 0.9339123332239745
92 83 0.2833247670828252
82 84 2.7889666528243433
83 84 2.506308973977726
84 84 3.1502370819336134
82 85 -0.42990917204385753
83 85 1.244067261527814
84 85 0.6379314579574985
85 85 3.276988787572757
86 85 3.198345660253644
83 86 0.8087491902699684
86 86 3.5739578052121272
90 86 4.140953700445173
91 86 4.027625015138169
92 86 2.5560568969271897
11 87 2.543350245658075
40 87 4.33510971488613
41 87 4.33510971488613
53 87 4.33510971488613
54 87 4.33510971488613
88 87 3.6419625343261846
89 87 4.33510971488613
101 87 4.33510971488613
11 88 3.2364974262180204
40 88 4.33510971488613
41 88 4.33510971488613
53 88 4.33510971488613
54 88 4.33510971488613
87 88 3.6419625343261846
88 88 2.948815353766239
89 88 3.6419625343261846
101 88 4.33510971488613
11 89 3.45964097753223
40 89 4.33510971488613
41 89 4.33510971488613
53 89 4.33510971488613
54 89 4.33510971488613
88 89 3.6419625343261846
89 89 2.948815353766239
101 89 4.33510971488613
91 90 4.33510971488613
92 90 3.764564856418517
91 91 2.948815353766239
92 91 3.873764148383509
92 92 3.4667986649001103
93 92 3.764564856418517
94 92 2.29822778762509
95 92 1.7783523283391813
96 92 2.6106024726672423
92 93 1.1996154989569803
94 93 4.33510971488613
95 93 3.026776895235951
96 93 3.131136910560194
95 94 3.4322420033441157
92 95 -2.411302413687244
93 95 0.7241918022419054
94 95 2.670101951297219
95 95 3.136721482558714
96 95 2.670101951297219
97 95 3.2891411597034423
98 95 1.194195431487641
92 96 -1.1029695940370654
93 96 2.0325246218920845
94 96 3.418818983011975
95 96 2.353432341972186
96 96 2.7744619666214616
97 96 2.0325246218920845
98 96 3.4833575041495464
99 96 1.339377441332139
96 97 3.6419625343261846
97 97 3.2364974262180204
98 97 3.786543763137292
99 97 0.9339123332239747
98 98 3.5341298295229695
99 98 3.919594270924464
100 98 3.131136910560194
102 98 1.1162338900179294
103 98 1.914741586235701
98 99 1.62705951378392
99 99 3.5366020186683587
100 99 4.229749199228304
102 99 3.790382539444458
103 99 4.11196616357192
105 99 2.0325246218920845
100 100 3.3542804618744038
102 100 4.33510971488613
103 100 4.33510971488613
105 100 4.047427642434349
106 100 3.2364974262180204
11 101 4.248098337896501
40 101 4.33510971488613
41 101 4.33510971488613
53 101 4.33510971488613
54 101 4.33510971488613
101 101 2.948815353766239
102 102 3.418818983011975
103 102 2.3202066943438653
105 102 4.33510971488613
106 102 4.33510971488613
108 102 2.5715211226247714
102 103 4.192008871245457
103 103 3.2364974262180204
105 103 4.33510971488613
106 103 4.217326679229746
108 103 1.2905872771627072
104 104 3.4393676512393627
107 104 1.8896619018386773
109 104 2.665047180635595
110 104 3.5813379125097495
112 104 2.0127219945959047
113 104 2.836897437562254
105 105 3.45964097753223
106 105 4.152788158092175
108 105 3.593172370156753
105 106 2.543350245658075
106 106 3.2364974262180204
108 106 3.8555366346242437
104 107 3.455297191614385
107 107 3.3878741791625533
109 107 0.4743800038455345
110 107 1.3906707357196897
112 107 -0.40108873350836544
113 107 -0.21876717671441082
108 108 3.4878118544989265
109 108 3.2920672773728312
111 108 3.2364974262180204
112 108 1.0674437258484972
108 109 0.954115040541494
109 109 2.948815353766239
110 109 2.900025189596807
111 109 3.956077863846121
112 109 2.8661236379211257
113 109 3.3700288188425427
109 110 3.2364974262180204
112 110 2.543350245658075
113 110 4.622791787337911
109 111 0.6462302607721937
111 111 3.3542804618744038
112 111 3.5179098856562057
104 112 -0.7197196596304646
107 112 2.8326163513889573
109 112 1.1972029525515966
110 112 2.1134936844257517
111 112 0.727199323305861
112 112 3.1431131016069096
113 112 2.624319308191742
109 113 3.131136910560194
110 113 4.047427642434349
112 113 2.2556681732062938
113 113 4.740574822994295
