0 0 0.19259258740969887
3 0 -2.671008929421861
5 0 0.08583143584978102
6 0 -0.31963367225838335
7 0 -2.8251596092491194
0 1 0.21936282847430366
0 2 -0.4737843520856416
5 2 2.6210388241125804
6 2 2.6210388241125804
7 2 0.9628107475090479
0 3 -0.18610227963386075
1 3 3.6018680771243066
0 4 -0.8792494601938061
2 4 4.700480365792417
5 4 2.6210388241125804
6 4 2.6210388241125804
1 5 1.5224265354444706
3 5 1.5224265354444706
6 5 3.3141860046725258
7 5 2.2155737160044158
0 6 -2.958691001873642
1 6 1.5224265354444706
3 6 1.5224265354444706
7 6 2.6210388241125804
0 7 -3.0074811660430742
1 7 2.1667835518349836
3 7 2.5032557884561966
7 7 1.9787313203320442
10 7 2.6544867581801204
12 7 2.0236827081943107
13 7 0.3437715391028244
3 8 1.992430164690206
7 8 2.531426665422893
10 8 1.8382794848629478
12 8 1.5869650565820417
7 9 1.9072723563498992
8 9 3.447717397297048
9 9 1.5018072482417348
10 9 1.5018072482417348
11 9 3.447717397297048
12 9 1.9436400005207741
13 9 0.18962085927556593
12 10 3.196402969016142
13 10 2.828678188890825
8 11 3.0910424533583156
9 11 2.7545702167371027
12 11 3.196402969016142
13 11 2.1355310083308794
4 12 2.5032557884561966
7 12 -0.5412666492672265
8 12 1.5869650565820417
9 12 1.250492819960829
13 12 3.07380064692381
0 13 -4.137345998215288
2 13 2.828678188890825
4 13 3.0518217402050345
5 13 0.05608946665104337
7 13 -0.2158442488325983
8 13 2.605534637576615
9 13 3.079992617171731
11 13 2.828678188890825
12 13 0.6314536115546054
13 13 2.3114216747945435
