0 0 1.148035063960964
1 0 -2.3484724975055165
3 0 -0.5331825308672673
4 0 -1.7007876910223283
6 0 1.0072625100798818
9 0 0.7901980048420542
10 0 -2.170791320268064
11 0 -0.37903185104000886
12 0 -0.23242837684813353
13 0 -2.219581484437496
18 0 1.4127276181880462
20 0 0.3141153295199365
23 0 -1.9884697634741093
0 1 0.801410455875733
1 1 -0.6257058997644126
3 1 0.7841189587656721
7 1 1.3437347467010947
9 1 1.501363690904678
12 1 0.7018808605286999
13 1 -1.4131056185705473
20 1 1.3437347467010947
0 2 1.389197120777852
0 3 0.00290275965796141
1 3 1.6123406720920619
3 3 0.7195804376281008
4 3 -0.04255961441879589
9 3 0.7436779892071613
10 3 1.2791962255635234
12 3 0.8196638961850832
13 3 -0.7844969591481733
20 3 1.9723434061234688
0 4 -0.22024079165624838
1 4 1.676879193229633
3 4 1.1895840668738364
9 4 1.0313600616589422
10 4 1.6314168191528755
12 4 0.8842024173226545
13 4 -1.0076405104623831
21 4 -0.3610133455373305
0 5 0.00290275965796141
1 5 1.389197120777852
3 5 1.4127276181880462
4 5 0.6505875661411494
9 5 0.7436779892071613
10 5 1.9723434061234688
12 5 0.41419878807691896
11 6 4.051784947803305
12 6 1.8004931491968095
13 6 0.6017974019717174
11 7 3.3586377672433594
12 7 1.1073459686368643
13 7 -0.09134977858822796
14 7 2.1058747987479913
15 7 4.051784947803305
19 7 4.051784947803305
0 8 0.9837320126696876
2 8 4.74493212836325
0 9 -1.655325316945571
1 9 0.1364341522824839
3 9 1.2585769383607877
4 9 0.7841189587656721
7 9 1.4127276181880462
10 9 0.7195804376281008
11 9 1.4127276181880462
12 9 1.4640209125755967
13 9 0.4476467221444589
20 9 2.1058747987479913
23 9 -0.1967102942460544
24 9 -1.9014583864844794
0 10 -2.194321817678258
1 10 0.2905848321097423
3 10 1.7004096906398272
4 10 0.9382696385929302
9 10 -0.3549342994609484
10 10 1.16141318990714
12 10 1.6181715924028548
13 10 0.19633229386355286
16 10 0.873731117455359
21 10 -0.1378697942231208
12 11 1.8004931491968095
13 11 0.6017974019717174
21 11 2.3470368555648795
1 12 -0.16894749726869798
3 12 0.5477301807014415
4 12 1.1718844897744354
7 12 1.1073459686368643
10 12 1.1073459686368643
12 12 -0.4507986494096855
13 12 1.024654252791751
16 12 1.1073459686368643
21 12 0.7888922375183295
22 12 0.7018808605286999
0 13 -2.060790425053735
1 13 0.42411622473426497
3 13 -1.3441127470835958
4 13 0.8381861800359477
7 13 -0.09134977858822796
9 13 -2.013162376064481
10 13 -1.1899620672563378
12 13 -2.342641577194723
13 13 1.063832861568276
14 13 -1.3441127470835958
16 13 -0.7844969591481733
19 13 0.6017974019717174
21 13 1.2949445825316628
23 13 0.9382696385929302
24 13 -1.4596256342054403
1 14 0.1364341522824839
4 14 0.7841189587656721
9 14 0.18406220127173856
10 14 0.3141153295199365
12 14 -0.14541699985850381
13 14 1.1407939027044043
14 14 0.8531118302526234
16 14 1.4127276181880462
21 14 0.40112670650956617
4 15 2.03688192726104
10 15 2.26002547857525
14 15 2.7990219793079367
1 16 0.6960499402179067
4 16 0.6505875661411494
14 16 2.1058747987479913
16 16 2.665490586683414
21 16 0.9607424944449888
22 16 3.3586377672433594
23 16 1.0560526742493137
24 16 -0.6486954179891115
0 17 -1.213492564666532
1 17 0.5782669045615232
3 17 0.6017974019717174
5 17 2.5477075510270306
10 17 0.7559480817989755
12 17 -0.39673142813940976
13 17 0.48401436631533373
14 17 1.988091763091608
22 17 1.4490952623589208
23 17 0.2451224580329849
24 17 -1.4596256342054403
6 18 4.74493212836325
11 18 4.051784947803305
12 18 1.8004931491968095
4 19 2.03688192726104
14 19 2.7990219793079367
15 19 4.74493212836325
7 20 3.3586377672433594
8 20 4.051784947803305
11 20 3.3586377672433594
12 20 1.1073459686368643
23 20 1.7491998548092589
24 20 0.044451762570833796
4 21 -0.3610133455373305
7 21 1.6538896750049341
14 21 1.0942738870695115
15 21 2.3470368555648795
16 21 2.3470368555648795
17 21 0.8429594587886053
19 21 2.3470368555648795
21 21 -0.050858417233490966
22 21 1.2484245668967697
23 21 1.990361911626147
24 21 0.8246103201204089
16 22 2.26002547857525
17 22 1.4490952623589208
22 22 2.5477075510270306
23 22 2.4423470353692043
24 22 0.7375989431307791
2 23 2.4423470353692043
5 23 1.7491998548092589
8 23 2.4423470353692043
14 23 0.4964368863138909
17 23 1.6314168191528755
24 23 1.4795362878601563
0 24 -3.7167483531227288
1 24 -1.2318417033347282
2 24 0.7375989431307791
5 24 1.1430640512389434
8 24 0.7375989431307791
10 24 -1.054160526097276
13 24 -2.019241422140863
14 24 0.7375989431307791
17 24 1.5361066393485507
22 24 0.3321338350226147
23 24 -1.5649861498632667
24 24 1.5009503823639732
