0 0 0.14524457045010483
6 0 0.18058393689541372
7 0 -0.22488117121275064
8 0 -2.3043227128925867
0 1 0.18058393689541372
0 2 0.18058393689541372
0 3 -0.22488117121275064
1 3 3.3586377672433594
0 4 -0.22488117121275064
1 4 3.3586377672433594
0 5 -0.22488117121275064
2 5 4.74493212836325
7 6 3.1354942159291497
8 6 2.4423470353692043
8 7 2.847812143477369
0 8 -3.220613444766742
1 8 1.7491998548092589
3 8 2.847812143477369
8 8 2.1546649629174235
10 8 2.847812143477369
11 8 2.4423470353692043
12 8 0.6505875661411493
0 9 -0.9180283517726959
1 9 3.3586377672433594
4 9 4.051784947803305
11 10 3.64631983969514
12 10 3.240854731586976
12 11 3.64631983969514
0 12 -3.1152529291089155
1 12 1.8545603704670852
2 12 3.240854731586976
4 12 3.240854731586976
5 12 3.64631983969514
9 12 3.64631983969514
12 12 2.5477075510270306
