0 0 3.9415818076696905
1 0 3.381966019734268
1 1 2.976500911626103
12 1 1.995671658614377
13 1 3.199644462940313
21 1 0.49159426183810306
0 2 3.9415818076696905
2 2 3.9415818076696905
2 3 4.229263880121471
3 3 3.823798772013307
3 4 3.536116699561526
4 4 3.3284773347832814
17 4 2.8429695190015805
4 5 3.7592602508757356
5 5 3.536116699561526
6 6 3.900759813149435
7 6 4.229263880121471
15 6 3.312973148247316
7 7 3.536116699561526
15 7 4.922411060681417
16 7 4.634728988229636
4 8 1.2743536010877352
8 8 2.6771772641588365
17 8 0.13491931789937064
34 8 -1.5878472798417327
4 9 -1.622938599653003
5 9 1.3727936739009878
6 9 -0.054322681739157656
9 9 1.531304582001224
10 9 1.5551152306949427
6 10 4.411585436915426
9 11 1.5783720928592098
1 12 2.506497282380368
12 12 3.6538997352179097
13 12 0.7635279773217447
1 13 1.995671658614377
12 13 1.8621402659898545
13 13 2.709438126377058
21 13 2.3039730182688936
30 13 0.7227059828014898
34 13 -2.0986729036077234
14 14 3.536116699561526
20 14 4.229263880121471
22 14 4.922411060681417
14 15 4.229263880121471
16 15 4.922411060681417
14 16 4.922411060681417
16 16 3.536116699561526
22 16 4.229263880121471
8 17 0.8280664984593159
17 17 3.495294705041271
24 17 3.312973148247316
25 17 4.411585436915426
31 17 2.2143608595792066
34 17 -1.628669274361988
9 18 1.1729069847510454
11 18 4.922411060681417
9 19 0.47975980419110015
11 19 4.922411060681417
18 19 4.922411060681417
20 20 3.823798772013307
28 20 3.1306515914533617
29 20 4.740089503887462
13 21 2.1498223384416355
21 21 2.725186483345197
30 21 1.7035352358132159
34 21 -1.8109908311559426
20 22 4.922411060681417
21 23 2.6198259676873707
23 23 3.900759813149435
8 24 1.7443572303334711
17 24 2.6198259676873707
31 24 3.823798772013307
38 24 3.536116699561526
24 25 4.229263880121471
31 25 4.516945952573252
11 26 4.229263880121471
18 26 4.922411060681417
19 26 4.922411060681417
26 26 3.536116699561526
33 27 4.922411060681417
35 27 4.922411060681417
36 27 4.922411060681417
27 28 4.922411060681417
28 28 3.536116699561526
33 28 4.922411060681417
36 28 4.229263880121471
27 29 4.229263880121471
28 29 4.922411060681417
29 29 3.536116699561526
21 30 1.0103880552532707
23 30 1.8858567926071708
30 30 2.3558604218529062
34 30 -0.5300569856938779
8 31 0.6457449416653613
17 31 2.2143608595792066
24 31 3.1306515914533617
31 31 2.725186483345197
38 31 3.823798772013307
40 31 2.725186483345197
41 31 4.516945952573252
19 32 4.922411060681417
26 32 4.922411060681417
35 33 4.922411060681417
36 33 4.922411060681417
42 33 4.229263880121471
8 34 -1.3911369855956788
30 34 -0.7388117995559885
34 34 1.034929164169388
42 35 4.922411060681417
45 35 4.922411060681417
35 36 4.922411060681417
42 36 4.922411060681417
24 37 4.229263880121471
31 37 3.823798772013307
38 37 4.229263880121471
17 38 2.6198259676873707
24 38 3.536116699561526
31 38 3.1306515914533617
40 38 3.1306515914533617
41 38 4.229263880121471
44 38 2.8429695190015805
26 39 4.634728988229636
32 39 4.922411060681417
39 39 3.536116699561526
31 40 2.725186483345197
37 40 4.516945952573252
38 40 3.823798772013307
40 40 2.725186483345197
44 40 2.4375044108934163
47 40 3.823798772013307
48 40 3.823798772013307
40 41 3.823798772013307
44 41 3.536116699561526
47 41 4.922411060681417
42 42 3.536116699561526
45 42 4.922411060681417
49 42 4.229263880121471
50 42 4.922411060681417
32 43 4.229263880121471
39 43 4.922411060681417
43 43 3.536116699561526
37 44 3.536116699561526
40 44 4.046942323327516
44 44 3.536116699561526
47 44 3.536116699561526
48 44 3.536116699561526
49 45 4.922411060681417
50 45 4.922411060681417
52 45 4.229263880121471
39 46 4.229263880121471
43 46 4.922411060681417
44 47 4.229263880121471
48 47 4.922411060681417
44 48 4.634728988229636
52 49 4.922411060681417
53 49 4.229263880121471
49 50 4.922411060681417
52 50 4.922411060681417
43 51 4.634728988229636
46 51 4.922411060681417
51 51 3.536116699561526
52 52 3.536116699561526
53 52 4.922411060681417
54 52 3.536116699561526
53 53 3.536116699561526
54 53 4.922411060681417
55 53 4.229263880121471
54 54 3.536116699561526
55 54 4.922411060681417
56 54 4.922411060681417
57 54 4.229263880121471
56 55 4.922411060681417
57 55 4.922411060681417
58 55 4.922411060681417
51 56 4.229263880121471
57 56 4.922411060681417
58 56 4.922411060681417
51 57 4.922411060681417
58 57 4.922411060681417
46 58 4.922411060681417
51 58 4.922411060681417
