0 0 0.2188260197889705
6 0 -0.2685610310050025
7 0 -0.6740261391131669
8 0 -3.0348801402311882
0 1 0.08811391293372967
6 1 1.1451323043030024
7 1 1.1451323043030024
8 1 -0.5225745162550736
6 2 3.091042453358316
7 2 3.091042453358316
8 2 1.4233356328002398
0 3 -0.3455220721411309
1 3 3.447717397297048
6 3 1.2992829841302609
7 3 1.2992829841302609
0 4 -0.1632005153471764
1 4 3.447717397297048
2 5 4.295015257684252
6 5 3.091042453358316
7 5 3.091042453358316
7 6 3.0910424533583156
8 6 2.116482813360185
8 7 2.5219479214683496
0 8 -3.217201697025143
1 8 1.9623321335329267
3 8 2.5219479214683496
6 8 -0.8792494601938059
8 8 1.6871502238453773
9 8 -0.1861022796338606
10 8 2.116482813360185
11 8 0.5070449009260847
12 8 2.5219479214683496
13 8 2.116482813360185
14 8 0.17057266430487172
8 9 2.5219479214683496
8 10 2.116482813360185
9 10 3.784189633918261
0 11 -2.4657856083412217
1 11 1.8382794848629478
4 11 3.784189633918261
8 11 1.8933392620459752
9 11 3.5610460826040513
8 12 -0.7738889445359797
9 12 2.6855773452501515
10 12 3.196402969016142
11 12 2.280112237141987
13 12 3.196402969016142
14 12 2.6367871810807193
8 13 0.037041271680349076
9 13 2.3978952727983702
11 13 2.3978952727983702
14 13 3.1600353248452673
1 14 0.40319495957362517
2 14 3.042252289188884
4 14 3.042252289188884
5 14 3.447717397297048
6 14 1.1451323043030026
8 14 -0.928039624363238
9 14 2.125961557314729
11 14 2.9368917735310576
14 14 2.6004195369098446
