0 0 0.3687432664468717
3 0 0.4009299529427731
4 0 -0.004535155165391374
5 0 -2.8461167488921237
0 1 0.40092995294277295
0 2 -0.004535155165391151
1 2 3.447717397297048
4 3 3.447717397297048
5 3 1.992430164690206
5 4 2.3978952727983707
5 5 1.8588987720656835
7 5 1.7047480922384253
9 5 2.2711435671592266
10 5 0.20067069546215105
11 5 1.499953679592412
12 5 -0.579487862087424
5 6 2.125961557314729
7 6 2.7545702167371027
9 6 1.5018072482417348
11 6 0.5573456394008836
12 6 -0.828948721719007
8 7 2.302585092994046
10 7 3.6018680771243066
11 7 2.5032557884561966
12 7 0.42381424677636087
5 8 1.299282984130261
6 8 2.995732273553991
8 8 1.2909841813155658
9 8 1.0498221244986776
10 8 2.5902671654458267
11 8 1.7147984280919266
12 8 -0.5877866649021192
7 9 2.7545702167371027
8 9 0.3566749439387324
10 9 1.6559579280689933
11 9 2.5032557884561966
12 9 1.6133983136501973
6 10 2.7545702167371027
8 10 2.302585092994046
11 10 2.5032557884561966
12 10 1.1169614273363062
5 11 -0.49247648509779424
6 11 1.9436400005207741
8 11 1.4916548767777167
12 11 1.9877897851337039
0 12 -3.0284383056860786
1 12 1.8101086078962514
2 12 2.2155737160044158
5 12 -1.8787708462176849
6 12 1.1169614273363062
8 12 1.8101086078962516
9 12 -1.5220959022789524
10 12 1.404643499788087
11 12 -0.387115969439968
12 12 1.700107712681923
