0 0 0.8497938739711276
3 0 0.9090704839006679
4 0 0.5036053757925034
5 0 -1.9387416595767009
0 1 0.9090704839006679
0 2 0.5036053757925034
1 2 3.3586377672433594
4 3 3.3586377672433594
5 3 2.302585092994046
5 4 2.70805020110221
5 5 2.2806061862752705
8 5 1.529395204760564
10 5 0.7444404749474958
11 5 -1.6582280766035324
8 6 2.179982770901713
10 6 1.8004931491968095
11 6 0.09097177820572659
6 7 2.03688192726104
8 7 1.6691571471357227
9 7 2.03688192726104
10 7 1.8004931491968095
11 7 -0.8253189536684282
10 8 1.8004931491968095
11 8 0.784118958765672
10 9 1.8004931491968095
11 9 0.7841189587656721
7 10 -0.2144098713454552
11 10 1.1538659842717571
0 11 -3.4572077938050745
1 11 0.784118958765672
2 11 1.1895840668738364
6 11 0.784118958765672
7 11 1.1441216927970792
8 11 -0.2767530019195907
9 11 0.784118958765672
10 11 -1.0617077317326589
11 11 0.7502174070899906
