3 0 6.168913139160062
6 0 6.168913139160062
13 0 4.377153669932007
0 1 4.782618778040171
1 1 4.843243399856606
2 1 4.089471597480226
3 1 4.089471597480226
6 1 4.089471597480226
0 2 5.070300850491952
1 2 4.782618778040171
2 2 3.971688561823843
3 2 5.070300850491952
6 3 6.168913139160062
13 3 5.070300850491952
37 4 5.070300850491952
38 4 5.252622407285907
11 5 5.070300850491952
12 5 5.475765958600117
13 6 5.475765958600117
1 7 3.396324416920281
2 7 5.763448031051897
7 7 4.782618778040171
2 8 3.460862938057852
7 8 5.475765958600117
8 8 5.147261891628081
8 9 0.5076902789226571
9 9 1.287808343264962
10 9 0.0025953298656512546
39 9 0.8178452072264965
40 9 -0.042356057996615085
45 9 -1.9441453840214613
10 10 3.6239762212135394
11 10 2.801617309173588
15 10 -0.45647922884789394
16 10 3.717908041047743
40 10 1.3352802403801611
45 10 -2.094977935545119
4 11 5.070300850491952
11 11 4.377153669932007
12 11 4.782618778040171
22 11 2.873076273155733
27 11 5.070300850491952
37 11 3.2785413812638975
4 12 5.475765958600117
11 12 4.782618778040171
37 12 4.377153669932007
38 12 3.866328046166016
13 13 5.070300850491952
41 13 5.475765958600117
45 13 -1.2125887553466448
9 14 0.33118269199412204
15 14 3.6039637816985253
9 15 -0.36196448856582314
15 15 3.290306222843484
18 15 2.351200813203157
23 15 1.1190571319105251
45 15 -0.8871663549120169
15 16 3.827107333012735
16 16 4.782618778040171
14 17 5.6580875153940715
15 17 2.68767304982437
17 17 4.741796783519916
45 17 -1.4357323066608545
9 18 -2.3078746376211363
15 18 3.2161982506897617
18 18 3.5298558095448036
23 18 2.4312435208766936
28 18 2.4312435208766936
29 18 2.836708628984858
45 18 -2.0598866157338485
15 19 2.91081660113858
18 19 4.2230029901047486
20 20 5.070300850491952
24 20 3.971688561823843
25 20 5.763448031051897
26 20 6.168913139160062
20 21 5.986591582366107
21 21 4.782618778040171
9 22 -1.8660418853420973
22 22 4.770196258041614
27 22 3.2785413812638975
45 22 -1.1072282396888184
15 23 2.217669420578635
18 23 3.6840064893720617
23 23 3.6840064893720617
28 23 3.2785413812638975
29 23 3.6840064893720617
45 23 -1.6180538634548094
18 24 3.5298558095448036
23 24 3.971688561823843
24 24 3.971688561823843
30 24 5.070300850491952
33 24 5.070300850491952
24 25 5.070300850491952
30 25 6.168913139160062
24 26 5.070300850491952
25 26 6.168913139160062
30 26 5.475765958600117
22 27 4.887979293697998
27 27 4.782618778040171
15 28 2.5053514930304157
17 28 4.154010118617797
23 28 3.2785413812638975
28 28 3.971688561823843
29 28 4.377153669932007
45 28 -1.6180538634548094
18 29 2.143561448424913
23 29 4.782618778040171
28 29 3.6840064893720617
29 29 4.49493670558839
45 29 -1.9057359359065902
30 30 4.782618778040171
33 30 6.168913139160062
35 30 5.070300850491952
55 30 4.377153669932007
17 31 3.866328046166016
28 31 5.763448031051897
31 31 4.782618778040171
18 32 3.5298558095448036
23 32 4.377153669932007
29 32 4.782618778040171
35 33 5.070300850491952
55 33 5.763448031051897
28 34 5.070300850491952
31 34 6.168913139160062
23 35 3.2785413812638975
29 35 4.377153669932007
32 35 5.763448031051897
35 35 3.971688561823843
55 35 5.070300850491952
32 36 5.475765958600117
35 36 5.763448031051897
36 36 4.782618778040171
5 37 5.763448031051897
11 37 3.2785413812638975
12 37 5.070300850491952
37 37 3.971688561823843
38 37 4.5594752267259615
5 38 4.5594752267259615
37 38 5.070300850491952
38 38 5.147261891628081
39 39 4.081172794665531
40 39 1.2060685089001548
56 39 4.6873085982358464
57 39 4.5819480825780206
58 39 3.365552758253527
66 39 3.771017866361692
15 40 0.34586724367704325
40 40 4.217068254584935
44 40 4.0739674109442605
58 40 4.114789405464516
59 40 2.5053514930304157
45 41 0.5791707138814102
17 42 4.5594752267259615
46 42 6.168913139160062
42 43 6.168913139160062
43 43 4.782618778040171
46 43 5.881231066708281
15 44 1.994525869264425
18 44 3.0190301857788127
24 44 3.460862938057852
44 44 4.336331675411752
47 44 4.5594752267259615
9 45 -1.609746126710987
45 45 0.5248722733911629
48 45 -0.7400913592225068
17 46 5.475765958600117
46 46 4.782618778040171
18 47 3.0190301857788127
19 47 5.6580875153940715
23 47 2.7677157574979065
24 47 4.847157299177742
47 47 4.336331675411752
45 48 -1.4357323066608545
48 48 4.048649602959971
49 48 4.2493202984221226
60 48 3.460862938057852
49 49 4.336331675411752
50 49 5.070300850491952
51 49 3.460862938057852
60 49 5.252622407285907
61 49 4.964940334834126
48 50 3.460862938057852
50 50 3.971688561823843
51 50 4.664835742383788
54 50 4.2230029901047486
48 51 3.460862938057852
50 51 4.664835742383788
51 51 3.971688561823843
54 51 4.2230029901047486
31 52 5.881231066708281
34 52 6.168913139160062
52 52 4.782618778040171
34 53 6.168913139160062
52 53 6.168913139160062
50 54 3.124390701436639
51 54 4.733828613870739
54 54 4.985143042151646
35 55 3.971688561823843
36 55 5.986591582366107
55 55 5.070300850491952
56 56 4.782618778040171
66 56 6.168913139160062
67 56 6.168913139160062
69 56 5.475765958600117
40 57 2.2176694205786345
42 57 4.782618778040171
43 57 5.698909509914326
44 57 3.173180865606071
57 57 4.49493670558839
58 57 3.6840064893720617
40 58 2.5053514930304157
44 58 4.154010118617797
58 58 3.971688561823843
59 58 5.581126474257943
47 59 5.252622407285907
59 59 5.070300850491952
61 60 6.168913139160062
63 60 6.168913139160062
61 61 4.782618778040171
63 61 6.168913139160062
65 61 5.475765958600117
52 62 5.475765958600117
53 62 6.168913139160062
64 62 6.168913139160062
65 63 6.168913139160062
52 64 6.168913139160062
53 64 6.168913139160062
20 65 3.971688561823843
21 65 5.986591582366107
65 65 5.070300850491952
67 66 6.168913139160062
69 66 6.168913139160062
71 66 5.475765958600117
69 67 6.168913139160062
71 67 6.168913139160062
53 68 6.168913139160062
62 68 6.168913139160062
64 68 6.168913139160062
71 69 6.168913139160062
73 69 5.070300850491952
62 70 6.168913139160062
64 70 6.168913139160062
68 70 6.168913139160062
71 71 4.782618778040171
73 71 5.986591582366107
62 72 6.168913139160062
68 72 6.168913139160062
70 72 6.168913139160062
73 73 5.070300850491952
75 73 5.475765958600117
68 74 6.168913139160062
70 74 6.168913139160062
72 74 6.168913139160062
74 75 4.782618778040171
75 75 5.188083886148336
76 75 5.881231066708281
77 75 5.475765958600117
72 76 6.168913139160062
74 76 6.168913139160062
77 76 6.168913139160062
70 77 6.168913139160062
72 77 6.168913139160062
74 77 6.168913139160062
