0 0 1.3394699077565484
1 0 -2.611669432138912
2 0 -1.6308401791271854
3 0 0.6717449138668603
4 0 -2.3071802413707494
6 0 0.6717449138668603
7 0 -0.4268673748012495
9 0 1.2893845419186605
10 0 -1.200057263034731
12 0 0.6195591606962899
13 0 -2.020175905305466
14 0 -2.3071802413707494
15 0 0.4486013625526505
16 0 -2.586351624154622
17 0 -2.695550916119614
18 0 1.231360701802283
19 0 -0.021402266693085013
21 0 0.4486013625526505
22 0 -2.0194981689189686
24 0 0.6717449138668603
25 0 -2.340516661638341
0 1 1.3106824773041965
2 1 -0.12265600039825796
3 1 -0.38502026486574886
4 1 -1.8976083513099318
6 1 1.4867819120358425
9 1 1.3506497377112623
12 1 0.6673410061516051
13 1 -1.9391080822166846
15 1 1.2636383607216326
18 1 1.4867819120358425
21 1 0.9759562882698517
24 1 0.7936347314758971
25 1 -1.9309447715775234
26 1 -3.1527897006695813
0 2 1.1349411648845706
3 2 1.3013786887044796
9 2 1.6507543301616006
10 2 0.6082315081445344
12 2 1.1750849633801876
13 2 -1.3513214173145656
0 3 0.17942971985713432
1 3 1.5733124041881217
3 3 1.0390144242369885
9 3 0.2897777770259999
10 3 2.1376267129050985
12 3 0.9127206989126965
13 3 -1.2082205736738922
14 3 -0.47357366220719416
15 3 1.994525869264425
18 3 1.5245222400186893
19 3 2.91081660113858
21 3 1.3013786887044796
22 3 -0.47357366220719416
24 3 2.2176694205786345
25 3 -0.5069100824747858
0 4 0.7752855928077007
1 4 1.948154652082303
3 4 0.6082315081445345
4 4 -0.9043565782996483
6 4 1.3814213963780162
9 4 0.5521420414934909
10 4 1.5245222400186893
12 4 0.7050813341344521
13 4 -2.0444685978745105
14 4 -2.002968866967758
15 4 0.4651306645038612
16 4 -1.1835279610835208
18 4 1.0937393239262352
19 4 1.3814213963780162
21 4 0.8705957726120255
25 4 -2.0363052872353498
0 5 -0.8391398611374389
1 5 1.3814213963780162
3 5 1.406739204362306
4 5 -0.10584888208187673
9 5 1.0629676652594815
10 5 2.5053514930304157
12 5 1.6859105871461781
13 5 -0.5528137210967939
0 6 1.0704026437469996
2 6 3.866328046166016
9 6 1.468432773367646
2 7 2.7677157574979065
9 7 1.0629676652594815
11 7 5.070300850491952
12 7 0.9927634065862329
16 7 1.8122043124704703
20 7 5.070300850491952
21 7 2.7677157574979065
24 7 3.6840064893720617
26 7 -0.2624179427734166
0 8 0.9162519639197412
2 8 3.8663280461660166
3 8 1.658053632643212
9 8 1.3142820935403876
12 8 0.14546554619902927
0 9 -2.6492484690336906
1 9 -0.42868721151823536
3 9 1.7938551738022739
4 9 -0.3065195775440279
7 9 1.0629676652594815
10 9 0.6952428851341643
12 9 1.8682321439401328
13 9 0.40966639324673587
14 9 -1.9159574899781282
15 9 0.5521420414934909
16 9 -0.4033694035339454
19 9 2.1615799539275913
20 9 2.1615799539275913
21 9 1.8049050099888588
22 9 -0.3065195775440279
25 9 -0.0033837611904067055
26 9 -1.7848444782178872
0 10 -1.4945467137145372
1 10 0.7260145438009181
3 10 1.9553051561111436
4 10 0.4427170696669611
8 10 0.9649064520832666
10 10 0.7513323517852079
12 10 1.777718136399301
13 10 0.13551417302720253
16 10 -0.3472799368829021
18 10 0.831375059458744
21 10 1.7068437968126442
22 10 -0.06810855409902968
23 10 -0.1337058365848429
25 10 -0.1014449743666215
26 10 -2.421902192126789
14 11 2.0913756952543427
16 11 2.91081660113858
21 11 3.866328046166016
0 12 -2.3139876195987745
1 12 -0.09342636208331939
4 12 0.57878760881016
9 12 -1.9159574899781282
10 12 -0.06810855409902956
12 12 -1.2930145680914313
13 12 0.9927634065862329
14 12 -1.9861617486513765
15 12 0.4819377828202423
16 12 -1.1667208427671394
17 12 -1.9690673152920766
19 12 1.3982285146943974
21 12 -0.21120939773970301
22 12 0.316423344342669
25 12 -0.07358801986365517
26 12 -2.142730809342917
0 13 -1.878563278415218
1 13 0.4086893535989093
2 13 -2.044468597874511
3 13 -1.6136856817820564
4 13 0.8719269334429591
7 13 -0.14734861298862947
8 13 -1.6877936539357785
9 13 -2.1397787776788357
10 13 -0.05554106373550666
12 13 -1.8735107997308713
13 13 0.8087880274327253
14 13 -2.433126587666294
16 13 -0.5150733931139467
17 13 -1.605101938090665
18 13 -1.821325046560301
21 13 -2.044468597874511
22 13 0.8719269334429591
23 13 -2.093258762043943
25 13 0.32162990084186077
26 13 -1.7787654321415052
0 14 -2.0263055471469937
1 14 0.512709441486996
3 14 -0.47357366220719416
4 14 0.904210009244788
9 14 -1.9159574899781282
10 14 -0.47357366220719416
13 14 0.7344559428143563
14 14 -0.599867387531486
16 14 0.21957351835275113
17 14 -1.2759201347321312
22 14 0.9582772305150636
25 14 0.4654084808690318
26 14 -1.8550487368911357
13 15 0.5945887317407479
14 15 2.0913756952543427
16 15 1.3013786887044796
22 15 1.1750849633801876
1 16 -0.3725977448671918
4 16 0.21957351835275113
13 16 0.21889578196625364
14 16 1.9243216105911765
16 16 1.4444795323451531
17 16 -1.1496264094078392
22 16 0.21957351835275113
23 16 2.0635187407513764
25 16 0.18623709808515954
26 16 -2.421902192126789
0 17 -2.702358294347639
1 17 -0.07633192872401935
3 17 -0.45647922884789394
4 17 0.2281572620441429
5 17 2.108470128613643
7 17 1.0098578399455331
8 17 0.16255997955832938
9 17 -1.8988630566188283
10 17 0.7962837396474741
11 17 2.108470128613643
12 17 -0.3596294028579762
13 17 -0.08875444872257669
14 17 1.7198121388218597
16 17 1.0475981679283801
17 17 -1.9519728819327764
22 17 0.3335177777019691
23 17 1.8365364131300008
25 17 0.3001813574343771
26 17 -1.8379543035318355
0 18 -0.7213568254810555
2 18 2.4800336850461258
6 18 4.089471597480226
13 18 -0.7227127578921914
14 18 1.621372066008607
15 18 3.5786459737142358
17 18 0.7221757674937521
24 18 3.8017895250284455
26 18 -0.5501000152251975
13 19 -0.4350306854404104
14 19 2.0913756952543427
15 19 4.5594752267259615
22 19 1.3982285146943974
24 20 4.782618778040171
26 20 1.5293415264546384
2 21 1.5637429531719707
7 21 2.7677157574979065
8 21 1.920417897110703
13 21 -1.3513214173145656
14 21 0.4819377828202423
16 21 1.994525869264425
17 21 0.9044973242877068
20 21 3.866328046166016
23 21 0.8218056084425932
24 21 2.4800336850461258
25 21 1.5472136512207604
26 21 0.47951940195596066
2 22 0.4819377828202423
4 22 -1.9861617486513765
5 22 0.5872982984780686
7 22 0.9927634065862329
8 22 0.8386127267589746
9 22 -1.9159574899781282
13 22 -2.0276614795581294
14 22 0.7864269735884046
16 22 1.3982285146943974
17 22 1.0754551224313462
22 22 -1.2930145680914313
23 22 0.65629116996502
25 22 1.83064943279109
26 22 0.8190999125353929
2 23 0.8218056084425932
4 23 -0.9531467424690803
5 23 0.9271661241004195
7 23 2.0257784127685294
8 23 1.1784805523813258
11 23 3.124390701436639
13 23 -0.9946464733758331
14 23 1.1262947992107557
16 23 2.5053514930304157
17 23 0.16255997955832938
21 23 0.8218056084425932
22 23 -0.9531467424690803
23 23 1.6893061761473165
25 23 1.3161019302573735
26 23 -0.011103514492510562
13 24 -1.1281778660003556
14 24 1.3982285146943974
17 24 1.4153229480536973
22 24 0.7050813341344521
26 24 1.2416594540028574
0 25 -2.752789147974531
2 25 1.1417485431125958
4 25 -2.0194981689189686
5 25 1.470252610084632
8 25 1.4984234870513282
9 25 -1.9492939102457199
10 25 -0.1014449743666215
13 25 -2.243319456619676
14 25 0.6885520321832415
16 25 -0.1014449743666215
17 25 1.4941038259068118
22 25 -2.0194981689189686
23 25 0.9594269863186412
25 25 -2.0528345891865603
26 25 1.3102879603919537
0 26 -3.569168968958424
1 26 -2.0417548920029143
2 26 0.4795194019559608
4 26 -2.142730809342917
5 26 0.9415548615525192
7 26 -0.2624179427734166
8 26 1.1928692898334254
9 26 -3.1711388393377775
10 26 -1.3232899034586794
13 26 -2.1301633189793936
14 26 0.5428465359072348
16 26 -1.0356078310068983
17 26 1.3190461176182777
22 26 -1.8550487368911357
23 26 0.6248852522274861
25 26 -1.6652416058445179
26 26 1.4772851644985854
