0 0 0.29501141687070487
5 0 0.3839589028872008
7 0 -0.22217690068311474
8 0 -2.072776869934103
9 0 0.3839589028872008
11 0 -0.021506205220963505
13 0 -3.547866729837125
0 1 0.3839589028872008
0 2 0.3839589028872008
0 3 -0.021506205220963505
1 3 3.1354942159291497
0 4 -0.3579784418421765
2 4 2.7990219793079367
6 4 2.7990219793079367
7 4 1.0942738870695115
8 4 -0.06317890162153156
7 5 2.3470368555648795
8 5 1.7649482117773982
10 5 1.4490952623589208
7 6 2.3470368555648795
8 6 1.8827312474337816
8 7 2.15898462406194
10 7 1.2484245668967697
12 7 1.2484245668967697
0 8 -2.6605635348362218
1 8 1.8827312474337816
3 8 2.2881963555419462
8 8 1.4408984951547426
10 8 2.03688192726104
12 8 1.7004096906398272
13 8 0.1481301920456754
11 9 4.74493212836325
13 9 2.604865964866979
4 10 1.7004096906398272
12 10 2.9531726591351948
13 10 2.4225444080730245
13 11 3.0103310729751436
2 12 1.3437347467010947
4 12 1.7004096906398272
6 12 2.26002547857525
13 12 2.7590166446942375
0 13 -1.9384288174030244
2 13 2.499505449209153
4 13 2.7990219793079367
6 13 2.317183892415198
7 13 0.20697069206860877
13 13 1.786555641353028
