0 0 0.24336027627064918
1 0 -2.58966018515405
3 0 -0.10475353536604964
7 0 0.023079836143835384
8 0 -0.797900715925995
9 0 -0.5972300204638439
10 0 -2.50264880816442
12 0 -0.10475353536604964
14 0 -2.58966018515405
0 1 0.18292853708573129
7 1 0.7327563186549911
9 1 0.9334270141171422
0 2 -0.21011405102387606
7 2 1.608225056008891
9 2 1.8088957514710422
10 2 0.5096127673407814
0 3 -0.797900715925995
1 3 2.4375044108934163
8 3 4.229263880121471
9 3 2.0320393027852517
10 3 0.7327563186549911
0 4 -0.23828492799057222
1 4 3.1306515914533617
7 4 1.1382214267631554
0 5 -0.10475353536604964
1 5 3.1306515914533617
0 6 -0.6155791591320403
2 6 3.312973148247316
7 6 1.608225056008891
9 6 1.8088957514710422
0 7 -3.1957959887243654
1 7 0.7327563186549911
3 7 2.524515787883046
8 7 2.524515787883046
9 7 2.524515787883046
10 7 1.8005969486563473
12 7 2.524515787883046
14 7 0.7327563186549911
15 7 -0.3086975561731698
9 8 2.725186483345197
10 8 2.119050679774882
10 9 2.5245157878830464
0 10 -2.9081139162725846
1 10 1.7135855716667174
4 10 2.5245157878830464
10 10 1.7360584275187763
13 10 2.5245157878830464
14 10 1.9367291229809274
15 10 0.20212806759282095
0 11 -0.797900715925995
1 11 3.1306515914533617
5 11 4.922411060681417
14 12 3.1306515914533617
15 12 2.782344897185146
14 13 3.1306515914533617
15 13 2.782344897185146
6 14 1.5212136790192612
15 14 3.1306515914533617
0 15 -2.5325017713141014
1 15 0.2974382473971455
2 15 2.782344897185146
5 15 2.782344897185146
6 15 3.118817133806359
7 15 0.3844496243867755
11 15 3.1878100052933105
15 15 2.028573094808766
