0 0 3.3586377672433594
2 0 4.74493212836325
187 0 4.74493212836325
188 0 4.051784947803305
0 1 4.051784947803305
239 1 4.74493212836325
89 2 4.74493212836325
187 2 4.74493212836325
188 2 4.74493212836325
3 3 3.3586377672433594
8 3 4.74493212836325
32 3 3.3586377672433594
3 4 4.74493212836325
8 4 4.74493212836325
113 5 3.64631983969514
235 5 4.590781448535992
7 6 4.457250055911469
3 7 3.764102875351524
4 7 4.457250055911469
7 7 3.764102875351524
32 8 4.051784947803305
132 9 4.051784947803305
133 9 4.74493212836325
9 10 4.74493212836325
133 10 4.74493212836325
9 11 4.74493212836325
10 11 4.74493212836325
11 11 3.3586377672433594
133 11 3.3586377672433594
10 12 4.74493212836325
11 12 4.74493212836325
11 13 4.457250055911469
12 13 4.74493212836325
13 13 3.3586377672433594
16 14 4.051784947803305
83 14 4.74493212836325
87 14 4.74493212836325
17 15 4.74493212836325
18 15 4.74493212836325
15 16 4.051784947803305
16 16 3.3586377672433594
18 16 4.051784947803305
19 16 4.051784947803305
87 16 4.051784947803305
1 17 4.74493212836325
239 17 4.74493212836325
1 18 4.74493212836325
17 18 4.74493212836325
18 18 3.3586377672433594
239 18 3.3586377672433594
15 19 4.74493212836325
16 19 4.051784947803305
18 19 4.051784947803305
20 20 3.3586377672433594
22 20 4.74493212836325
24 20 4.051784947803305
20 21 4.74493212836325
22 21 4.051784947803305
22 22 3.3586377672433594
24 22 4.74493212836325
203 22 4.74493212836325
216 22 4.051784947803305
20 23 4.74493212836325
21 23 4.74493212836325
203 24 4.74493212836325
215 24 4.74493212836325
216 24 4.74493212836325
14 25 4.74493212836325
16 25 4.051784947803305
83 25 4.74493212836325
14 26 3.8286413964890946
25 26 4.23410650459726
26 26 3.7232808808312687
83 26 3.1354942159291497
26 27 4.23410650459726
26 28 3.5409593240373143
27 28 4.74493212836325
28 28 3.3586377672433594
27 29 4.051784947803305
28 29 4.74493212836325
29 29 3.3586377672433594
32 30 4.051784947803305
33 31 4.74493212836325
34 31 4.74493212836325
75 31 4.051784947803305
30 32 4.051784947803305
31 32 4.051784947803305
32 32 3.3586377672433594
33 32 3.64631983969514
34 32 2.9531726591351948
34 33 4.74493212836325
75 33 4.74493212836325
75 34 4.74493212836325
76 34 4.051784947803305
39 35 4.74493212836325
40 35 4.74493212836325
35 36 4.74493212836325
36 36 3.3586377672433594
40 36 4.457250055911469
35 37 4.74493212836325
36 37 4.74493212836325
36 38 4.457250055911469
37 38 4.74493212836325
38 38 3.3586377672433594
77 39 4.74493212836325
78 39 4.74493212836325
79 39 4.74493212836325
39 40 4.74493212836325
40 40 3.3586377672433594
78 40 4.74493212836325
79 40 4.051784947803305
48 41 4.74493212836325
105 41 4.051784947803305
43 42 3.64631983969514
44 42 4.74493212836325
46 42 4.74493212836325
43 43 3.64631983969514
45 43 4.74493212836325
50 43 2.5477075510270306
51 43 4.339467020255086
43 44 4.74493212836325
50 45 4.339467020255086
51 45 4.74493212836325
43 46 4.339467020255086
44 46 4.74493212836325
41 47 4.74493212836325
47 47 3.3586377672433594
48 47 4.74493212836325
105 47 2.665490586683414
104 48 4.74493212836325
105 48 4.051784947803305
58 49 4.74493212836325
59 49 4.74493212836325
49 50 4.74493212836325
50 50 3.64631983969514
58 50 4.339467020255086
59 50 2.9531726591351948
50 51 4.74493212836325
52 52 3.3586377672433594
53 52 3.3586377672433594
54 52 4.74493212836325
37 53 4.051784947803305
38 53 4.74493212836325
53 53 3.3586377672433594
38 54 3.3586377672433594
53 54 4.74493212836325
54 54 3.3586377672433594
55 55 3.3586377672433594
56 55 4.74493212836325
57 55 4.74493212836325
60 55 2.9531726591351948
57 56 4.74493212836325
60 56 4.339467020255086
60 57 4.74493212836325
55 58 4.051784947803305
59 58 4.74493212836325
55 59 4.74493212836325
56 59 4.051784947803305
59 59 3.3586377672433594
60 60 3.64631983969514
62 60 2.9531726591351948
63 60 4.339467020255086
64 60 4.74493212836325
52 61 4.74493212836325
54 61 4.051784947803305
52 62 4.457250055911469
61 62 4.74493212836325
62 62 3.3586377672433594
61 63 4.74493212836325
62 63 4.74493212836325
62 64 4.74493212836325
63 64 4.74493212836325
86 65 4.74493212836325
125 65 4.74493212836325
28 66 4.051784947803305
29 66 4.74493212836325
65 67 4.74493212836325
68 67 4.74493212836325
86 67 4.051784947803305
65 68 4.74493212836325
86 68 4.74493212836325
65 69 4.74493212836325
67 69 4.74493212836325
68 69 4.74493212836325
70 70 3.64631983969514
71 70 4.74493212836325
88 70 4.051784947803305
88 71 4.74493212836325
129 71 4.74493212836325
13 72 4.74493212836325
73 72 4.74493212836325
12 73 4.74493212836325
13 73 4.74493212836325
20 74 4.051784947803305
21 74 4.74493212836325
23 74 4.74493212836325
75 75 3.3586377672433594
76 75 4.74493212836325
96 75 4.051784947803305
76 76 3.3586377672433594
96 76 4.74493212836325
97 76 4.74493212836325
137 76 4.051784947803305
80 77 4.74493212836325
95 77 4.74493212836325
101 77 4.74493212836325
77 78 4.74493212836325
79 78 4.74493212836325
80 78 4.74493212836325
77 79 4.74493212836325
80 79 4.74493212836325
101 79 4.74493212836325
95 80 4.74493212836325
101 80 4.74493212836325
136 80 4.74493212836325
42 81 4.74493212836325
44 81 4.74493212836325
46 81 4.74493212836325
21 82 4.74493212836325
23 82 4.74493212836325
74 82 4.74493212836325
16 83 4.051784947803305
19 83 4.74493212836325
87 83 4.74493212836325
29 84 4.051784947803305
66 84 4.74493212836325
85 84 4.74493212836325
29 85 4.74493212836325
66 85 4.74493212836325
86 86 3.3586377672433594
124 86 4.74493212836325
125 86 4.74493212836325
162 86 4.051784947803305
15 87 4.74493212836325
16 87 4.051784947803305
19 87 4.74493212836325
88 88 3.3586377672433594
129 88 4.74493212836325
130 88 4.74493212836325
182 88 4.051784947803305
190 89 4.74493212836325
201 89 4.74493212836325
91 90 4.74493212836325
92 90 4.74493212836325
91 91 4.051784947803305
92 91 5.438079308923196
13 93 4.051784947803305
72 93 4.74493212836325
73 93 4.74493212836325
72 94 4.74493212836325
73 94 4.74493212836325
93 94 4.74493212836325
136 95 4.74493212836325
205 95 3.64631983969514
97 96 4.74493212836325
137 96 4.74493212836325
236 96 4.74493212836325
137 97 4.74493212836325
236 97 4.74493212836325
237 97 4.74493212836325
99 98 3.8286413964890946
100 98 4.051784947803305
67 99 3.8286413964890946
68 99 3.1354942159291497
69 99 4.23410650459726
99 99 3.7232808808312687
98 100 4.051784947803305
99 100 3.8286413964890946
100 100 3.3586377672433594
95 101 4.74493212836325
136 101 4.74493212836325
205 101 2.9531726591351948
42 102 4.74493212836325
46 102 4.051784947803305
81 102 4.74493212836325
102 102 3.3586377672433594
81 103 4.74493212836325
102 103 4.74493212836325
105 104 4.051784947803305
107 104 4.74493212836325
104 105 4.051784947803305
105 105 3.581781318557569
106 105 4.051784947803305
107 105 4.051784947803305
108 105 3.3586377672433594
108 106 4.74493212836325
109 106 4.74493212836325
116 106 4.74493212836325
106 107 4.74493212836325
108 107 4.74493212836325
109 107 4.74493212836325
109 108 4.74493212836325
115 108 4.74493212836325
116 108 4.74493212836325
115 109 4.74493212836325
116 109 4.74493212836325
117 109 4.74493212836325
74 110 4.74493212836325
82 110 4.74493212836325
111 110 4.74493212836325
23 111 4.74493212836325
74 111 4.74493212836325
82 111 4.74493212836325
113 112 4.339467020255086
234 112 4.74493212836325
112 113 3.64631983969514
113 113 2.5477075510270306
126 113 3.64631983969514
127 113 4.339467020255086
234 113 3.64631983969514
235 113 2.7990219793079367
90 114 4.74493212836325
91 114 4.74493212836325
117 115 4.74493212836325
119 115 4.339467020255086
115 116 4.74493212836325
117 116 4.74493212836325
119 116 3.64631983969514
119 117 4.74493212836325
90 118 3.64631983969514
91 118 2.26002547857525
114 118 4.051784947803305
118 118 3.64631983969514
118 119 3.64631983969514
119 119 3.64631983969514
84 120 4.74493212836325
85 120 4.74493212836325
121 120 4.74493212836325
66 121 4.74493212836325
84 121 4.74493212836325
85 121 4.74493212836325
120 122 4.74493212836325
121 122 4.74493212836325
123 122 4.74493212836325
84 123 4.74493212836325
120 123 4.74493212836325
121 123 4.74493212836325
159 124 4.74493212836325
160 124 4.051784947803305
162 124 4.74493212836325
124 125 4.74493212836325
159 125 4.74493212836325
162 125 4.74493212836325
70 126 4.74493212836325
70 127 4.051784947803305
126 127 4.74493212836325
127 127 3.3586377672433594
6 128 4.74493212836325
7 128 4.051784947803305
130 129 4.74493212836325
179 129 4.74493212836325
182 129 4.74493212836325
179 130 4.74493212836325
180 130 4.74493212836325
182 130 4.74493212836325
6 131 3.64631983969514
128 131 4.339467020255086
131 131 3.64631983969514
132 131 4.051784947803305
6 132 4.051784947803305
7 132 2.665490586683414
128 132 4.051784947803305
131 132 4.051784947803305
131 133 4.051784947803305
132 133 4.051784947803305
133 133 3.3586377672433594
93 134 4.74493212836325
94 134 4.74493212836325
135 134 4.74493212836325
72 135 4.74493212836325
93 135 4.74493212836325
94 135 4.74493212836325
205 136 4.051784947803305
236 137 4.74493212836325
237 137 4.74493212836325
238 137 3.3586377672433594
94 138 4.051784947803305
134 138 4.74493212836325
135 138 4.74493212836325
138 138 3.3586377672433594
102 139 4.74493212836325
103 139 4.74493212836325
103 140 4.74493212836325
139 140 4.74493212836325
141 140 4.74493212836325
102 141 4.051784947803305
103 141 4.74493212836325
139 141 4.74493212836325
143 142 4.74493212836325
144 142 4.74493212836325
145 142 4.74493212836325
110 143 4.74493212836325
111 143 4.74493212836325
145 143 4.74493212836325
110 144 4.74493212836325
143 144 4.74493212836325
145 144 4.74493212836325
82 145 4.74493212836325
110 145 4.74493212836325
111 145 4.74493212836325
147 146 4.74493212836325
148 146 4.74493212836325
149 146 4.051784947803305
122 147 4.74493212836325
149 147 4.051784947803305
155 147 4.74493212836325
147 148 4.74493212836325
149 148 4.051784947803305
155 148 4.74493212836325
122 149 4.051784947803305
123 149 4.051784947803305
146 149 4.051784947803305
148 149 4.051784947803305
154 149 4.051784947803305
155 149 4.051784947803305
146 150 4.74493212836325
149 150 4.051784947803305
154 150 4.74493212836325
152 151 4.74493212836325
161 151 4.74493212836325
164 151 4.74493212836325
161 152 4.74493212836325
164 152 4.74493212836325
165 152 4.74493212836325
149 153 4.051784947803305
150 153 4.74493212836325
154 153 4.74493212836325
146 154 4.74493212836325
147 154 4.74493212836325
148 154 4.74493212836325
120 155 4.74493212836325
122 155 4.74493212836325
123 155 4.74493212836325
153 156 4.74493212836325
158 156 4.74493212836325
156 157 4.74493212836325
158 157 4.74493212836325
149 158 3.3586377672433594
150 158 4.74493212836325
153 158 4.74493212836325
158 158 3.3586377672433594
151 159 4.74493212836325
160 159 4.74493212836325
151 160 4.74493212836325
152 160 4.74493212836325
160 160 3.3586377672433594
161 160 4.051784947803305
164 161 4.74493212836325
165 161 4.74493212836325
166 161 4.74493212836325
159 162 4.74493212836325
160 162 4.74493212836325
156 163 4.74493212836325
157 163 4.74493212836325
158 163 3.3586377672433594
163 163 3.3586377672433594
163 164 4.051784947803305
165 164 4.74493212836325
166 164 4.74493212836325
163 165 4.74493212836325
166 165 4.74493212836325
157 166 4.74493212836325
163 166 4.74493212836325
168 167 4.74493212836325
169 167 4.74493212836325
177 167 4.74493212836325
173 168 3.64631983969514
177 168 4.74493212836325
178 168 4.74493212836325
168 169 4.74493212836325
177 169 4.74493212836325
178 169 4.74493212836325
167 170 4.74493212836325
168 170 4.74493212836325
169 170 4.74493212836325
171 171 3.3586377672433594
172 171 4.457250055911469
173 171 3.64631983969514
172 172 3.3586377672433594
174 172 4.74493212836325
175 172 4.74493212836325
176 172 4.051784947803305
171 173 4.339467020255086
172 173 3.64631983969514
173 173 3.240854731586976
174 173 3.64631983969514
175 174 4.74493212836325
176 174 4.74493212836325
185 174 3.64631983969514
176 175 4.74493212836325
185 175 4.339467020255086
185 176 4.74493212836325
173 177 4.339467020255086
178 177 4.74493212836325
171 178 4.051784947803305
173 178 4.339467020255086
167 179 4.74493212836325
170 179 4.74493212836325
180 179 4.74493212836325
167 180 4.74493212836325
169 180 4.74493212836325
170 180 4.74493212836325
183 181 4.74493212836325
184 181 4.74493212836325
170 182 4.74493212836325
179 182 4.74493212836325
180 182 4.74493212836325
183 183 3.3586377672433594
184 183 4.74493212836325
186 183 4.457250055911469
186 184 4.74493212836325
197 184 4.74493212836325
181 185 4.74493212836325
183 185 4.051784947803305
185 185 3.64631983969514
186 186 3.3586377672433594
192 186 4.457250055911469
197 186 4.74493212836325
89 187 4.74493212836325
188 187 4.74493212836325
190 187 4.74493212836325
89 188 4.74493212836325
190 188 4.74493212836325
201 188 4.051784947803305
41 189 4.051784947803305
47 189 4.74493212836325
189 189 3.3586377672433594
200 190 4.74493212836325
201 190 4.74493212836325
196 191 4.74493212836325
198 191 4.74493212836325
199 191 4.051784947803305
192 192 3.3586377672433594
193 192 4.74493212836325
194 192 4.051784947803305
195 192 4.74493212836325
191 193 4.74493212836325
194 193 4.74493212836325
195 193 4.74493212836325
191 194 4.74493212836325
196 194 4.74493212836325
198 194 4.74493212836325
191 195 4.74493212836325
194 195 4.74493212836325
196 195 4.74493212836325
198 196 4.74493212836325
199 196 4.74493212836325
192 197 4.74493212836325
193 197 4.74493212836325
199 198 4.74493212836325
202 198 4.74493212836325
199 199 3.3586377672433594
202 199 4.74493212836325
221 199 4.74493212836325
222 199 4.051784947803305
47 200 4.051784947803305
189 200 4.74493212836325
189 201 4.457250055911469
200 201 4.74493212836325
201 201 3.3586377672433594
138 202 4.051784947803305
221 202 4.74493212836325
222 202 4.74493212836325
214 203 4.74493212836325
215 203 4.74493212836325
216 203 4.74493212836325
204 204 3.3586377672433594
205 204 2.26002547857525
206 204 4.457250055911469
207 204 4.051784947803305
204 205 3.86946339100935
205 205 3.5593084627055105
206 205 2.9531726591351948
206 206 3.3586377672433594
207 206 4.74493212836325
210 206 4.74493212836325
211 206 4.051784947803305
208 207 4.74493212836325
210 207 4.74493212836325
211 207 4.74493212836325
209 208 4.74493212836325
212 208 4.74493212836325
223 208 4.74493212836325
212 209 4.74493212836325
223 209 4.74493212836325
224 209 4.051784947803305
208 210 4.74493212836325
209 210 4.74493212836325
211 210 4.74493212836325
208 211 4.74493212836325
209 211 4.74493212836325
212 211 4.74493212836325
223 212 4.74493212836325
224 212 4.74493212836325
227 213 4.051784947803305
228 213 4.74493212836325
229 213 4.74493212836325
218 214 4.74493212836325
219 214 4.051784947803305
214 215 4.74493212836325
218 215 4.051784947803305
219 215 4.051784947803305
214 216 4.74493212836325
215 216 4.74493212836325
218 216 4.051784947803305
219 217 4.051784947803305
220 217 4.74493212836325
217 218 4.74493212836325
218 218 3.3586377672433594
219 218 4.051784947803305
220 218 3.3586377672433594
100 219 3.3586377672433594
217 219 4.051784947803305
218 219 3.3586377672433594
219 219 3.3586377672433594
220 219 4.051784947803305
98 220 4.74493212836325
100 220 4.457250055911469
220 220 3.3586377672433594
138 221 4.74493212836325
222 221 4.74493212836325
134 222 4.74493212836325
138 222 4.74493212836325
142 223 4.74493212836325
224 223 4.74493212836325
142 224 4.74493212836325
143 224 4.051784947803305
144 224 4.74493212836325
224 224 3.3586377672433594
139 225 4.051784947803305
140 225 4.051784947803305
141 225 4.051784947803305
225 225 3.3586377672433594
226 225 4.051784947803305
140 226 4.74493212836325
141 226 4.051784947803305
225 226 4.051784947803305
226 226 3.3586377672433594
225 227 4.051784947803305
226 227 4.457250055911469
227 227 3.3586377672433594
225 228 4.051784947803305
227 228 4.74493212836325
227 229 4.74493212836325
228 229 4.74493212836325
213 230 4.74493212836325
228 230 4.74493212836325
229 230 4.74493212836325
213 231 4.74493212836325
229 231 4.74493212836325
230 231 4.74493212836325
230 232 4.051784947803305
231 232 4.74493212836325
232 232 3.3586377672433594
233 232 4.74493212836325
213 233 4.74493212836325
230 233 4.74493212836325
231 233 4.74493212836325
113 234 4.339467020255086
127 234 4.051784947803305
5 235 4.457250055911469
112 235 4.051784947803305
113 235 3.3586377672433594
234 235 3.3586377672433594
235 235 3.8976342679760463
237 236 4.74493212836325
238 236 4.051784947803305
238 237 4.457250055911469
232 238 4.2749284991175145
233 238 3.3586377672433594
238 238 3.764102875351524
0 239 4.74493212836325
2 239 4.051784947803305
239 239 3.3586377672433594
