0 0 2.1378851375499104
5 0 0.6715480687564837
8 0 3.2364974262180204
9 0 3.929644606777966
12 0 3.054175869424066
13 0 3.118714390561637
23 0 1.8502030650981298
24 0 2.918043695099486
31 0 2.831032318109856
35 0 2.195043551389859
37 0 1.3906707357196897
0 1 3.118714390561637
1 1 2.2432456532077367
5 1 1.5539372489549572
9 1 3.524179498669801
10 1 3.2364974262180204
11 1 3.2364974262180204
13 1 2.7132492824534724
14 1 1.7324200294417462
15 1 1.4447379569899652
16 1 1.8755208730824193
24 1 2.2248965145395405
26 1 2.0325246218920845
31 1 1.7324200294417462
32 1 0.05844359587007458
1 2 2.6975009254853335
2 2 3.220749069249881
5 2 2.4788117245205035
13 2 1.667881508304175
14 2 1.8502030650981298
24 2 1.8036830494632368
26 2 -0.0469169197877516
32 2 0.17622663152645804
38 2 1.0029052047109261
3 3 3.2233501538539855
4 3 2.0954384473026533
32 3 1.4083703128190905
48 3 2.389199565830817
4 4 3.490562887870816
18 4 1.2642699688453336
27 4 1.734690177976285
41 4 1.6495323696359785
48 4 0.32777652965365905
0 5 0.6715480687564837
1 5 1.405517243836684
2 5 2.509117074015833
5 5 1.7701603574245932
6 5 0.8256987485837418
7 5 0.21681191164153638
9 5 1.7701603574245932
10 5 1.0770131768646478
11 5 1.0770131768646478
13 5 1.322135634897633
14 5 2.5994397123091186
15 5 1.7056218362870221
16 5 1.3001567281788575
18 5 -0.7353655795661428
19 5 1.2311638566919063
21 5 2.781761269103073
23 5 -1.4078934729233523
24 5 0.18319530084255142
26 5 2.175625465532758
27 5 -1.9187190966893433
31 5 -0.0215991118034617
32 5 1.3001567281788575
35 5 -0.8399094353174131
38 5 1.328327605145554
48 5 1.2593347336586027
5 6 0.8398833835756981
6 6 1.765209852264737
7 6 1.4600054291207536
15 6 -0.5213748993828674
16 6 1.3646952493164288
17 6 1.836780044765989
18 6 1.006074779472205
21 6 0.5284472251158101
26 6 0.9984508543615458
27 6 0.17177228117707788
28 6 1.3646952493164288
29 6 1.3516475339239533
30 6 2.607888766795646
31 6 1.3757450855030138
33 6 1.5580666422969685
38 6 1.4729088339566614
40 6 0.9339123332239745
41 6 0.37429654528855183
44 6 0.5284472251158101
47 6 0.12298211700764582
50 6 0.8649194617370232
6 7 1.7476875015725346
7 7 2.149649979129497
17 7 2.0325246218920845
18 7 1.9387830698603858
27 7 1.0770131768646478
28 7 1.7701603574245932
29 7 0.7515907764300199
30 7 3.1564547185444836
33 7 1.9524819142185479
40 7 1.6366289648000707
50 7 1.2593347336586027
12 8 3.929644606777966
23 8 2.948815353766239
25 8 4.33510971488613
35 8 2.888190731949804
37 8 2.4892830243877992
9 9 2.948815353766239
12 9 2.543350245658075
13 9 2.831032318109856
23 9 3.1029660335934977
24 9 3.32350880320765
31 9 3.2364974262180204
35 9 2.600508659498024
5 10 0.38386599630470253
15 10 2.7256718024520294
16 10 3.2742377542008674
26 10 2.0325246218920845
5 11 0.38386599630470253
10 11 4.33510971488613
15 11 2.7256718024520294
16 11 3.1564547185444836
26 11 2.0325246218920845
8 12 2.543350245658075
12 12 3.054175869424066
23 12 2.6975009254853335
25 12 3.929644606777966
35 12 3.1758728044015854
37 12 2.5946435400456256
38 12 0.5974400966027618
39 12 1.8502030650981298
46 12 2.3202066943438653
0 13 2.6487107613159013
1 13 2.4255672100016916
5 13 0.7515907764300199
9 13 3.2364974262180204
12 13 1.4447379569899652
13 13 2.936392833767682
23 13 2.3610286888641205
24 13 3.4035515108811865
31 13 2.4255672100016916
32 13 0.7515907764300199
35 13 1.789578443281695
38 13 1.5782693496144882
1 14 1.0392728488818008
2 14 2.8618039767766095
5 14 0.3838659963047028
13 14 3.118714390561637
14 14 3.054175869424066
19 14 2.831032318109856
24 14 3.035826730755869
26 14 2.1866753017193425
32 14 2.2556681732062938
38 14 2.9000251895968074
1 15 2.1866753017193425
2 15 -0.7400641003476969
5 15 1.5312684491422444
10 15 2.7256718024520294
11 15 2.948815353766239
14 15 -0.4523820278959159
15 15 2.854504674294998
16 15 2.285973522701623
21 15 1.339377441332139
26 15 1.8700056923943096
32 15 2.2556681732062938
38 15 1.3393774413321393
48 15 0.42308670945798416
1 16 1.0770131768646478
2 16 1.0770131768646478
5 16 1.969956544741812
6 16 1.1621709852049547
10 16 2.175625465532758
11 16 2.175625465532758
14 16 0.38386599630470253
15 16 1.9314285050207156
16 16 2.4536456270728015
21 16 1.0770131768646478
26 16 1.6647998417667669
31 16 1.7701603574245932
32 16 0.38386599630470253
38 16 1.328327605145554
5 17 0.5661875530986573
6 17 2.0970631430296556
7 17 1.5470168061103835
16 17 0.16072244499049287
17 17 2.2948888863595753
26 17 1.5216989981260935
28 17 2.7256718024520294
29 17 1.3934446626024148
30 17 2.0325246218920845
33 17 0.42308670945798416
40 17 2.0325246218920845
47 17 1.339377441332139
50 17 0.42308670945798416
5 18 -1.428512760126088
6 18 1.0909742232586912
7 18 1.344075962113693
17 18 -0.06753620699048746
18 18 1.903327252140943
19 18 0.44328941677550315
27 18 1.9473668135517774
29 18 1.5959689267138888
33 18 1.541901705443613
40 18 1.6596847410999964
41 18 1.7932161337245192
44 18 2.745874509769549
47 18 1.6472622211014394
48 18 1.4729088339566614
2 19 1.1570558845381844
6 19 0.12298211700764582
13 19 2.4255672100016916
14 19 1.4447379569899652
18 19 1.8295837778953938
19 19 2.1378851375499104
24 19 2.6303616226477047
29 19 2.1378851375499104
32 19 1.1570558845381844
38 19 1.9837344577226523
41 19 1.6960523852708715
3 20 2.5227309584553392
20 20 3.998637478264917
5 21 0.38386599630470253
15 21 3.2852875903874525
16 21 1.7701603574245932
26 21 2.7256718024520294
32 21 2.2556681732062938
38 21 2.3891995658308165
48 21 2.7256718024520294
22 22 2.948815353766239
37 22 3.262472912621281
42 22 4.33510971488613
45 22 3.3365808847750027
0 23 1.4447379569899652
8 23 2.543350245658075
12 23 2.948815353766239
23 23 2.891656939926291
25 23 2.948815353766239
32 23 1.3801994358523941
33 23 1.62705951378392
35 23 3.0600409888764637
37 23 2.6434337042150577
38 23 1.8502030650981298
39 23 0.8693738120864033
46 23 1.339377441332139
0 24 3.32350880320765
1 24 3.035826730755869
5 24 1.1214649394354816
9 24 2.342679550195924
12 24 1.5317493339795953
13 24 2.6303616226477047
23 24 2.7845123024749627
24 24 2.8351560352937177
31 24 1.9372144420877595
32 24 -0.1422270995920765
35 24 1.8765898202713245
37 24 0.0913877515894285
32 25 2.2556681732062938
35 25 2.195043551389859
37 25 1.3906707357196897
39 25 3.6419625343261846
43 25 4.33510971488613
46 25 4.33510971488613
50 25 2.7256718024520294
1 26 0.5284472251158102
2 26 2.2556681732062938
5 26 1.4824782849728126
6 26 0.423086709457984
13 26 2.0325246218920845
14 26 2.4379897300002487
15 26 1.9271641062342582
16 26 2.0325246218920845
19 26 2.0325246218920845
24 26 1.4263888183217686
26 26 1.339377441332139
31 26 1.62705951378392
32 26 2.2556681732062938
38 26 2.4845097456351417
5 27 -1.2255719161293976
6 27 0.2182922968119706
7 27 1.7362588057489117
18 27 1.9765659682440397
19 27 -0.16469995544413504
27 27 2.459968636719024
29 27 0.1836067388240807
33 27 1.1162338900179294
41 27 2.3552980141551356
44 27 2.0325246218920845
47 27 2.0325246218920845
48 27 1.889423778251411
5 28 1.252903843328312
6 28 1.3646952493164286
16 28 0.3038232886311662
17 28 3.0510942028866577
26 28 0.5661875530986573
28 28 3.316084864136368
30 28 2.4633075379845386
33 28 1.2593347336586027
40 28 2.3987690168469675
47 28 1.5878388006306388
50 28 1.2593347336586027
5 29 -0.427064219911626
6 29 1.7407188322564413
7 29 2.0784617170791098
17 29 1.6678815083041751
18 29 1.254219632991832
19 29 2.217927845223447
29 29 2.355457643814665
33 29 1.2215944056757555
40 29 1.4447379569899652
41 29 1.248027662743911
44 29 0.7515907764300199
47 29 1.0392728488818008
17 30 2.7256718024520294
28 30 3.561919826652648
33 30 2.7256718024520294
40 30 3.6419625343261846
47 30 2.543350245658075
50 30 2.7256718024520294
5 31 0.8946916200706931
6 31 1.2215944056757555
12 31 1.4447379569899652
16 31 1.3646952493164288
22 31 3.2364974262180204
23 31 2.6975009254853335
24 31 0.8386021534196499
34 31 2.948815353766239
35 31 2.195043551389859
37 31 2.083817916279635
42 31 3.2364974262180204
45 31 1.3906707357196897
0 32 1.1570558845381844
1 32 2.36102868886412
2 32 0.17622663152645804
3 32 -0.6065327077231745
4 32 1.5625209926463486
5 32 0.25033460368017996
8 32 2.2556681732062938
10 32 2.948815353766239
11 32 2.948815353766239
12 32 2.0733466164123393
13 32 1.8502030650981298
14 32 1.5625209926463486
15 32 2.093149243708519
16 32 1.0770131768646478
19 32 1.1570558845381844
23 32 1.3801994358523941
24 32 2.160357993401969
26 32 0.6462302607721937
31 32 1.1570558845381844
32 32 1.274838920194568
33 32 0.6462302607721937
34 32 1.9679861007545132
35 32 0.5210671178181876
37 32 -0.6887708059601463
38 32 1.4083703128190905
39 32 1.9679861007545132
46 32 1.7448425494403033
48 32 1.339377441332139
0 33 1.62705951378392
6 33 1.1162338900179294
7 33 0.16072244499049287
8 33 2.7256718024520294
12 33 2.543350245658075
17 33 1.5216989981260935
18 33 0.4432894167755033
19 33 3.0133538749038107
23 33 1.8502030650981298
28 33 2.240163986670329
29 33 2.1378851375499104
33 33 1.1162338900179294
35 33 -0.10754154160418647
37 33 0.4743800038455345
40 33 2.0325246218920845
41 33 1.4729088339566616
47 33 0.9339123332239747
22 34 4.33510971488613
31 34 1.8502030650981298
34 34 3.3542804618744038
35 34 1.9073614789380782
37 34 3.048898812323222
42 34 4.33510971488613
45 34 2.6434337042150573
0 35 2.195043551389859
8 35 3.1113342832640143
12 35 2.801179354960175
22 35 2.195043551389859
23 35 2.7305617877462214
25 35 2.888190731949804
32 35 1.8203501019484485
33 35 1.5018963708299138
34 35 0.8087491902699684
35 35 2.4298831424672604
37 35 2.195043551389859
38 35 0.9422805828944912
39 35 2.6805513671715597
42 35 2.195043551389859
43 35 3.293655840057969
45 35 0.7546819689996929
46 35 2.9369808961192367
50 35 1.6842179276238687
51 36 3.824284091120139
56 36 2.195043551389859
57 36 3.2852875903874525
58 36 2.7256718024520294
0 37 1.6783528081714705
8 37 2.4892830243877992
12 37 1.6783528081714705
23 37 1.3906707357196897
25 37 2.4892830243877992
31 37 0.29205844705157985
32 37 1.1029886632679087
33 37 1.1675271844054798
34 37 0.6975235551597443
35 37 2.083817916279635
37 37 2.3974754751346765
38 37 0.543372875332486
39 37 1.796135843827854
43 37 2.77696509683958
45 37 2.978831249706505
46 37 1.9784574006218085
49 37 2.083817916279635
50 37 2.083817916279635
53 37 2.3069614675938444
56 37 -1.4425426083365267
58 37 1.5158338786736956
0 38 1.2905872771627072
1 38 1.2905872771627072
5 38 2.075542006975775
6 38 -0.31885063527139346
8 38 2.3891995658308165
12 38 1.6960523852708713
13 38 1.9837344577226523
15 38 1.7913625650751963
16 38 0.9228624970373898
21 38 2.3891995658308165
23 38 1.2905872771627072
24 38 2.6303616226477047
32 38 1.919195936585081
33 38 0.7797616533967164
35 38 0.6545985104427103
37 38 -0.5552394133356238
38 38 1.829583777895394
22 39 3.759745569982568
31 39 2.948815353766239
32 39 0.8693738120864033
34 39 4.088249636954604
35 39 1.9073614789380782
37 39 2.0192793951420636
39 39 3.5084311417016623
42 39 3.6419625343261846
43 39 2.948815353766239
45 39 -0.6887708059601463
46 39 3.2852875903874525
50 39 1.339377441332139
5 40 -0.086137632941033
6 40 0.39491583249128753
7 40 -0.30928118425524276
17 40 2.2556681732062938
18 40 0.44328941677550315
28 40 3.2742377542008674
29 40 2.1378851375499104
40 40 2.6611332813144584
47 40 2.6611332813144584
5 41 -1.5620441527506106
6 41 -0.31885063527139346
7 41 1.2105445694891708
18 41 1.7745240007123666
19 41 2.3891995658308165
27 41 2.372392447514436
29 41 1.4798292768012353
33 41 0.7797616533967164
40 41 1.6960523852708713
41 41 2.0014340348220534
47 41 2.6768816382825977
48 41 0.7797616533967164
37 42 3.3365808847750027
45 42 3.3365808847750027
50 42 2.7256718024520294
31 43 3.2364974262180204
32 43 2.2556681732062938
34 43 4.047427642434349
39 43 4.047427642434349
46 43 3.824284091120139
50 43 2.7256718024520294
18 44 0.44328941677550315
19 44 3.929644606777966
29 44 2.6975009254853335
33 44 3.418818983011975
41 44 2.794664673938981
36 45 3.1824302049477446
37 45 2.358254761981395
45 45 3.146712122345665
49 45 3.587895313055909
50 45 1.7271429723409024
51 45 3.2777403847520694
53 45 2.77696509683958
55 45 1.3906707357196897
56 45 1.8532942576678024
58 45 1.9407170726389615
22 46 3.8242840911201395
31 46 3.0133538749038107
32 46 1.339377441332139
34 46 3.904326798793676
35 46 1.6842179276238687
37 46 0.879845111953699
39 46 3.8651060856403943
42 46 3.418818983011975
43 46 3.418818983011975
46 46 3.418818983011975
50 46 1.8093810705778748
5 47 0.6715480687564837
6 47 0.12298211700764582
7 47 1.3646952493164288
17 47 1.339377441332139
18 47 1.4241186697872295
27 47 2.0325246218920845
28 47 2.0578424298763744
29 47 1.7324200294417462
40 47 1.5625209926463486
41 47 1.6960523852708715
47 47 2.1378851375499104
4 48 3.001925179080188
6 48 0.30530367380160045
15 48 1.9271641062342582
16 48 0.16072244499049287
18 48 0.6256109735694578
26 48 1.1162338900179294
27 48 1.8093810705778746
32 48 0.6462302607721937
38 48 0.7797616533967164
41 48 2.0325246218920845
48 48 1.8093810705778748
36 49 4.33510971488613
51 49 4.33510971488613
55 49 2.1378851375499104
56 49 2.888190731949804
57 49 1.339377441332139
58 49 2.7256718024520294
17 50 1.1162338900179294
28 50 2.106632594045806
31 50 1.62705951378392
32 50 0.6462302607721937
33 50 1.1162338900179294
34 50 2.4379897300002487
35 50 -0.10754154160418647
37 50 1.1675271844054798
39 50 2.4379897300002487
40 50 2.0325246218920845
45 50 1.7271429723409024
46 50 2.214846178686039
47 50 0.9339123332239747
50 50 1.1162338900179294
53 50 2.0325246218920845
54 50 0.32777652965365905
55 50 1.914741586235701
58 50 1.1162338900179294
62 50 3.418818983011975
71 50 3.418818983011975
72 50 0.37429654528855183
36 51 3.418818983011975
51 51 3.418818983011975
56 51 2.195043551389859
57 51 3.226447090364519
58 51 2.8508349454060355
59 51 3.8242840911201395
54 52 2.6303616226477047
55 52 3.2364974262180204
56 52 3.5813379125097495
57 52 1.339377441332139
58 52 1.6270595137839199
36 53 3.6419625343261846
45 53 2.4892830243877992
49 53 3.6419625343261846
51 53 2.7256718024520294
52 53 3.6419625343261846
54 53 2.342679550195924
55 53 2.543350245658075
56 53 1.9073614789380782
57 53 2.2556681732062938
58 53 2.543350245658075
52 54 3.035826730755869
54 54 2.7581949941575896
55 54 2.5732032088077563
56 54 2.7149190106757675
57 54 0.32777652965365905
58 54 1.5317493339795953
63 54 3.7289739113158142
65 54 0.8386021534196499
72 54 2.6768816382825977
73 54 2.342679550195924
74 54 3.258970282070079
36 55 2.1378851375499104
50 55 1.914741586235701
51 55 2.1378851375499104
54 55 2.5125785869913213
55 55 2.0201021018935275
56 55 2.562768331515177
57 55 1.4447379569899652
58 55 1.9947842939092373
62 55 2.831032318109856
63 55 2.831032318109856
65 55 1.0392728488818008
71 55 3.093396582577347
72 55 1.865951422066269
73 55 2.1378851375499104
74 55 1.8502030650981298
36 56 2.195043551389859
50 56 1.6842179276238687
51 56 2.195043551389859
52 56 1.5018963708299138
53 56 1.5018963708299138
54 56 1.183442639711379
55 56 2.1378851375499104
56 56 2.7462204706794173
57 56 2.740270601873182
58 56 2.8713836136334234
59 56 2.195043551389859
71 56 2.0325246218920845
72 56 -0.44401377822539934
50 57 1.9271641062342582
52 57 3.2852875903874525
53 57 2.948815353766239
54 57 2.407218071333495
55 57 2.5094486939823937
56 57 2.1437502570023086
57 57 2.938765017912738
58 57 2.2948888863595753
59 57 3.2852875903874525
71 57 2.2948888863595753
72 57 -0.31885063527139346
36 58 2.3202066943438653
45 58 1.7271429723409024
49 58 2.7256718024520294
50 58 2.3202066943438653
51 58 1.9635317504051328
52 58 2.7256718024520294
53 58 2.0325246218920845
54 58 2.001752963225331
55 58 2.4743573741711233
56 58 2.43143232945409
57 58 2.7744619666214616
58 58 2.1378851375499104
59 58 2.7256718024520294
71 58 1.2703845698451877
72 58 -0.31885063527139346
53 59 3.6419625343261846
56 59 2.195043551389859
57 59 3.418818983011975
58 59 3.0133538749038102
61 60 4.33510971488613
60 61 3.952117462630024
61 61 4.288589699251237
54 62 3.7289739113158142
55 62 2.1378851375499104
63 62 4.33510971488613
72 62 3.2364974262180204
65 63 3.2364974262180204
72 63 3.4878118544989265
73 63 4.33510971488613
74 63 4.047427642434349
65 64 3.2364974262180204
68 64 4.33510971488613
69 64 3.7160705064799067
70 64 3.1564547185444836
64 65 3.2364974262180204
65 65 2.831032318109856
68 65 3.2364974262180204
69 65 3.156454718544484
70 65 3.2364974262180204
72 65 2.6768816382825977
73 65 2.543350245658075
74 65 1.8502030650981298
66 66 3.467021084829853
67 66 4.1467091120157935
81 66 1.4447379569899652
83 66 1.0392728488818008
85 66 2.543350245658075
91 66 1.2215944056757555
66 67 1.9372144420877595
67 67 3.54665235452186
81 67 2.7604147508959027
83 67 3.1411872464136956
85 67 3.6419625343261846
91 67 2.892725887115196
65 68 3.2364974262180204
68 68 3.2364974262180204
69 68 2.4633075379845386
70 68 3.7160705064799067
72 68 2.6768816382825977
65 69 2.617458217811797
68 69 3.7160705064799067
69 69 2.7887299384191664
70 69 2.942880618246425
72 69 1.3646952493164288
75 69 3.561919826652648
76 69 3.2052448827139157
78 69 1.9524819142185479
64 70 3.1564547185444836
65 70 2.4633075379845386
68 70 1.7701603574245932
69 70 3.2305626906982057
70 70 2.606408381625212
72 70 2.53230040947149
74 70 1.4824782849728124
75 70 1.7701603574245932
76 70 1.6270595137839199
78 70 1.7701603574245932
80 70 2.4633075379845386
82 70 2.4633075379845386
83 70 2.0578424298763744
94 70 2.3891995658308165
96 70 2.4633075379845386
54 71 3.604921262645836
55 71 2.831032318109856
62 71 4.33510971488613
63 71 3.8242840911201395
71 71 3.5366020186683587
72 71 1.7605909064084424
54 72 -0.008695706967553932
55 72 -0.21349011961356704
62 72 1.290587277162707
64 72 3.3700288188425427
65 72 2.9645637107343785
68 72 2.3891995658308165
69 72 2.9883177967424857
70 72 2.363224079427556
71 72 1.1852267615048806
72 72 2.7119729580938676
73 72 3.3054902977049716
74 72 3.3054902977049716
75 72 1.9837344577226523
76 72 1.5782693496144882
78 72 1.0674437258484972
64 73 3.6419625343261846
65 73 3.2364974262180204
70 73 3.0229233259199613
72 73 3.4306534406589777
73 73 2.948815353766239
74 73 2.948815353766239
64 74 2.948815353766239
65 74 3.45964097753223
68 74 2.948815353766239
69 74 2.329776145360016
70 74 2.781761269103073
72 74 3.082346746390762
73 74 4.047427642434349
74 74 2.6611332813144584
76 75 3.824284091120139
77 75 4.11196616357192
78 75 2.7256718024520294
79 75 4.33510971488613
70 76 1.2593347336586027
75 76 3.2364974262180204
76 76 3.483357504149546
77 76 3.9879135149019413
78 76 3.5141291628162996
79 76 4.192008871245457
80 76 1.6270595137839199
82 76 2.1866753017193425
83 76 1.2215944056757555
94 76 1.290587277162707
96 76 1.6270595137839199
70 77 2.4633075379845386
76 77 1.62705951378392
77 77 3.418818983011975
78 77 3.8888226122577105
79 77 2.7256718024520294
80 77 4.11196616357192
82 77 4.172590785388355
83 77 3.5729696628392333
94 77 2.166056014516607
96 77 2.7256718024520294
70 78 2.240163986670329
75 78 2.7256718024520294
76 78 2.9079933592459843
77 78 2.50252825113782
78 78 2.9079933592459843
80 78 4.11196616357192
82 78 4.11196616357192
83 78 3.706501055463756
94 78 2.9769862307329356
96 78 2.7256718024520294
70 79 2.4633075379845386
76 79 1.6270595137839199
77 79 4.11196616357192
78 79 4.11196616357192
80 79 4.33510971488613
82 79 4.047427642434349
66 80 3.2364974262180204
82 80 2.948815353766239
83 80 3.929644606777966
94 80 4.33510971488613
95 80 4.33510971488613
96 80 4.33510971488613
81 81 3.217805293205868
83 81 1.4447379569899652
85 81 1.4447379569899652
88 81 0.4639087039782391
90 81 3.929644606777966
91 81 3.1675045547310687
92 81 1.8124627371152828
93 81 1.8502030650981298
66 82 2.948815353766239
80 82 4.047427642434349
82 82 3.3542804618744038
83 82 3.6419625343261846
94 82 4.33510971488613
95 82 4.33510971488613
96 82 4.33510971488613
66 83 3.2364974262180204
81 83 2.292035817377169
82 83 2.543350245658075
83 83 2.1378851375499104
91 83 2.607888766795646
94 83 3.929644606777966
95 83 3.929644606777966
96 83 3.929644606777966
86 84 4.33510971488613
88 84 3.1029660335934977
89 84 4.33510971488613
91 84 1.6270595137839199
92 84 2.425567210001691
93 84 3.6419625343261846
81 85 2.831032318109856
83 85 2.543350245658075
84 85 3.6419625343261846
91 85 2.7256718024520294
92 85 2.985182997937114
88 86 3.6419625343261846
89 86 4.33510971488613
101 86 2.7256718024520294
88 87 2.543350245658075
101 87 3.131136910560194
103 87 4.33510971488613
104 87 3.929644606777966
105 87 2.1378851375499104
85 88 1.5625209926463486
87 88 3.2364974262180204
88 88 2.8541993773913905
89 88 2.2556681732062938
92 88 1.4447379569899652
93 88 1.5625209926463486
101 88 3.297122048034455
102 88 3.3542804618744038
103 88 3.1029660335934977
104 88 2.7664937969722847
105 88 2.004353744925388
88 89 3.3542804618744038
101 89 3.6419625343261846
102 89 3.6419625343261846
81 90 2.543350245658075
88 90 0.4639087039782391
90 90 2.948815353766239
91 90 3.418818983011975
92 90 2.6487107613159013
81 91 3.269287249041011
86 91 1.6270595137839199
88 91 1.667881508304175
89 91 1.6270595137839199
90 91 2.543350245658075
91 91 2.9263424979141806
92 91 2.068892266062959
93 91 1.6270595137839199
101 91 -0.6755255792101257
84 92 3.6783301784970597
85 92 2.6487107613159013
86 92 3.524179498669801
88 92 2.1919523588201866
89 92 3.1187143905616366
91 92 0.9702799773948494
92 92 3.2406042081706734
93 92 3.3906481060452784
101 92 0.5284472251158101
85 93 2.948815353766239
86 93 3.6419625343261846
88 93 2.6611332813144584
89 93 3.6419625343261846
92 93 3.1187143905616366
101 93 2.0325246218920845
66 94 4.1993081737270685
67 94 2.935743272198887
94 94 3.4878118544989265
95 94 4.33510971488613
96 94 3.4878118544989265
66 95 4.217326679229746
67 95 3.8831245911430727
66 96 4.217326679229746
67 96 2.6303616226477047
94 96 3.7754939269507073
95 96 4.33510971488613
97 97 3.3985532855523917
99 97 2.3455245023281552
100 97 1.0392728488818008
106 97 -0.9976090783792391
108 97 3.263896400406135
109 97 3.6960297555964603
110 97 2.0865918431623602
98 98 3.2083498725944932
99 98 2.30915685815728
100 98 1.7605909064084424
97 99 2.7918116049565747
99 99 3.055358601673115
100 99 3.2742377542008674
106 99 0.5805762905507567
108 99 2.840601769126007
109 99 2.175625465532758
110 99 1.7701603574245932
97 100 3.3418579418758467
98 100 2.3891995658308165
99 100 1.5878388006306385
100 100 2.1378851375499104
108 100 2.1378851375499104
109 100 3.2364974262180204
87 101 3.6419625343261846
88 101 2.9488153537662396
101 101 3.2852875903874525
102 101 3.6419625343261846
103 101 3.6419625343261846
104 101 2.9707942604850146
105 101 2.3202066943438653
87 102 4.33510971488613
88 102 3.1719589050804493
101 102 3.6419625343261846
102 102 2.948815353766239
103 102 4.33510971488613
88 103 1.8502030650981298
101 103 2.0325246218920845
104 103 4.217326679229746
105 103 3.524179498669801
98 104 2.193454988704721
100 104 1.0392728488818008
104 104 3.496008621703105
105 104 4.0677949452587825
98 105 2.913270416346828
100 105 2.831032318109856
104 105 2.831032318109856
105 105 3.496008621703105
106 106 3.2736074358692515
107 106 3.468299040275345
110 106 2.658230521656497
111 106 1.9997347990690935
112 106 2.9913749681850352
113 106 2.29822778762509
106 107 3.045442189455311
107 107 2.831032318109856
110 107 2.0325246218920845
111 107 2.5750989439726553
112 107 3.2364974262180204
113 107 3.0133538749038107
97 108 1.955563580755956
99 108 0.3838659963047028
106 108 2.934216554345087
108 108 3.054175869424066
109 108 2.543350245658075
110 108 3.674752357149176
97 109 3.3165401338915568
99 109 2.6864510892987483
108 109 3.6419625343261846
109 109 2.948815353766239
106 110 3.4296298991161906
107 110 3.5729696628392333
110 110 3.2563000535142
111 110 0.3902968866349931
112 110 2.0325246218920845
113 110 1.1162338900179294
111 111 3.200476582813583
112 111 2.510560422835084
113 111 3.0983470877372032
114 111 3.050944848842619
116 111 0.3902968866349931
111 112 3.4660718678625204
113 112 3.418818983011975
111 113 3.2429283165483107
112 113 3.418818983011975
113 113 2.9079933592459843
114 113 2.6386604254624
116 113 2.50252825113782
113 114 0.2407651526640294
114 114 3.554951157336555
115 114 2.6975009254853335
116 114 4.301208163210449
117 114 3.1793390123780716
60 115 3.747323049984011
61 115 3.3216552345583272
115 115 3.524179498669801
117 115 3.747323049984011
115 116 4.266116843399178
116 116 3.418818983011975
117 116 3.66394144104496
60 117 3.747323049984011
61 117 3.5407088006210117
115 117 3.524179498669801
117 117 3.4371681216801715
