0 0 0.4142701716087685
1 0 -2.9759731235735285
2 0 -0.578077850775158
4 0 0.4027514022365681
6 0 -0.018462062839735557
7 0 -2.416357335638106
8 0 -1.9643722118950486
9 0 0.11506932978478729
12 0 0.5205344378929515
13 0 -0.578077850775158
16 0 -2.1875157632092583
0 1 0.4252242580886268
4 1 0.8429594587886053
13 1 2.3470368555648795
0 2 0.11506932978478729
1 2 2.3470368555648795
0 3 -0.14275977951731258
1 3 2.2517266757605547
2 3 1.6538896750049341
4 3 0.14981227822866008
5 3 2.3470368555648795
6 3 0.2675953138850435
7 3 -1.4371527783533815
0 4 -2.7753024281113774
1 4 0.14981227822866008
2 4 1.8545603704670852
6 4 2.414176158402508
7 4 1.402575246724028
13 4 2.5477075510270306
16 4 0.9382696385929302
17 4 -0.5433349023312852
0 5 -1.2712250313351032
1 5 1.6538896750049341
2 5 3.3586377672433594
3 5 1.6538896750049341
6 5 1.9723434061234688
7 5 0.2675953138850435
3 6 0.2675953138850435
5 6 1.9723434061234688
7 6 1.972343406123469
0 7 -2.2828259430135835
1 7 1.2019045512618771
2 7 0.2675953138850435
3 7 1.6073696593700413
5 7 0.2675953138850435
7 7 1.219604128361278
8 7 -1.1186990472348473
10 7 0.9607424944449888
14 7 2.0593547831130987
16 7 1.4307461236907244
17 7 -0.7440055977934362
0 8 -2.657519392454994
1 8 1.3662076025531533
3 8 1.6538896750049341
5 8 1.9723434061234688
6 8 0.5860490450035782
7 8 1.5203582823804114
7 9 1.6538896750049341
8 9 2.665490586683414
7 10 1.6538896750049341
8 10 2.665490586683414
1 11 0.7375989431307791
3 11 2.12389330425067
5 11 2.4423470353692043
7 11 0.044451762570833796
8 11 2.665490586683414
10 11 2.4423470353692043
15 11 3.1354942159291497
7 12 0.9607424944449888
8 12 2.665490586683414
9 12 4.051784947803305
11 13 3.1354942159291497
16 13 3.1354942159291497
17 13 1.6538896750049341
7 14 -0.6486954179891115
8 14 1.0560526742493137
10 14 2.4423470353692043
16 14 2.91235066461494
17 14 2.12389330425067
7 15 0.9607424944449888
8 15 2.665490586683414
10 15 4.051784947803305
11 16 1.5260563034950492
15 16 3.1354942159291497
17 16 2.6094011200323703
3 17 -0.050858417233490966
7 17 -1.4371527783533815
8 17 1.6538896750049341
10 17 0.9607424944449888
11 17 2.609401120032371
15 17 1.6538896750049341
17 17 2.226408867776265
