0 0 0.23796601756367394
3 0 0.2599248138763187
4 0 -0.1455402942318458
5 0 -2.9076577166043314
0 1 0.25992481387631855
0 2 -0.1455402942318458
1 2 3.6840064893720617
4 3 3.6840064893720617
5 3 2.3081834281194666
5 4 2.7136485362276312
5 5 2.1731471443155237
6 5 0.005598335125421055
7 5 1.7691869273867795
8 5 -0.9499131099020154
9 5 2.326532566787663
10 5 1.3273541751077405
11 5 1.8926679841578007
12 5 -0.10562729998480348
5 6 1.8514250256237519
7 6 3.2785413812638975
8 6 0.8959135805963152
9 6 2.649932721841523
11 6 2.0337465824177063
12 6 -0.39986677298274337
5 7 -0.17672322166853366
6 7 2.7677157574979065
9 7 2.179929092595788
10 7 4.089471597480226
11 7 2.7677157574979065
12 7 0.9218890669995758
5 8 1.7581370912001948
6 8 3.3808202303843156
9 8 2.3875684573740323
10 8 2.2176694205786345
11 8 1.07823513739027
12 8 -0.9499131099020154
5 9 -1.6808006184448079
6 9 1.5513204331734138
7 9 2.873076273155733
8 9 1.4067392043623062
9 9 0.27038658771134927
10 9 2.873076273155733
11 9 2.832254278635478
12 9 1.9301172941994167
11 10 2.9500373142918614
12 10 2.3081834281194666
5 11 -1.6038395773086793
6 11 0.9351342937495968
8 11 1.7713823179502153
10 11 1.5637429531719707
11 11 -0.26883851057633906
12 11 2.585815164717746
0 12 -2.9076577166043314
1 12 2.3081834281194666
2 12 2.7136485362276312
5 12 -0.6362555510469738
6 12 1.9515084841807342
8 12 2.45128427176014
9 12 -1.6808006184448079
12 12 2.0784391927739048
