0 0 2.1378851375499104
5 0 0.6715480687564837
9 0 3.2364974262180204
10 0 3.929644606777966
13 0 3.054175869424066
14 0 3.118714390561637
26 0 1.8502030650981298
27 0 2.918043695099486
34 0 2.831032318109856
38 0 2.195043551389859
40 0 1.3906707357196897
0 1 3.118714390561637
1 1 2.2432456532077367
5 1 1.5539372489549572
10 1 3.524179498669801
11 1 3.2364974262180204
12 1 3.2364974262180204
14 1 2.7132492824534724
15 1 1.7324200294417462
16 1 1.4447379569899652
17 1 1.8755208730824193
27 1 2.2248965145395405
29 1 2.0325246218920845
34 1 1.7324200294417462
35 1 0.05844359587007458
1 2 2.6975009254853335
2 2 3.220749069249881
5 2 2.4788117245205035
14 2 1.667881508304175
15 2 1.8502030650981298
27 2 1.8036830494632368
29 2 -0.0469169197877516
35 2 0.17622663152645804
41 2 1.5625209926463486
3 3 3.2233501538539855
4 3 2.0954384473026533
35 3 1.4083703128190905
53 3 2.389199565830817
4 4 3.490562887870816
20 4 2.591140909494423
30 4 1.734690177976285
46 4 1.6495323696359785
53 4 0.32777652965365905
0 5 0.6715480687564837
1 5 1.405517243836684
2 5 2.509117074015833
5 5 1.7701603574245932
6 5 1.7701603574245934
7 5 -0.41106387856518506
8 5 0.21681191164153638
10 5 1.7701603574245932
11 5 1.0770131768646478
12 5 1.0770131768646478
14 5 1.322135634897633
15 5 2.5994397123091186
16 5 1.7056218362870221
17 5 1.3001567281788575
19 5 -0.427064219911626
21 5 2.329776145360016
24 5 2.781761269103073
26 5 -1.4078934729233523
27 5 0.18319530084255142
29 5 2.175625465532758
30 5 -1.9187190966893433
34 5 -0.0215991118034617
35 5 1.3001567281788575
38 5 -0.8399094353174131
41 5 0.38386599630470253
42 5 1.9243110372518517
53 5 1.2593347336586027
5 6 1.8556825308627554
6 6 2.988820688379939
16 6 0.6462302607721938
17 6 2.4082477608015114
24 6 1.6960523852708713
29 6 1.878373942064826
34 6 2.543350245658075
42 6 3.4878118544989265
5 7 -0.7475361151863981
6 7 0.564650273779771
7 7 2.0104300881858412
8 7 1.8326807144059272
17 7 -0.41106387856518506
18 7 2.2094553300511626
19 7 1.6080630130932647
20 7 0.12793262216750204
29 7 -0.015168221473171204
30 7 0.5444475664622513
31 7 1.7373705346016024
32 7 1.7243228192091267
33 7 2.98056405208082
36 7 1.930741927582142
44 7 1.9127234220794636
45 7 -0.4851718507189069
46 7 0.7469718305737254
49 7 0.9011225104009837
52 7 0.49565740229281946
55 7 1.2375947470221966
7 8 2.120362786857708
8 8 2.149649979129497
18 8 2.0325246218920845
19 8 2.2470844295149024
30 8 1.0770131768646478
31 8 1.7701603574245932
32 8 0.7515907764300199
33 8 3.1564547185444836
36 8 1.9524819142185479
44 8 2.329776145360016
55 8 1.2593347336586027
13 9 3.929644606777966
26 9 2.948815353766239
28 9 4.33510971488613
38 9 2.888190731949804
40 9 2.4892830243877992
10 10 2.948815353766239
13 10 2.543350245658075
14 10 2.831032318109856
26 10 3.1029660335934977
27 10 3.32350880320765
34 10 3.2364974262180204
38 10 2.600508659498024
5 11 0.38386599630470253
16 11 2.7256718024520294
17 11 3.2742377542008674
29 11 2.0325246218920845
5 12 0.38386599630470253
11 12 4.33510971488613
16 12 2.7256718024520294
17 12 3.1564547185444836
29 12 2.0325246218920845
9 13 2.543350245658075
13 13 3.054175869424066
26 13 2.6975009254853335
28 13 3.929644606777966
38 13 3.1758728044015854
40 13 2.5946435400456256
41 13 1.1570558845381844
43 13 1.8502030650981298
51 13 2.3202066943438653
0 14 2.6487107613159013
1 14 2.4255672100016916
5 14 0.7515907764300199
10 14 3.2364974262180204
13 14 1.4447379569899652
14 14 2.936392833767682
26 14 2.3610286888641205
27 14 3.4035515108811865
34 14 2.4255672100016916
35 14 0.7515907764300199
38 14 1.789578443281695
41 14 2.1378851375499104
1 15 1.0392728488818008
2 15 2.8618039767766095
5 15 0.3838659963047028
14 15 3.118714390561637
15 15 3.054175869424066
21 15 3.929644606777966
27 15 3.035826730755869
29 15 2.1866753017193425
35 15 2.2556681732062938
41 15 3.45964097753223
1 16 2.1866753017193425
2 16 -0.7400641003476969
5 16 1.5312684491422444
11 16 2.7256718024520294
12 16 2.948815353766239
15 16 -0.4523820278959159
16 16 2.854504674294998
17 16 2.285973522701623
24 16 1.339377441332139
29 16 1.8700056923943096
35 16 2.2556681732062938
41 16 1.8989932292675618
53 16 0.42308670945798416
1 17 1.0770131768646478
2 17 1.0770131768646478
5 17 1.969956544741812
6 17 2.329776145360016
11 17 2.175625465532758
12 17 2.175625465532758
15 17 0.38386599630470253
16 17 1.9314285050207156
17 17 2.4536456270728015
24 17 1.0770131768646478
29 17 1.6647998417667669
34 17 1.7701603574245932
35 17 0.38386599630470253
41 17 0.38386599630470253
42 17 1.9243110372518517
5 18 0.5661875530986573
6 18 2.0325246218920845
7 18 2.1248979420230993
8 18 1.5470168061103835
17 18 0.16072244499049287
18 18 2.2948888863595753
29 18 1.5216989981260935
31 18 2.7256718024520294
32 18 1.3934446626024148
33 18 2.0325246218920845
36 18 0.42308670945798416
44 18 2.7256718024520294
52 18 1.339377441332139
55 18 0.42308670945798416
5 19 -1.1202114004715713
7 19 1.635091685481184
8 19 1.6523773217682098
18 19 0.2407651526640292
19 19 2.2679382657981084
22 19 1.1570558845381844
30 19 1.2215944056757555
32 19 1.9042702863684053
36 19 1.8502030650981298
45 19 2.6611332813144584
46 19 1.4083703128190905
49 19 3.0541758694240655
52 19 1.3577265800003355
7 20 0.7340684257378174
20 20 3.055358601673115
30 20 2.8348710944170215
46 20 2.426939893813664
52 20 2.175625465532758
53 20 2.7997797746057516
2 21 2.2556681732062938
14 21 3.524179498669801
15 21 2.543350245658075
27 21 3.7289739113158142
35 21 2.2556681732062938
41 21 3.6419625343261846
7 22 0.9011225104009837
19 22 2.543350245658075
22 22 2.948815353766239
32 22 2.543350245658075
46 22 2.1015174933790357
3 23 2.5227309584553392
23 23 3.998637478264917
5 24 0.38386599630470253
16 24 3.2852875903874525
17 24 1.7701603574245932
29 24 2.7256718024520294
35 24 2.2556681732062938
41 24 2.948815353766239
53 24 2.7256718024520294
25 25 2.948815353766239
40 25 3.262472912621281
47 25 4.33510971488613
50 25 3.3365808847750027
0 26 1.4447379569899652
9 26 2.543350245658075
13 26 2.948815353766239
26 26 2.891656939926291
28 26 2.948815353766239
35 26 1.3801994358523941
36 26 1.62705951378392
38 26 3.0600409888764637
40 26 2.6434337042150577
41 26 2.4098188530335523
43 26 0.8693738120864033
51 26 1.339377441332139
0 27 3.32350880320765
1 27 3.035826730755869
5 27 1.1214649394354816
10 27 2.342679550195924
13 27 1.5317493339795953
14 27 2.6303616226477047
26 27 2.7845123024749627
27 27 2.8351560352937177
34 27 1.9372144420877595
35 27 -0.1422270995920765
38 27 1.8765898202713245
40 27 0.0913877515894285
35 28 2.2556681732062938
38 28 2.195043551389859
40 28 1.3906707357196897
43 28 3.6419625343261846
48 28 4.33510971488613
51 28 4.33510971488613
55 28 2.7256718024520294
1 29 0.5284472251158102
2 29 2.2556681732062938
5 29 1.4824782849728126
6 29 1.5906918696130452
14 29 2.0325246218920845
15 29 2.4379897300002487
16 29 1.9271641062342582
17 29 2.0325246218920845
21 29 3.131136910560194
27 29 1.4263888183217686
29 29 1.339377441332139
34 29 1.62705951378392
35 29 2.2556681732062938
41 29 2.7256718024520294
42 29 2.0325246218920845
5 30 -1.2255719161293976
7 30 0.5909675820971442
8 30 1.7362588057489117
19 30 1.5550860141588307
20 30 2.645629094778493
22 30 0.2407651526640292
30 30 2.459968636719024
32 30 0.1836067388240807
36 30 1.1162338900179294
46 30 2.3552980141551356
49 30 2.0325246218920845
52 30 2.0325246218920845
53 30 1.889423778251411
5 31 1.252903843328312
6 31 1.616009677597335
7 31 1.2265449108356117
17 31 0.3038232886311662
18 31 3.0510942028866577
29 31 0.5661875530986573
31 31 3.316084864136368
33 31 2.4633075379845386
36 31 1.2593347336586027
44 31 3.091916197406913
52 31 1.5878388006306388
55 31 1.2593347336586027
5 32 -0.427064219911626
7 32 2.1133941175416147
8 32 2.0784617170791098
18 32 1.6678815083041751
19 32 1.5625209926463486
22 32 2.6233929533316114
32 32 2.355457643814665
36 32 1.2215944056757555
45 32 2.1378851375499104
46 32 1.248027662743911
49 32 0.7515907764300199
52 32 1.0392728488818008
18 33 2.7256718024520294
31 33 3.561919826652648
36 33 2.7256718024520294
44 33 4.33510971488613
52 33 2.543350245658075
55 33 2.7256718024520294
5 34 0.8946916200706931
6 34 2.389199565830817
13 34 1.4447379569899652
17 34 1.3646952493164288
25 34 3.2364974262180204
26 34 2.6975009254853335
27 34 0.8386021534196499
37 34 2.948815353766239
38 34 2.195043551389859
40 34 2.083817916279635
47 34 3.2364974262180204
50 34 1.3906707357196897
0 35 1.1570558845381844
1 35 2.36102868886412
2 35 0.17622663152645804
3 35 -0.6065327077231745
4 35 1.5625209926463486
5 35 0.25033460368017996
9 35 2.2556681732062938
11 35 2.948815353766239
12 35 2.948815353766239
13 35 2.0733466164123393
14 35 1.8502030650981298
15 35 1.5625209926463486
16 35 2.093149243708519
17 35 1.0770131768646478
21 35 2.2556681732062938
26 35 1.3801994358523941
27 35 2.160357993401969
29 35 0.6462302607721937
34 35 1.1570558845381844
35 35 1.274838920194568
36 35 0.6462302607721937
37 35 1.9679861007545132
38 35 0.5210671178181876
40 35 -0.6887708059601463
41 35 1.9679861007545132
43 35 1.9679861007545132
51 35 1.7448425494403033
53 35 1.339377441332139
0 36 1.62705951378392
7 36 1.4889091753031027
8 36 0.16072244499049287
9 36 2.7256718024520294
13 36 2.543350245658075
18 36 1.5216989981260935
19 36 0.7515907764300199
22 36 3.418818983011975
26 36 1.8502030650981298
31 36 2.240163986670329
32 36 2.1378851375499104
36 36 1.1162338900179294
38 36 -0.10754154160418647
40 36 0.4743800038455345
44 36 2.7256718024520294
46 36 1.4729088339566616
52 36 0.9339123332239747
25 37 4.33510971488613
34 37 1.8502030650981298
37 37 3.3542804618744038
38 37 1.9073614789380782
40 37 3.048898812323222
47 37 4.33510971488613
50 37 2.6434337042150573
0 38 2.195043551389859
9 38 3.1113342832640143
13 38 2.801179354960175
25 38 2.195043551389859
26 38 2.7305617877462214
28 38 2.888190731949804
35 38 1.8203501019484485
36 38 1.5018963708299138
37 38 0.8087491902699684
38 38 2.4298831424672604
40 38 2.195043551389859
41 38 1.5018963708299138
43 38 2.6805513671715597
47 38 2.195043551389859
48 38 3.293655840057969
50 38 0.7546819689996929
51 38 2.9369808961192367
55 38 1.6842179276238687
56 39 3.824284091120139
62 39 2.195043551389859
63 39 3.2852875903874525
64 39 2.7256718024520294
0 40 1.6783528081714705
9 40 2.4892830243877992
13 40 1.6783528081714705
26 40 1.3906707357196897
28 40 2.4892830243877992
34 40 0.29205844705157985
35 40 1.1029886632679087
36 40 1.1675271844054798
37 40 0.6975235551597443
38 40 2.083817916279635
40 40 2.3974754751346765
41 40 1.1029886632679087
43 40 1.796135843827854
48 40 2.77696509683958
50 40 2.978831249706505
51 40 1.9784574006218085
54 40 2.083817916279635
55 40 2.083817916279635
58 40 2.3069614675938444
62 40 -1.4425426083365267
64 40 1.5158338786736956
0 41 1.8502030650981298
1 41 1.8502030650981298
5 41 0.789331104412867
9 41 2.948815353766239
13 41 2.2556681732062938
14 41 2.543350245658075
16 41 2.0325246218920845
17 41 0.789331104412867
26 41 1.8502030650981298
27 41 3.1899774105831273
35 41 2.4788117245205035
36 41 1.339377441332139
38 41 1.214214298378133
40 41 0.004376374599799003
41 41 1.5625209926463486
5 42 2.7509896104363194
6 42 1.6960523852708715
16 42 1.339377441332139
17 42 1.077013176864648
24 42 3.2364974262180204
42 42 3.2364974262180204
25 43 3.759745569982568
34 43 2.948815353766239
35 43 0.8693738120864033
37 43 4.088249636954604
38 43 1.9073614789380782
40 43 2.0192793951420636
43 43 3.5084311417016623
47 43 3.6419625343261846
48 43 2.948815353766239
50 43 -0.6887708059601463
51 43 3.2852875903874525
55 43 1.339377441332139
5 44 -0.30928118425524276
7 44 0.6134404379492028
18 44 2.948815353766239
31 44 3.9673849347608128
44 44 3.3542804618744038
52 44 2.2556681732062938
5 45 0.09618392385292175
7 45 0.9011225104009837
8 45 0.38386599630470253
19 45 1.4447379569899652
32 45 2.831032318109856
45 45 3.3542804618744038
52 45 2.948815353766239
5 46 -1.5620441527506106
7 46 0.05382465001378008
8 46 1.2105445694891708
19 46 1.7760950929444081
20 46 1.7701603574245932
22 46 2.794664673938981
30 46 2.372392447514436
32 46 1.4798292768012353
36 46 0.7797616533967164
45 46 2.3891995658308165
46 46 2.0014340348220534
52 46 2.6768816382825977
53 46 0.7797616533967164
40 47 3.3365808847750027
50 47 3.3365808847750027
55 47 2.7256718024520294
34 48 3.2364974262180204
35 48 2.2556681732062938
37 48 4.047427642434349
43 48 4.047427642434349
51 48 3.824284091120139
55 48 2.7256718024520294
19 49 0.7515907764300199
22 49 4.33510971488613
32 49 2.6975009254853335
36 49 3.418818983011975
46 49 2.794664673938981
39 50 3.1824302049477446
40 50 2.358254761981395
50 50 3.146712122345665
54 50 3.587895313055909
55 50 1.7271429723409024
56 50 3.2777403847520694
58 50 2.77696509683958
61 50 1.3906707357196897
62 50 1.8532942576678024
64 50 1.9407170726389615
25 51 3.8242840911201395
34 51 3.0133538749038107
35 51 1.339377441332139
37 51 3.904326798793676
38 51 1.6842179276238687
40 51 0.879845111953699
43 51 3.8651060856403943
47 51 3.418818983011975
48 51 3.418818983011975
51 51 3.418818983011975
55 51 1.8093810705778748
5 52 0.6715480687564837
7 52 0.49565740229281946
8 52 1.3646952493164288
18 52 1.339377441332139
19 52 1.7324200294417462
30 52 2.0325246218920845
31 52 2.0578424298763744
32 52 1.7324200294417462
44 52 1.1570558845381844
45 52 1.8502030650981298
46 52 1.6960523852708715
52 52 2.1378851375499104
4 53 3.001925179080188
7 53 0.6779789590867741
16 53 1.9271641062342582
17 53 0.16072244499049287
20 53 1.9524819142185479
29 53 1.1162338900179294
30 53 1.8093810705778746
35 53 0.6462302607721937
41 53 1.339377441332139
46 53 2.0325246218920845
53 53 1.8093810705778748
39 54 4.33510971488613
56 54 4.33510971488613
61 54 2.1378851375499104
62 54 2.888190731949804
63 54 1.339377441332139
64 54 2.7256718024520294
18 55 1.1162338900179294
31 55 2.106632594045806
34 55 1.62705951378392
35 55 0.6462302607721937
36 55 1.1162338900179294
37 55 2.4379897300002487
38 55 -0.10754154160418647
40 55 1.1675271844054798
43 55 2.4379897300002487
44 55 2.7256718024520294
50 55 1.7271429723409024
51 55 2.214846178686039
52 55 0.9339123332239747
55 55 1.1162338900179294
58 55 2.0325246218920845
60 55 0.5284472251158102
61 55 1.914741586235701
64 55 1.1162338900179294
70 55 3.418818983011975
84 55 3.418818983011975
85 55 0.37429654528855183
39 56 3.418818983011975
56 56 3.418818983011975
62 56 2.195043551389859
63 56 3.226447090364519
64 56 2.8508349454060355
65 56 3.8242840911201395
60 57 2.831032318109856
61 57 3.2364974262180204
62 57 3.5813379125097495
63 57 1.339377441332139
64 57 1.6270595137839199
39 58 3.6419625343261846
50 58 2.4892830243877992
54 58 3.6419625343261846
56 58 2.7256718024520294
57 58 3.6419625343261846
60 58 2.543350245658075
61 58 2.543350245658075
62 58 1.9073614789380782
63 58 2.2556681732062938
64 58 2.543350245658075
59 59 2.948815353766239
60 59 2.831032318109856
61 59 2.1378851375499104
71 59 4.33510971488613
85 59 3.3054902977049716
86 59 2.948815353766239
87 59 3.8651060856403943
57 60 3.2364974262180204
59 60 2.831032318109856
60 60 2.7132492824534724
61 60 2.6487107613159013
62 60 2.915589706137919
63 60 0.5284472251158102
64 60 1.7324200294417462
71 60 3.524179498669801
74 60 2.1378851375499104
85 60 2.460658529812962
86 60 2.1378851375499104
87 60 3.0541758694240655
39 61 2.1378851375499104
55 61 1.914741586235701
56 61 2.1378851375499104
59 61 2.831032318109856
60 61 2.4255672100016916
61 61 2.0201021018935275
62 61 2.562768331515177
63 61 1.4447379569899652
64 61 1.9947842939092373
70 61 2.831032318109856
71 61 2.831032318109856
74 61 2.1378851375499104
84 61 3.093396582577347
85 61 1.865951422066269
86 61 2.1378851375499104
87 61 1.8502030650981298
39 62 2.195043551389859
55 62 1.6842179276238687
56 62 2.195043551389859
57 62 1.5018963708299138
58 62 1.5018963708299138
60 62 1.3841133351735304
61 62 2.1378851375499104
62 62 2.7462204706794173
63 62 2.740270601873182
64 62 2.8713836136334234
65 62 2.195043551389859
84 62 2.0325246218920845
85 62 -0.44401377822539934
55 63 1.9271641062342582
57 63 3.2852875903874525
58 63 2.948815353766239
60 63 2.607888766795646
61 63 2.5094486939823937
62 63 2.1437502570023086
63 63 2.938765017912738
64 63 2.2948888863595753
65 63 3.2852875903874525
84 63 2.2948888863595753
85 63 -0.31885063527139346
39 64 2.3202066943438653
50 64 1.7271429723409024
54 64 2.7256718024520294
55 64 2.3202066943438653
56 64 1.9635317504051328
57 64 2.7256718024520294
58 64 2.0325246218920845
60 64 2.202423658687482
61 64 2.4743573741711233
62 64 2.43143232945409
63 64 2.7744619666214616
64 64 2.1378851375499104
65 64 2.7256718024520294
84 64 1.2703845698451877
85 64 -0.31885063527139346
58 65 3.6419625343261846
62 65 2.195043551389859
63 65 3.418818983011975
64 65 3.0133538749038102
68 66 4.740574822994295
69 66 4.740574822994295
66 67 4.478210558526803
67 67 3.561919826652648
68 67 4.478210558526803
69 67 4.478210558526803
68 68 5.251400446760285
69 68 4.152788158092175
68 69 5.117869054135762
69 69 4.375931709406386
59 70 4.33510971488613
60 70 3.524179498669801
61 70 2.1378851375499104
71 70 4.33510971488613
85 70 3.2364974262180204
74 71 4.33510971488613
85 71 3.4878118544989265
86 71 4.33510971488613
87 71 4.047427642434349
73 72 3.6419625343261846
79 72 4.33510971488613
80 72 4.33510971488613
82 72 3.418818983011975
72 73 3.6419625343261846
73 73 2.948815353766239
79 73 3.6419625343261846
80 73 3.6419625343261846
81 73 3.45964097753223
82 73 3.418818983011975
83 73 2.543350245658075
85 73 1.9837344577226523
73 74 3.6419625343261846
82 74 3.418818983011975
85 74 3.3700288188425427
86 74 3.6419625343261846
87 74 2.948815353766239
78 75 3.418818983011975
96 75 2.794664673938981
97 75 3.6419625343261846
99 75 3.2364974262180204
101 75 4.33510971488613
108 75 3.561919826652648
75 76 4.047427642434349
76 76 3.5084311417016623
77 76 4.314056305688298
78 76 4.142737822238674
96 76 0.7152231322591451
97 76 0.8693738120864033
101 76 2.948815353766239
75 77 4.33510971488613
77 77 3.45964097753223
78 77 3.418818983011975
96 77 1.8502030650981298
97 77 3.6419625343261846
99 77 3.2364974262180204
101 77 4.33510971488613
108 77 3.2364974262180204
75 78 3.8242840911201395
77 78 3.8242840911201395
78 78 3.418818983011975
96 78 2.5715211226247714
97 78 3.6419625343261846
99 78 3.0133538749038107
101 78 4.33510971488613
108 78 2.7256718024520294
73 79 3.6419625343261846
79 79 3.2364974262180204
81 79 3.2364974262180204
82 79 3.8242840911201395
83 79 3.2364974262180204
85 79 2.6768816382825977
73 80 3.6419625343261846
79 80 4.33510971488613
80 80 3.4878118544989265
82 80 3.800186539541079
83 80 1.2905872771627072
85 80 1.9837344577226523
81 81 3.45964097753223
88 81 4.33510971488613
89 81 4.201578322261607
90 81 3.3542804618744038
91 81 3.929644606777966
93 81 2.7256718024520294
72 82 3.418818983011975
73 82 3.131136910560194
79 82 2.0325246218920845
80 82 2.859203195076552
81 82 3.7671256772801907
82 82 2.8654337448271883
83 82 2.7256718024520294
85 82 2.794664673938981
87 82 1.7448425494403035
89 82 1.7448425494403035
93 82 1.8093810705778748
81 83 3.2364974262180204
83 83 2.1378851375499104
88 83 3.2364974262180204
89 83 3.1029660335934977
93 83 1.62705951378392
95 83 3.929644606777966
98 83 3.929644606777966
99 83 3.524179498669801
115 83 3.796113214153443
116 83 3.929644606777966
118 83 3.929644606777966
59 84 4.229749199228304
60 84 3.3906481060452784
61 84 2.831032318109856
70 84 4.33510971488613
71 84 3.8242840911201395
84 84 3.5366020186683587
85 84 1.7605909064084424
59 85 0.5974400966027616
60 85 -0.21349011961356704
61 85 -0.21349011961356704
70 85 1.290587277162707
72 85 3.3700288188425427
73 85 2.6768816382825977
74 85 3.3700288188425427
79 85 2.3891995658308165
80 85 3.1948247298174524
81 85 2.6768816382825977
82 85 2.5143627087848226
83 85 1.5782693496144882
84 85 1.1852267615048806
85 85 2.7119729580938676
86 85 3.3054902977049716
87 85 3.3054902977049716
88 85 1.9837344577226523
89 85 2.2068780090368616
93 85 1.0674437258484972
72 86 3.6419625343261846
73 86 2.948815353766239
74 86 3.6419625343261846
82 86 3.2852875903874525
85 86 3.4306534406589777
86 86 2.948815353766239
87 86 2.948815353766239
72 87 2.948815353766239
73 87 2.948815353766239
74 87 4.047427642434349
79 87 2.948815353766239
80 87 2.9488153537662396
82 87 3.0441255335705644
85 87 3.082346746390762
86 87 4.047427642434349
87 87 2.6611332813144584
89 88 2.948815353766239
90 88 4.33510971488613
91 88 4.33510971488613
92 88 4.11196616357192
93 88 2.7256718024520294
94 88 4.33510971488613
83 89 1.8502030650981298
88 89 3.8651060856403943
89 89 3.220749069249881
90 89 4.201578322261607
91 89 4.201578322261607
92 89 3.5906692399386344
93 89 2.2556681732062938
94 89 4.047427642434349
95 89 2.2556681732062938
98 89 2.2556681732062938
99 89 1.8502030650981298
115 89 1.5625209926463486
116 89 2.2556681732062938
118 89 2.2556681732062938
83 90 3.6419625343261846
89 90 1.9679861007545132
90 90 3.3542804618744038
91 90 2.948815353766239
92 90 4.28381642049858
93 90 4.11196616357192
94 90 4.33510971488613
98 90 2.6611332813144584
83 91 2.1378851375499104
89 91 1.8502030650981298
90 91 4.047427642434349
91 91 3.2364974262180204
92 91 4.33510971488613
93 91 4.11196616357192
94 91 4.33510971488613
83 92 3.929644606777966
89 92 2.2556681732062938
92 92 3.418818983011975
93 92 3.8888226122577105
94 92 2.7256718024520294
95 92 4.11196616357192
98 92 4.172590785388355
99 92 3.5729696628392333
115 92 2.0325246218920845
116 92 2.3202066943438653
118 92 2.7256718024520294
83 93 3.706501055463756
88 93 2.7256718024520294
89 93 3.0441255335705644
90 93 2.7256718024520294
91 93 2.7256718024520294
92 93 2.50252825113782
93 93 2.9079933592459843
95 93 4.11196616357192
98 93 4.11196616357192
99 93 3.706501055463756
115 93 2.0325246218920845
116 93 3.5729696628392333
118 93 2.7256718024520294
83 94 3.929644606777966
89 94 2.2556681732062938
92 94 4.11196616357192
93 94 4.11196616357192
95 94 4.33510971488613
98 94 4.047427642434349
76 95 3.3542804618744038
98 95 2.948815353766239
99 95 3.929644606777966
115 95 4.33510971488613
116 95 4.33510971488613
117 95 4.33510971488613
118 95 4.33510971488613
96 96 3.1841294407007044
97 96 3.2541970033174215
99 96 0.5974400966027618
101 96 1.6960523852708713
102 96 1.6960523852708713
105 96 0.7152231322591451
107 96 3.998637478264917
108 96 3.1200870743736093
109 96 3.3054902977049716
111 96 3.131136910560194
112 96 1.3906707357196897
114 96 2.1015174933790357
96 97 3.4452522400801304
97 97 2.2556681732062938
99 97 2.543350245658075
107 97 3.6419625343261846
108 97 3.519360212233852
109 97 3.6419625343261846
111 97 2.7256718024520294
76 98 3.066598389422623
95 98 4.047427642434349
98 98 3.3542804618744038
99 98 3.6419625343261846
115 98 4.33510971488613
116 98 4.33510971488613
117 98 4.33510971488613
118 98 4.33510971488613
76 99 3.3542804618744038
96 99 2.543350245658075
98 99 2.543350245658075
99 99 2.1378851375499104
108 99 2.7509896104363194
115 99 3.929644606777966
116 99 3.929644606777966
117 99 3.929644606777966
118 99 3.929644606777966
103 100 4.33510971488613
105 100 3.1029660335934977
106 100 4.33510971488613
110 100 4.33510971488613
112 100 2.083817916279635
113 100 3.929644606777966
114 100 3.6419625343261846
96 101 3.4878118544989265
97 101 3.6419625343261846
99 101 3.2364974262180204
108 101 3.561919826652648
100 102 4.33510971488613
112 102 3.8755773855076896
113 102 3.929644606777966
105 103 3.6419625343261846
106 103 4.33510971488613
125 103 3.082346746390762
105 104 2.543350245658075
125 104 3.082346746390762
126 104 3.2364974262180204
128 104 4.33510971488613
129 104 4.047427642434349
131 104 2.543350245658075
102 105 2.2556681732062938
104 105 3.2364974262180204
105 105 2.8541993773913905
106 105 2.2556681732062938
112 105 1.7091244668382242
113 105 1.1570558845381844
114 105 1.5625209926463486
125 105 3.3542804618744038
126 105 3.1494860492283907
127 105 3.3542804618744038
128 105 3.1029660335934977
129 105 2.791186409562656
130 105 2.543350245658075
131 105 2.1378851375499104
132 105 1.6678815083041751
105 106 3.3542804618744038
125 106 3.998637478264917
127 106 3.6419625343261846
96 107 2.794664673938981
105 107 0.4639087039782391
107 107 2.948815353766239
108 107 3.3795982698586937
109 107 4.33510971488613
111 107 4.33510971488613
96 108 3.4878118544989265
97 108 2.8687726460927028
105 108 1.2311638566919063
107 108 2.6864510892987483
108 108 3.0764120108709476
109 108 3.561919826652648
111 108 3.3795982698586937
112 108 0.6174808474862077
114 108 1.0770131768646478
96 109 2.794664673938981
105 109 2.2556681732062938
108 109 1.7701603574245932
111 109 4.33510971488613
112 109 2.4892830243877992
103 110 4.33510971488613
105 110 3.2364974262180204
106 110 4.33510971488613
112 110 2.083817916279635
113 110 3.2364974262180204
114 110 3.6419625343261846
125 110 2.3891995658308165
102 111 4.33510971488613
105 111 2.255668173206294
111 111 3.418818983011975
112 111 3.336580884775003
113 111 3.2364974262180204
114 111 3.6419625343261846
100 112 3.9556200931812264
102 112 3.0001086481537897
103 112 3.693255828713735
105 112 2.0192793951420636
106 112 3.1824302049477446
110 112 3.87557738550769
112 112 3.4366643433319854
113 112 3.659354277038054
114 112 3.3365808847750027
125 112 0.8310549477842668
100 113 3.2364974262180204
103 113 3.929644606777966
105 113 2.831032318109856
106 113 3.929644606777966
110 113 3.929644606777966
112 113 3.0646471692913613
113 113 2.831032318109856
114 113 3.2364974262180204
125 113 1.9837344577226523
102 114 3.6419625343261846
103 114 3.6419625343261846
105 114 2.6611332813144584
106 114 3.6419625343261846
112 114 3.4055737562619544
113 114 2.543350245658075
125 114 2.3891995658308165
76 115 4.33510971488613
77 115 2.7664937969722847
78 115 3.6419625343261846
115 115 3.3542804618744038
116 115 2.543350245658075
117 115 4.33510971488613
118 115 2.948815353766239
76 116 4.292550100467334
77 116 1.4447379569899652
78 116 2.7256718024520294
115 116 4.152788158092175
116 116 3.2364974262180204
117 116 4.33510971488613
118 116 3.929644606777966
76 117 4.33510971488613
77 117 3.929644606777966
78 117 3.824284091120139
76 118 4.33510971488613
78 118 3.418818983011975
115 118 4.047427642434349
116 118 3.2364974262180204
117 118 4.33510971488613
119 119 2.948815353766239
120 119 3.8651060856403943
123 119 1.7701603574245932
124 119 3.2364974262180204
136 119 1.8502030650981298
137 119 3.6419625343261846
119 120 2.4788117245205035
120 120 3.405052787247827
123 120 2.3987690168469675
133 120 -0.8353742801520219
136 120 3.3542804618744038
137 120 3.7025871561426196
138 120 2.2043748788187436
121 121 3.2147789022633773
122 121 3.066598389422623
123 121 2.338665092777262
124 121 1.5625209926463486
121 122 3.3261095849077074
122 122 2.1378851375499104
123 122 1.9243110372518515
124 122 2.831032318109856
119 123 3.4283884340281254
120 123 2.673872307091888
123 123 3.055358601673115
124 123 3.2742377542008674
133 123 0.6250280531215906
136 123 2.840601769126007
137 123 2.175625465532758
138 123 1.7701603574245932
119 124 3.2364974262180204
120 124 3.3542804618744038
121 124 2.478811724520504
123 124 1.5878388006306385
124 124 2.1378851375499104
136 124 2.1378851375499104
137 124 3.2364974262180204
104 125 3.4878118544989265
105 125 2.9000251895968074
125 125 3.0823467463907623
126 125 3.855536634624244
127 125 3.998637478264917
128 125 3.082346746390762
129 125 2.8747073816125175
130 125 3.082346746390762
131 125 2.543350245658075
132 125 1.2905872771627072
104 126 3.929644606777966
105 126 3.054175869424066
125 126 2.9000251895968074
126 126 3.2364974262180204
128 126 4.33510971488613
129 126 3.1029660335934977
130 126 3.2364974262180204
131 126 2.831032318109856
104 127 4.33510971488613
105 127 3.1719589050804493
125 127 3.082346746390762
126 127 4.33510971488613
127 127 2.948815353766239
128 127 4.33510971488613
105 128 1.8502030650981298
125 128 2.3891995658308165
129 128 4.201578322261607
130 128 4.33510971488613
131 128 3.929644606777966
121 129 2.1221367805817715
122 129 2.543350245658075
124 129 1.1570558845381844
129 129 3.472063497530787
130 129 4.047427642434349
131 129 3.9604162654447195
132 129 4.201578322261607
121 130 2.4788117245205035
129 130 2.948815353766239
131 130 4.152788158092175
132 130 4.33510971488613
121 131 2.7411759889879947
122 131 3.3906481060452784
124 131 2.543350245658075
129 131 3.1029660335934977
130 131 2.543350245658075
131 131 3.3906481060452784
132 131 3.929644606777966
121 132 2.948815353766239
122 132 3.929644606777966
124 132 3.2364974262180204
129 132 2.2556681732062938
131 132 3.2364974262180204
132 132 3.2364974262180204
133 133 3.2650125965260415
134 133 3.54665235452186
135 133 3.4412918388640334
138 133 2.679151786817137
139 133 1.9844673269383049
140 133 3.035826730755869
141 133 2.2736866787089722
133 134 3.1899774105831273
135 134 3.929644606777966
138 134 2.0325246218920845
139 134 2.2874168715208745
141 134 2.7256718024520294
133 135 3.035826730755869
134 135 3.2364974262180204
135 135 2.831032318109856
138 135 2.0325246218920845
139 135 2.5750989439726553
140 135 3.2364974262180204
141 135 3.0133538749038107
119 136 1.8502030650981298
120 136 1.9679861007545132
123 136 0.3838659963047028
133 136 2.9786683169159205
136 136 3.054175869424066
137 136 2.543350245658075
138 136 3.674752357149176
120 137 3.43432316954794
123 137 2.6864510892987483
136 137 3.6419625343261846
137 137 2.948815353766239
133 138 3.4301185382659085
134 138 3.418818983011975
135 138 3.5729696628392333
138 138 3.2563000535142
139 138 0.3902968866349931
140 138 2.0325246218920845
141 138 1.1162338900179294
139 139 3.200476582813583
140 139 2.510560422835084
141 139 3.0983470877372032
142 139 3.050944848842619
144 139 0.3902968866349931
139 140 3.4660718678625204
141 140 3.418818983011975
139 141 3.2429283165483107
140 141 3.418818983011975
141 141 2.9079933592459843
142 141 2.6386604254624
144 141 2.50252825113782
141 142 0.2407651526640294
142 142 3.554951157336555
143 142 2.6975009254853335
144 142 4.301208163210449
145 142 3.1793390123780716
66 143 3.747323049984011
67 143 4.192008871245457
68 143 0.7515907764300199
69 143 2.543350245658075
143 143 3.524179498669801
145 143 3.747323049984011
143 144 4.266116843399178
144 144 3.418818983011975
145 144 3.66394144104496
66 145 3.747323049984011
67 145 3.7865437631372925
68 145 2.831032318109856
69 145 3.6419625343261846
143 145 3.524179498669801
145 145 3.4371681216801715
