0 0 0.23179090562300436
3 0 0.25360995301764405
4 0 -0.15185515509052036
5 0 -2.975216202703725
0 1 0.2536099530176439
0 2 -0.15185515509052036
1 2 3.6840064893720617
4 3 3.6840064893720617
5 3 2.246939802878748
5 4 2.6524049109869123
5 5 2.3046481204993947
7 5 2.246939802878748
9 5 2.5653935339972826
10 5 -0.6434319550174167
11 5 1.7079433021460608
12 5 -0.47058914217800585
5 6 2.246939802878748
9 6 2.7031772363603355
11 6 1.6045649476922257
12 6 0.11917968392810455
8 7 3.6840064893720617
10 7 3.971688561823843
11 7 2.9908593088121163
5 8 0.8606454417588574
6 8 3.6840064893720617
8 8 1.1990998395840615
9 8 0.9114177671322805
10 8 3.5662234537156783
11 8 2.7031772363603355
12 8 0.966477544315308
7 9 3.396324416920281
10 9 1.1990998395840615
11 9 2.9908593088121163
12 9 2.1340827044703694
8 10 2.179929092595788
10 10 2.4676111650475687
11 10 2.9908593088121163
12 10 1.9473067973270344
8 11 1.1990998395840615
10 11 1.4867819120358425
11 11 0.5059526590241161
12 11 2.517074956726475
0 12 -3.0235347799745327
1 12 2.1986212256079405
2 12 2.6040863337161047
5 12 -2.0110341831251546
6 12 2.1986212256079405
8 12 2.42176477692215
9 12 -1.267114677191786
10 12 1.7931561174997759
11 12 0.11917968392810455
12 12 2.0677816246491294
