0 0 3.418818983011975
2 0 2.625588343895047
4 0 3.0823467463907623
12 0 2.543350245658075
28 0 1.339377441332139
40 0 2.5094486939823937
0 1 2.6303616226477047
1 1 2.8351560352937177
2 1 1.290587277162707
3 1 3.035826730755869
4 1 1.3775986541523368
9 1 2.0913651219150178
11 1 3.035826730755869
12 1 1.9372144420877595
13 1 3.477659483034908
28 1 2.993267116337073
40 1 0.5509200809678688
44 1 1.0899165817005558
0 2 2.246098722190143
1 2 0.5021299167984368
2 2 2.5365242805876753
3 2 1.0674437258484972
4 2 2.7786643325925398
9 2 1.4447379569899652
11 2 0.30975802415098075
12 2 2.2714165301744336
28 2 1.4083703128190905
40 2 2.7243481755215213
48 2 1.6960523852708713
0 3 2.50252825113782
1 3 3.160989873709875
2 3 1.0674437258484972
3 3 2.7256718024520294
4 3 0.7797616533967164
9 3 2.543350245658075
11 3 3.3542804618744038
12 3 1.62705951378392
13 3 3.418818983011975
28 3 3.131136910560194
40 3 0.5284472251158102
0 4 2.3891995658308165
2 4 2.9822632878337796
4 4 2.841184689573874
12 4 2.3891995658308165
28 4 1.0029052047109261
40 4 2.5668807430682694
5 5 2.5535026171220934
6 5 2.9812506295193932
7 5 1.6960523852708713
8 5 2.2425960916389416
10 5 1.8631064699340376
14 5 1.6960523852708713
15 5 1.6960523852708713
16 5 2.8310323181098562
17 5 1.2905872771627072
18 5 2.3891995658308165
19 5 2.794664673938981
20 5 2.3891995658308165
21 5 2.794664673938981
29 5 2.794664673938981
30 5 2.255668173206294
31 5 1.9837344577226523
59 5 1.488413020492627
5 6 2.627610589275815
6 6 3.0764120108709476
7 6 2.3455245023281552
8 6 1.8571717344142231
16 6 2.974133161750529
17 6 2.617458217811797
19 6 3.3795982698586937
20 6 3.2742377542008674
21 6 3.561919826652648
23 6 1.7701603574245932
24 6 1.3646952493164288
25 6 1.0770131768646478
26 6 1.7701603574245932
29 6 2.974133161750529
30 6 1.993303908738803
31 6 1.3646952493164288
2 7 -0.9066373001735123
5 7 0.5974400966027618
7 7 2.6487107613159013
8 7 1.819431406431376
10 7 2.3790471943667986
14 7 2.1378851375499104
16 7 -0.05933943978630865
17 7 2.9851829979371143
19 7 2.1378851375499104
20 7 3.0541758694240655
21 7 2.1378851375499104
22 7 3.524179498669801
23 7 3.524179498669801
24 7 3.3418579418758467
25 7 3.3906481060452784
26 7 3.524179498669801
27 7 3.2364974262180204
30 7 2.2556681732062938
31 7 2.543350245658075
59 7 2.30973539447657
68 7 2.831032318109856
5 8 2.2425960916389416
6 8 0.47087737329433244
7 8 2.304939222213077
8 8 2.31190789152917
10 8 2.53505144284338
14 8 2.342679550195924
15 8 1.9372144420877595
16 8 1.6859000138068534
17 8 2.4480400658537502
18 8 3.32350880320765
19 8 2.6303616226477047
20 8 2.6303616226477047
21 8 2.6303616226477047
24 8 1.5317493339795953
25 8 1.9372144420877595
26 8 1.9372144420877595
29 8 2.4480400658537502
30 8 2.6303616226477047
31 8 2.543350245658075
59 8 2.5319215498344523
0 9 1.62705951378392
1 9 3.32350880320765
2 9 0.5974400966027618
3 9 3.331807606022345
4 9 0.5974400966027618
9 9 2.6975009254853335
11 9 3.2364974262180204
12 9 1.8502030650981298
13 9 2.543350245658075
28 9 3.2364974262180204
40 9 -0.3470215122380897
48 9 2.543350245658075
5 10 2.342679550195924
6 10 1.6748501776202682
7 10 1.5317493339795953
8 10 2.6303616226477047
10 10 2.4837581484558293
14 10 3.1899774105831273
15 10 3.32350880320765
16 10 2.0425749577455856
17 10 0.8386021534196499
18 10 3.035826730755869
29 10 1.9372144420877595
30 10 2.496830230023182
31 10 2.710404330321241
59 10 2.6303616226477047
0 11 3.0441255335705644
1 11 3.1158694384294052
2 11 1.290587277162707
3 11 3.0441255335705644
4 11 1.4083703128190905
9 11 2.2556681732062938
11 11 3.066598389422623
12 11 2.0733466164123393
13 11 3.2364974262180204
28 11 2.884276832628668
40 11 0.8693738120864033
0 12 2.879822482279288
1 12 1.5317493339795953
2 12 2.4432667871010927
3 12 2.3202066943438653
4 12 2.995335369401132
9 12 2.543350245658075
11 12 2.0733466164123393
12 12 1.8502030650981298
28 12 2.0733466164123393
40 12 2.050873760560281
48 12 3.2364974262180204
0 13 1.62705951378392
1 13 3.1411872464136956
2 13 1.5782693496144882
3 13 3.0133538749038107
4 13 1.9837344577226523
9 13 2.543350245658075
11 13 3.45964097753223
12 13 2.1378851375499104
13 13 3.2364974262180204
28 13 1.8502030650981298
40 13 1.0392728488818008
5 14 2.3891995658308165
8 14 3.1899774105831273
10 14 2.8535051739619144
14 14 2.948815353766239
15 14 4.33510971488613
18 14 3.6419625343261846
30 14 1.5625209926463486
59 14 3.066598389422623
5 15 2.794664673938981
8 15 3.54665235452186
10 15 1.9372144420877595
18 15 4.33510971488613
31 15 2.543350245658075
59 15 2.948815353766239
5 16 2.8310323181098562
6 16 3.2105219398147598
7 16 1.8865707092690045
8 16 1.1262842258714305
10 16 -0.26001013524846006
16 16 2.9851829979371143
17 16 2.1378851375499104
19 16 2.1378851375499104
20 16 2.543350245658075
21 16 2.1378851375499104
22 16 2.1378851375499104
23 16 2.1378851375499104
24 16 2.1378851375499104
25 16 2.1378851375499104
26 16 2.1378851375499104
27 16 1.0392728488818008
29 16 2.9851829979371143
30 16 2.1378851375499104
31 16 1.7324200294417462
2 17 0.19197498849459743
7 17 2.831032318109856
8 17 1.5317493339795953
9 17 1.4447379569899652
10 17 1.9372144420877595
12 17 1.4447379569899652
17 17 2.1378851375499104
20 17 2.543350245658075
22 17 3.929644606777966
23 17 3.929644606777966
24 17 3.929644606777966
25 17 3.929644606777966
26 17 3.929644606777966
27 17 3.747323049984011
30 17 1.8502030650981298
31 17 1.4447379569899652
59 17 1.8502030650981298
68 17 3.2364974262180204
5 18 3.082346746390762
6 18 1.7701603574245932
8 18 1.9372144420877595
10 18 2.6303616226477047
16 18 2.1378851375499104
29 18 3.2364974262180204
30 18 2.948815353766239
31 18 2.543350245658075
59 18 2.2556681732062938
7 19 3.2364974262180204
16 19 2.1378851375499104
17 19 3.929644606777966
20 19 3.6419625343261846
22 19 4.33510971488613
23 19 4.33510971488613
24 19 4.33510971488613
25 19 4.33510971488613
26 19 4.33510971488613
2 20 0.5974400966027616
7 20 2.543350245658075
9 20 1.8502030650981298
16 20 1.4447379569899652
17 20 3.6419625343261846
19 20 3.6419625343261846
20 20 2.948815353766239
21 20 3.6419625343261846
22 20 4.33510971488613
23 20 4.33510971488613
24 20 4.152788158092175
25 20 4.047427642434349
26 20 4.33510971488613
27 20 3.6419625343261846
68 20 3.6419625343261846
7 21 3.2364974262180204
16 21 2.1378851375499104
17 21 3.929644606777966
19 21 4.33510971488613
20 21 3.6419625343261846
22 21 4.33510971488613
23 21 4.33510971488613
24 21 3.929644606777966
25 21 4.33510971488613
26 21 4.33510971488613
2 22 1.9837344577226523
9 22 3.2364974262180204
12 22 3.2364974262180204
24 22 3.929644606777966
25 22 3.6419625343261846
27 22 4.33510971488613
48 22 4.33510971488613
68 22 4.33510971488613
2 23 1.9837344577226523
9 23 2.543350245658075
12 23 3.2364974262180204
22 23 4.33510971488613
24 23 3.929644606777966
25 23 3.6419625343261846
27 23 4.33510971488613
48 23 4.33510971488613
68 23 4.33510971488613
2 24 1.8014129009286977
3 24 1.62705951378392
9 24 3.524179498669801
12 24 3.2364974262180204
22 24 3.2364974262180204
23 24 3.2364974262180204
24 24 3.2364974262180204
25 24 3.6419625343261846
26 24 3.2364974262180204
27 24 4.33510971488613
48 24 3.929644606777966
68 24 4.33510971488613
2 25 1.6960523852708713
3 25 2.0325246218920845
9 25 3.2364974262180204
12 25 3.2364974262180204
22 25 3.6419625343261846
23 25 3.6419625343261846
24 25 3.6419625343261846
25 25 2.948815353766239
26 25 3.6419625343261846
27 25 4.33510971488613
48 25 4.047427642434349
68 25 4.33510971488613
2 26 1.9837344577226523
9 26 2.543350245658075
12 26 3.2364974262180204
22 26 4.33510971488613
23 26 4.33510971488613
24 26 3.929644606777966
25 26 3.6419625343261846
27 26 4.33510971488613
48 26 3.6419625343261846
68 26 4.33510971488613
1 27 1.9372144420877595
2 27 1.9837344577226523
3 27 2.7256718024520294
9 27 3.929644606777966
12 27 3.2364974262180204
27 27 3.2364974262180204
28 27 2.2556681732062938
48 27 4.33510971488613
68 27 4.33510971488613
1 28 3.1158694384294052
2 28 1.1570558845381844
3 28 3.0441255335705644
4 28 2.1015174933790357
9 28 2.6611332813144584
11 28 3.3117208474556077
12 28 1.1570558845381844
13 28 3.554951157336555
28 28 3.009439975582674
40 28 0.7515907764300199
5 29 2.794664673938981
6 29 3.2364974262180204
7 29 1.7324200294417462
8 29 1.5317493339795953
10 29 0.8386021534196499
16 29 3.2364974262180204
17 29 2.1378851375499104
19 29 3.2364974262180204
20 29 2.543350245658075
21 29 3.2364974262180204
29 29 2.1378851375499104
30 29 2.2556681732062938
31 29 1.4447379569899652
5 30 2.5069826014872
6 30 2.781761269103073
7 30 0.05844359587007458
8 30 2.342679550195924
10 30 2.6303616226477047
14 30 3.171958905080449
15 30 2.948815353766239
16 30 2.543350245658075
18 30 2.2556681732062938
29 30 2.543350245658075
30 30 2.1221367805817715
31 30 2.4098188530335523
59 30 2.0480288084280494
5 31 2.302188188841187
6 31 2.0578424298763744
7 31 1.7324200294417462
8 31 2.0913651219150178
10 31 2.784512302474963
14 31 3.45964097753223
15 31 2.543350245658075
16 31 2.292035817377169
17 31 1.4447379569899652
29 31 2.1378851375499104
30 31 2.8618039767766095
31 31 2.1378851375499104
59 31 2.478811724520504
32 32 3.418818983011975
34 32 3.9673849347608128
42 32 2.831032318109856
33 33 3.54665235452186
39 33 4.33510971488613
41 33 4.33510971488613
76 33 2.6975009254853335
33 34 3.1564547185444836
34 34 2.942880618246425
39 34 3.0229233259199613
41 34 2.4633075379845386
42 34 3.4749084496630185
76 34 -1.8133585810315167
32 35 4.047427642434349
34 35 2.329776145360016
35 35 3.554951157336555
43 35 4.33510971488613
36 36 3.54665235452186
37 36 2.37501493083886
37 37 2.52513334713818
45 37 1.2764026421707506
46 37 0.7655770184047598
53 37 2.557336487632815
69 37 2.6373791953063512
70 37 2.7465784872713432
7 38 -1.8133585810315167
38 38 2.7334080723865193
47 38 2.4633075379845386
52 38 2.175625465532758
58 38 1.4824782849728124
59 38 -2.3887227259350787
60 38 1.5878388006306388
61 38 0.789331104412867
62 38 2.7352412534681805
63 38 2.6864510892987483
64 38 2.4839268251872744
65 38 2.581090573640922
66 38 1.2311638566919063
67 38 1.993303908738803
39 39 2.948815353766239
41 39 4.33510971488613
76 39 3.3542804618744038
0 40 1.6270595137839199
1 40 1.0617457047338594
2 40 2.341797326936233
4 40 2.0245564522429076
12 40 1.6678815083041751
28 40 0.4639087039782391
40 40 2.724899899673448
44 40 1.8502030650981298
76 41 3.45964097753223
33 42 3.2364974262180204
34 42 2.8687726460927028
42 42 3.5650014931900564
32 43 4.33510971488613
34 43 3.8803735577711826
42 43 0.05844359587007458
43 43 3.3542804618744038
44 44 3.2283006590138417
49 44 2.5715211226247714
37 45 1.2764026421707506
45 45 3.208326549251324
38 46 1.6748501776202682
46 46 3.2690206179235806
38 47 2.175625465532758
47 47 2.948815353766239
52 47 3.6419625343261846
58 47 3.6419625343261846
60 47 3.2364974262180204
61 47 2.948815353766239
62 47 2.4379897300002487
63 47 3.6419625343261846
64 47 2.948815353766239
65 47 4.33510971488613
66 47 2.543350245658075
67 47 3.6419625343261846
1 48 3.035826730755869
2 48 0.5974400966027616
3 48 3.418818983011975
9 48 3.6419625343261846
11 48 3.3542804618744038
28 48 3.3542804618744038
48 48 2.948815353766239
35 49 3.5906692399386344
43 49 1.7448425494403035
49 49 3.5366020186683587
50 50 3.266944743025614
51 50 2.536429802813501
55 50 1.134867969562822
36 51 3.418818983011975
37 51 -0.8438608940293406
51 51 3.4386216103081546
7 52 2.1378851375499104
8 52 1.9372144420877595
10 52 1.9372144420877595
58 52 4.33510971488613
59 52 2.2556681732062938
60 52 4.33510971488613
61 52 4.33510971488613
66 52 4.33510971488613
67 52 4.33510971488613
46 53 3.54665235452186
50 54 1.4096466371786953
54 54 3.2364974262180204
55 54 3.2364974262180204
57 54 2.948815353766239
71 54 3.0133538749038102
74 54 2.137885137549911
50 55 2.672561977138081
54 55 2.710404330321241
55 55 2.9570458529027546
57 55 2.8535051739619144
71 55 2.342679550195924
74 55 1.8631064699340376
54 56 2.3202066943438653
55 56 1.8318539264299332
56 56 3.1956754316977656
57 56 2.7256718024520294
71 56 2.7256718024520294
72 56 3.681183247479466
73 56 3.4988616906855117
74 56 3.264668303184717
75 56 3.6419625343261846
50 57 1.979414796578136
54 57 3.1494860492283907
55 57 3.035826730755869
57 57 2.6611332813144584
71 57 3.131136910560194
74 57 2.6123431171450266
7 58 2.831032318109856
8 58 1.9372144420877595
10 58 1.9372144420877595
31 58 2.543350245658075
59 58 2.948815353766239
60 58 3.929644606777966
61 58 4.33510971488613
66 58 3.929644606777966
5 59 2.1015174933790357
6 59 0.6070095476189123
7 59 2.30973539447657
8 59 2.719973781337392
10 59 2.878197786552286
14 59 2.4788117245205035
15 59 2.948815353766239
16 59 1.1570558845381844
17 59 1.8502030650981298
18 59 2.6611332813144584
29 59 1.5625209926463486
30 59 2.6185736668956623
31 59 2.715200502584734
59 59 2.681752568517194
7 60 2.9851829979371143
8 60 1.9372144420877595
10 60 1.9372144420877595
17 60 2.831032318109856
31 60 2.1378851375499104
58 60 3.2364974262180204
59 60 2.948815353766239
60 60 3.2364974262180204
61 60 4.152788158092175
66 60 4.083795286605224
7 61 3.2364974262180204
8 61 2.342679550195924
10 61 2.342679550195924
17 61 3.2364974262180204
31 61 2.543350245658075
59 61 3.066598389422623
60 61 2.543350245658075
61 61 2.948815353766239
66 61 3.6419625343261846
38 62 2.3439607803519724
47 62 3.536602018668358
52 62 2.7256718024520294
58 62 2.0325246218920845
60 62 0.9339123332239747
62 62 3.163926733383185
63 62 2.948815353766239
64 62 3.376259368593179
65 62 3.418818983011975
66 62 0.9339123332239747
67 62 2.7256718024520294
38 63 0.38386599630470253
52 63 4.33510971488613
58 63 4.33510971488613
60 63 4.33510971488613
61 63 4.33510971488613
63 63 2.948815353766239
64 63 3.6419625343261846
66 63 4.152788158092175
67 63 4.33510971488613
7 64 1.0392728488818008
10 64 0.1454549728597046
38 64 1.9243110372518515
47 64 3.2364974262180204
52 64 3.6419625343261846
58 64 3.6419625343261846
59 64 1.3801994358523941
60 64 3.6419625343261846
61 64 3.6419625343261846
62 64 2.6386604254623998
64 64 2.543350245658075
66 64 3.6419625343261846
67 64 3.6419625343261846
38 65 1.0770131768646478
52 65 4.33510971488613
58 65 4.33510971488613
60 65 4.33510971488613
61 65 3.6419625343261846
63 65 4.33510971488613
64 65 3.6419625343261846
66 65 3.2364974262180204
67 65 4.33510971488613
7 66 3.118714390561637
8 66 2.2248965145395405
10 66 2.4480400658537502
17 66 2.831032318109856
31 66 2.1378851375499104
58 66 3.2364974262180204
59 66 3.1719589050804493
60 66 2.831032318109856
61 66 3.6419625343261846
66 66 3.2364974262180204
7 67 2.1378851375499104
8 67 1.9372144420877595
10 67 1.9372144420877595
58 67 4.33510971488613
59 67 2.6611332813144584
60 67 4.33510971488613
61 67 4.33510971488613
66 67 4.33510971488613
1 68 2.6303616226477047
2 68 1.9837344577226523
3 68 2.7256718024520294
9 68 3.929644606777966
12 68 3.2364974262180204
28 68 2.948815353766239
48 68 4.33510971488613
46 69 3.4776594830349086
53 69 4.33510971488613
46 70 3.364330797727905
53 70 4.33510971488613
69 70 4.33510971488613
70 70 2.948815353766239
54 71 3.472886204282251
55 71 3.160989873709875
57 71 3.2852875903874525
71 71 3.1956754316977656
74 71 2.72567180245203
54 72 2.607888766795646
55 72 2.19957870655525
56 72 3.313458467354149
57 72 2.948815353766239
71 72 3.1956754316977656
72 72 3.1956754316977656
73 72 3.331807606022345
74 72 3.0823467463907623
75 72 3.131136910560194
54 73 1.955563580755956
55 73 1.7548928852938048
56 73 3.4988616906855112
57 73 2.7664937969722847
71 73 2.879822482279288
72 73 3.706501055463756
73 73 3.3165401338915568
74 73 3.305490297704972
75 73 3.6419625343261846
54 74 3.136413967661038
55 74 2.4762109428204466
56 74 2.859203195076552
57 74 2.794664673938981
71 74 3.264668303184717
72 74 3.177656926195087
73 74 3.082346746390762
74 74 2.7458745097695494
75 74 2.794664673938981
54 75 1.4447379569899652
55 75 1.244067261527814
56 75 3.6419625343261846
57 75 2.2556681732062938
71 75 2.7256718024520294
72 75 3.9784347709473975
73 75 3.6419625343261846
74 75 3.305490297704972
75 75 2.948815353766239
76 76 2.871854312630111
78 76 3.1494860492283903
79 76 1.9555635807559562
80 76 2.9851829979371143
91 76 3.1029660335934977
94 76 3.2364974262180204
103 76 1.5782693496144882
105 76 2.831032318109856
118 76 1.8502030650981298
121 76 2.4563388686684453
123 76 0.656280596625695
76 77 1.8502030650981298
77 77 3.208326549251324
78 77 1.8502030650981298
80 77 1.5988886368172235
91 77 0.7515907764300199
76 78 1.8502030650981298
80 78 3.929644606777966
91 78 4.33510971488613
94 78 4.33510971488613
103 78 3.082346746390762
105 78 4.33510971488613
121 78 4.33510971488613
123 78 2.6303616226477047
77 79 1.9555635807559562
79 79 3.208326549251324
76 80 1.4447379569899652
78 80 3.2364974262180204
80 80 3.2364974262180204
91 80 3.6419625343261846
94 80 3.2364974262180204
103 80 3.7754939269507073
105 80 4.33510971488613
118 80 3.929644606777966
119 80 1.9837344577226523
121 80 4.152788158092175
123 80 2.4480400658537502
81 81 2.948815353766239
82 81 2.794664673938981
83 81 1.4447379569899652
84 81 2.6864510892987483
85 81 2.6303616226477047
86 81 3.4878118544989265
99 81 3.824284091120139
81 82 2.3891995658308165
82 82 2.458192437317768
83 82 2.6343220238638017
84 82 2.6864510892987483
85 82 2.517032937340702
86 82 2.841184689573874
97 82 2.6123431171450266
99 82 2.72567180245203
125 82 2.794664673938981
126 82 2.206878009036862
127 82 2.794664673938981
138 82 0.08661447283677108
141 82 0.5974400966027618
144 82 0.08661447283677108
146 82 2.794664673938981
81 83 3.45964097753223
82 83 2.5668807430682694
83 83 3.1082430906943417
84 83 2.376296160994909
85 83 2.4480400658537502
86 83 2.332041151990868
97 83 3.3906481060452784
99 83 2.607888766795646
125 83 1.4447379569899652
126 83 0.3461256683218556
127 83 1.4447379569899652
146 83 1.4447379569899652
81 84 2.4633075379845386
82 84 2.657463552425496
83 84 2.543350245658075
84 84 2.424086824831257
85 84 2.773462466288378
86 84 2.915292661727596
97 84 2.6864510892987483
99 84 2.5586177177888634
125 84 2.4633075379845386
126 84 2.4633075379845386
127 84 2.8687726460927028
138 84 0.16072244499049287
141 84 0.26608296064831927
146 84 2.4633075379845386
81 85 2.6303616226477047
82 85 2.853505173961915
83 85 2.480829888676741
84 85 2.7044695948014263
85 85 2.4837581484558293
86 85 2.824517637088662
97 85 2.6303616226477047
99 85 2.5250011069898783
125 85 1.9372144420877595
126 85 1.9372144420877595
127 85 2.4480400658537502
138 85 0.32777652965365905
141 85 0.8386021534196499
146 85 2.6303616226477047
82 86 2.6405139941117226
83 86 0.8851221690545428
84 86 2.5968389306090613
85 86 2.824517637088662
86 86 2.841184689573874
99 86 3.082346746390762
125 86 3.4878118544989265
126 86 3.082346746390762
127 86 3.593172370156753
138 86 0.08661447283677108
141 86 0.8851221690545428
146 86 3.6419625343261846
87 87 2.948815353766239
88 87 3.6419625343261846
93 87 3.45964097753223
107 87 4.047427642434349
117 87 3.32350880320765
87 88 3.6419625343261846
88 88 2.948815353766239
90 88 2.543350245658075
93 88 3.45964097753223
107 88 4.047427642434349
117 88 3.1899774105831273
92 89 4.33510971488613
93 89 2.543350245658075
102 89 4.33510971488613
103 89 2.3891995658308165
106 89 4.33510971488613
123 89 3.035826730755869
124 89 3.6419625343261846
87 90 4.33510971488613
88 90 4.152788158092175
90 90 3.45964097753223
93 90 4.009687314451502
104 90 3.6419625343261846
107 90 3.7220052419997214
117 90 1.8502030650981298
76 91 1.1570558845381844
80 91 3.6419625343261846
91 91 2.948815353766239
94 91 3.6419625343261846
103 91 3.7754939269507073
105 91 4.33510971488613
118 91 4.33510971488613
119 91 1.6960523852708713
121 91 4.33510971488613
123 91 2.6303616226477047
87 92 2.0325246218920845
88 92 2.7256718024520294
90 92 3.8242840911201395
92 92 3.418818983011975
93 92 3.2364974262180204
102 92 3.6419625343261846
103 92 0.7797616533967164
104 92 4.11196616357192
106 92 3.6419625343261846
107 92 2.7256718024520294
123 92 2.9668338592689176
124 92 2.0325246218920845
87 93 3.796113214153443
88 93 3.6419625343261846
90 93 2.948815353766239
93 93 3.3906481060452784
104 93 3.2364974262180204
107 93 3.929644606777966
117 93 3.007655853789173
120 93 1.4447379569899652
80 94 3.929644606777966
91 94 3.6419625343261846
103 94 4.180959035058872
105 94 4.33510971488613
118 94 4.33510971488613
121 94 4.33510971488613
123 94 2.6303616226477047
82 95 2.794664673938981
83 95 3.2364974262180204
84 95 2.8687726460927028
85 95 2.6303616226477047
98 95 4.33510971488613
82 96 2.794664673938981
83 96 3.0541758694240655
84 96 2.8687726460927028
85 96 2.6303616226477047
95 96 4.33510971488613
98 96 4.33510971488613
81 97 3.6419625343261846
82 97 2.6123431171450266
83 97 3.0541758694240655
84 97 2.175625465532758
85 97 2.6303616226477047
86 97 2.3891995658308165
97 97 2.948815353766239
99 97 3.131136910560194
82 98 2.794664673938981
83 98 3.2364974262180204
84 98 2.8687726460927028
85 98 2.6303616226477047
97 98 3.6419625343261846
82 99 2.72567180245203
83 99 0.9339123332239747
84 99 2.7256718024520294
85 99 3.2722155088200995
86 99 2.859203195076552
99 99 2.9079933592459843
125 99 2.7256718024520294
126 99 2.7256718024520294
127 99 2.7256718024520294
138 99 0.42308670945798416
141 99 1.2215944056757555
146 99 2.7256718024520294
82 100 2.543350245658075
83 100 2.292035817377169
84 100 2.6174582178117967
85 100 2.2248965145395405
95 100 4.33510971488613
96 100 4.33510971488613
98 100 4.33510971488613
100 100 3.2364974262180204
101 100 3.929644606777966
110 100 2.543350245658075
112 100 3.2364974262180204
113 100 3.2364974262180204
82 101 2.3891995658308165
83 101 2.831032318109856
84 101 2.8687726460927028
85 101 2.6303616226477047
95 101 4.33510971488613
96 101 4.33510971488613
98 101 4.33510971488613
100 101 3.2364974262180204
88 102 2.948815353766239
90 102 3.929644606777966
92 102 3.6419625343261846
93 102 2.948815353766239
102 102 2.948815353766239
103 102 1.6960523852708713
104 102 3.6419625343261846
106 102 3.6419625343261846
107 102 2.2556681732062938
123 102 3.035826730755869
124 102 2.948815353766239
90 103 1.6960523852708713
92 103 2.166056014516607
93 103 1.2905872771627072
102 103 1.6960523852708713
103 103 3.1513396178777136
106 103 1.6960523852708713
117 103 2.6654529424589746
118 103 3.082346746390762
119 103 3.1174380662020322
121 103 1.6960523852708713
122 103 2.1015174933790357
123 103 2.6303616226477047
124 103 1.6960523852708713
87 104 4.33510971488613
88 104 4.33510971488613
90 104 3.6419625343261846
93 104 3.929644606777966
107 104 4.047427642434349
117 104 1.244067261527814
103 105 4.180959035058872
117 105 1.244067261527814
118 105 4.33510971488613
119 105 2.794664673938981
121 105 4.33510971488613
123 105 2.6303616226477047
88 106 2.948815353766239
90 106 3.929644606777966
92 106 3.6419625343261846
93 106 2.948815353766239
102 106 3.6419625343261846
103 106 1.6960523852708713
104 106 3.6419625343261846
106 106 2.948815353766239
107 106 2.2556681732062938
123 106 3.035826730755869
124 106 2.948815353766239
87 107 2.948815353766239
88 107 2.948815353766239
90 107 2.2556681732062938
93 107 2.543350245658075
104 107 2.948815353766239
107 107 3.3542804618744038
117 107 3.495359060134309
119 107 0.30975802415098075
120 107 2.948815353766239
96 108 4.33510971488613
100 108 4.33510971488613
101 108 4.33510971488613
109 108 4.33510971488613
110 108 4.33510971488613
111 108 4.33510971488613
112 108 4.33510971488613
113 108 4.33510971488613
84 109 1.7701603574245932
95 109 4.33510971488613
96 109 4.33510971488613
98 109 4.33510971488613
100 109 4.33510971488613
101 109 4.33510971488613
110 109 4.047427642434349
112 109 4.33510971488613
113 109 4.33510971488613
82 110 1.4083703128190905
83 110 1.8502030650981298
84 110 2.329776145360016
85 110 1.244067261527814
95 110 4.33510971488613
96 110 4.33510971488613
98 110 4.047427642434349
100 110 4.152788158092175
101 110 4.33510971488613
109 110 2.948815353766239
110 110 3.3542804618744038
111 110 2.948815353766239
112 110 3.6419625343261846
113 110 3.8651060856403943
95 111 4.33510971488613
96 111 4.33510971488613
98 111 4.33510971488613
100 111 4.33510971488613
101 111 4.33510971488613
109 111 4.33510971488613
110 111 4.047427642434349
112 111 4.33510971488613
113 111 4.33510971488613
82 112 1.6960523852708713
83 112 1.8502030650981298
84 112 2.6864510892987483
85 112 1.244067261527814
95 112 4.33510971488613
96 112 4.33510971488613
98 112 4.33510971488613
100 112 3.929644606777966
101 112 4.33510971488613
110 112 3.6419625343261846
112 112 2.948815353766239
113 112 3.6419625343261846
82 113 1.6960523852708713
83 113 1.8502030650981298
84 113 2.6864510892987483
85 113 1.9372144420877595
95 113 4.33510971488613
96 113 4.33510971488613
98 113 4.33510971488613
100 113 3.929644606777966
101 113 4.33510971488613
110 113 3.3542804618744038
112 113 3.6419625343261846
113 113 2.948815353766239
115 114 3.929644606777966
116 114 4.33510971488613
119 114 3.305490297704972
120 114 3.929644606777966
123 114 1.9372144420877595
108 115 3.929644606777966
109 115 3.2364974262180204
110 115 2.543350245658075
111 115 3.2364974262180204
114 115 3.2364974262180204
115 115 3.2364974262180204
116 115 4.192008871245457
119 115 3.2364974262180204
120 115 3.929644606777966
123 115 1.5317493339795953
100 116 3.0133538749038107
108 116 4.33510971488613
109 116 4.11196616357192
110 116 3.536602018668358
111 116 4.11196616357192
112 116 3.418818983011975
113 116 3.131136910560194
115 116 2.3202066943438653
116 116 3.418818983011975
119 116 2.794664673938981
120 116 3.929644606777966
123 116 1.9372144420877595
89 117 3.035826730755869
92 117 2.1995787065552506
102 117 2.160357993401969
103 117 0.3967694011406107
106 117 2.342679550195924
114 117 3.4412918388640334
115 117 3.2809491887888544
116 117 2.342679550195924
117 117 2.8625550094818326
119 117 2.6480611997471057
120 117 2.543350245658075
122 117 3.32350880320765
123 117 2.213467818715918
124 117 2.8535051739619144
103 118 3.7754939269507073
117 118 2.8535051739619144
119 118 3.305490297704972
123 118 1.9372144420877595
89 119 1.6960523852708713
92 119 1.4729088339566616
100 119 1.9837344577226523
101 119 1.6960523852708713
102 119 1.6960523852708713
103 119 -0.24985776378444186
106 119 1.6960523852708713
108 119 3.3054902977049716
109 119 3.082346746390762
110 119 2.8747073816125175
111 119 3.3054902977049716
112 119 2.6123431171450266
113 119 2.6123431171450266
114 119 2.794664673938981
115 119 2.794664673938981
116 119 3.264668303184717
117 119 2.131370456528717
119 119 2.6679129682998375
120 119 2.995335369401132
122 119 2.794664673938981
123 119 2.517032937340702
124 119 2.1015174933790357
100 120 3.524179498669801
108 120 3.929644606777966
109 120 3.929644606777966
110 120 3.796113214153443
111 120 3.929644606777966
112 120 3.929644606777966
113 120 3.929644606777966
114 120 3.2364974262180204
115 120 3.2364974262180204
116 120 2.7256718024520294
117 120 0.8386021534196499
119 120 2.543350245658075
120 120 2.1378851375499104
122 120 1.8502030650981298
123 120 1.5317493339795953
103 121 4.093947658069242
117 121 2.160357993401969
118 121 4.33510971488613
119 121 2.9488153537662396
121 121 2.948815353766239
123 121 2.6303616226477047
89 122 4.047427642434349
92 122 3.6419625343261846
102 122 3.6419625343261846
103 122 1.6960523852708713
106 122 3.6419625343261846
114 122 2.948815353766239
115 122 2.948815353766239
116 122 2.948815353766239
117 122 1.6495323696359785
119 122 2.3891995658308165
122 122 2.6611332813144584
123 122 2.496830230023182
124 122 3.6419625343261846
87 123 2.342679550195924
88 123 2.342679550195924
89 123 3.32350880320765
90 123 3.035826730755869
92 123 2.7256718024520294
93 123 2.543350245658075
100 123 1.5317493339795953
101 123 1.9372144420877595
102 123 2.8535051739619144
103 123 2.6303616226477047
104 123 3.035826730755869
106 123 2.8535051739619144
107 123 1.6495323696359785
108 123 1.9372144420877595
109 123 1.9372144420877595
110 123 1.9372144420877595
111 123 1.9372144420877595
112 123 1.9372144420877595
113 123 1.9372144420877595
117 123 1.8419042622834345
118 123 2.6303616226477047
119 123 2.006207313574711
121 123 1.9372144420877595
122 123 2.6303616226477047
123 123 2.3725325133456048
124 123 3.1899774105831273
89 124 3.6419625343261846
90 124 2.948815353766239
92 124 4.11196616357192
93 124 2.543350245658075
102 124 4.047427642434349
103 124 1.6960523852708713
106 124 3.6419625343261846
107 124 2.2556681732062938
117 124 1.244067261527814
119 124 1.0029052047109261
122 124 2.2556681732062938
123 124 2.6303616226477047
124 124 2.948815353766239
126 125 4.33510971488613
127 125 3.2364974262180204
138 125 2.7256718024520294
141 125 3.929644606777966
143 125 4.33510971488613
144 125 3.418818983011975
126 126 3.2364974262180204
138 126 3.6419625343261846
141 126 3.929644606777966
143 126 4.33510971488613
144 126 3.418818983011975
125 127 3.929644606777966
126 127 4.33510971488613
127 127 3.2364974262180204
138 127 2.879822482279288
141 127 3.6042222063433376
143 127 4.33510971488613
144 127 3.0133538749038107
146 127 3.929644606777966
128 128 3.785063377966858
131 128 2.545822434803464
133 128 4.64526464318997
134 128 3.9252100097100997
135 128 3.017808225253191
128 129 5.171357739086749
129 129 5.65686555486845
130 129 5.539082519212066
131 129 1.958035769901345
133 129 4.64526464318997
134 129 3.0089192778359446
135 129 3.017808225253191
128 130 5.171357739086749
130 130 4.152788158092175
131 130 2.294508006522558
133 130 4.64526464318997
134 130 3.70206645839589
135 130 3.017808225253191
56 131 0.8161292975675911
72 131 0.12298211700764582
73 131 -0.752486620346254
74 131 -0.9066373001735123
131 131 2.98235013485281
132 131 3.225324125619895
134 131 2.630853143915895
135 131 2.9408471841170623
136 131 2.338555833012062
137 131 2.338555833012062
56 132 1.1162338900179294
72 132 0.42308670945798416
73 132 0.9339123332239747
74 132 0.08661447283677108
131 132 2.882294671424677
132 132 2.9488153537662396
134 132 2.498093654069954
135 132 3.1131184050575156
136 132 3.0133538749038107
137 132 2.7256718024520294
131 133 3.0341752027173965
132 133 1.62705951378392
133 133 3.54665235452186
134 133 3.70206645839589
135 133 3.017808225253191
56 134 1.339377441332139
72 134 0.6462302607721937
74 134 0.30975802415098075
131 134 3.0053547641819045
132 134 2.8434548381084133
133 134 2.5658231015101336
134 134 2.634225828394534
135 134 2.442444080349629
136 134 2.948815353766239
137 134 2.948815353766239
56 135 0.6462302607721937
72 135 1.339377441332139
131 135 2.833504507255245
132 135 2.7256718024520294
133 135 2.5658231015101336
134 135 2.9443807566983735
135 135 2.442444080349629
136 135 3.297122048034455
137 135 3.3542804618744038
56 136 3.6419625343261846
72 136 3.131136910560194
73 136 3.842633229788336
74 136 3.0823467463907623
75 136 3.796113214153443
136 136 3.45964097753223
137 136 3.747323049984011
56 137 3.706501055463756
72 137 3.2364974262180204
73 137 3.747323049984011
74 137 3.0823467463907623
75 137 4.152788158092175
136 137 3.524179498669801
137 137 3.2364974262180204
138 138 3.418818983011975
139 138 3.4188189830119753
140 138 3.8242840911201395
141 138 3.202595874542339
142 138 4.11196616357192
143 138 2.7256718024520294
144 138 3.5585809253871337
145 138 3.0441255335705644
147 138 3.131136910560194
139 139 4.357582570738189
140 139 4.357582570738189
141 139 1.0617457047338594
142 139 3.258970282070079
144 139 2.748144658304088
145 139 4.357582570738189
147 139 4.357582570738189
139 140 4.180959035058872
144 140 3.131136910560194
145 140 4.740574822994295
147 140 4.740574822994295
138 141 3.713936033951274
139 141 2.9074601680843255
140 141 3.2439324047055385
141 141 3.2061920767226915
142 141 3.5316144771573192
143 141 3.2439324047055385
144 141 3.5316144771573192
145 141 3.2439324047055385
147 141 3.2439324047055385
139 142 4.324059878699545
140 142 4.478210558526803
144 142 2.868772646092703
145 142 4.478210558526803
147 142 4.478210558526803
138 143 3.9784347709473975
141 143 3.747323049984011
144 143 3.824284091120139
138 144 3.4509072975634756
139 144 3.261038535134138
140 144 3.5022005919510257
141 144 3.3198790351570713
142 144 3.5022005919510257
143 144 2.8090534113910803
144 144 3.2790570406368165
145 144 3.5022005919510257
147 144 3.9076657000591903
139 145 4.734344273243658
145 145 4.3131308081673545
147 145 3.9076657000591903
125 146 4.33510971488613
126 146 4.33510971488613
127 146 3.2364974262180204
138 146 2.7256718024520294
141 146 3.747323049984011
143 146 4.33510971488613
144 146 3.131136910560194
146 146 2.948815353766239
139 147 4.537633978997604
145 147 4.809567694481246
