0 0 0.10793054090799038
4 0 0.12548885312136907
5 0 -0.2799762549867952
6 0 -3.0060449615916838
0 1 0.12548885312136907
0 2 -0.2799762549867952
1 2 3.771017866361692
0 3 -0.27997625498679546
1 3 3.771017866361692
5 4 3.771017866361692
6 4 2.4312435208766936
6 5 2.836708628984858
0 6 -3.1013551413960085
1 6 2.335933341072369
2 6 2.693607785344185
6 6 2.382453356707262
9 6 2.836708628984858
10 6 2.4312435208766936
11 6 0.6394840516486388
2 7 3.643184494851807
6 7 2.526553700681019
0 8 -2.7648829047747956
1 8 1.9792583971336366
3 8 4.377153669932007
6 8 2.248921964082739
7 8 4.377153669932007
10 9 4.377153669932007
11 9 3.971688561823843
8 10 2.585394200703952
11 10 4.319995256092058
1 11 0.8806461084655268
3 11 3.971688561823843
6 11 0.4571624948546841
7 11 3.971688561823843
8 11 4.319995256092058
11 11 3.3326086025341732
