0 0 0.567971972138714
3 0 0.6138515778894076
4 0 0.2083864697812432
5 0 -2.61299241662797
0 1 0.6138515778894076
0 2 0.2083864697812432
1 2 3.312973148247316
4 3 3.312973148247316
5 3 1.8778886229579936
5 4 2.283353731066158
5 5 1.359094829542826
6 5 -0.7611687066572651
7 5 1.4724235148498293
8 5 -0.20155291872184225
9 5 1.8512203758758323
11 5 1.4425705517001481
12 5 -0.846690880095427
5 6 1.6367265661411055
6 6 -0.35570359854910066
7 6 1.1847414423980485
8 6 -0.20155291872184225
9 6 1.4183562935795535
11 6 1.0595782994440424
12 6 -0.4412257719872625
5 7 0.7792763342898839
6 7 2.283353731066158
9 7 1.572506973406812
11 7 1.683732608517036
5 8 1.3388921222253065
6 8 2.196342354076528
7 8 1.3388921222253065
9 8 0.8793597928468666
10 8 2.4375044108934163
11 8 0.9905854279570908
12 8 -1.673369453279895
5 9 -1.759697536768392
6 9 1.1306742211277725
7 9 1.9779720815149762
8 9 0.8793597928468666
9 9 -0.273319717091519
10 9 1.9779720815149762
11 9 1.9173474596985414
12 9 1.0451520476896106
11 10 2.0891977166252005
12 10 1.5046843770680507
5 11 -0.549859612990058
6 11 0.5487526756780516
8 11 1.2137289792713006
10 11 2.0891977166252005
11 11 -0.7440156274310155
12 11 1.6159100121782752
0 12 -2.986196662517913
1 12 1.5046843770680507
2 12 1.9101494851762153
5 12 -1.5398380606553723
6 12 0.9450685891326281
8 12 1.4621247626492546
9 12 -0.7466074215384444
12 12 1.3641024264468613
