0 0 0.11353259116094883
7 0 -0.03484685711183036
8 0 -0.35824701216569055
9 0 -2.7253706262973076
12 0 -0.2712356351760609
14 0 -2.669130907974431
0 1 -0.10418155051289454
1 1 1.3731225935633211
3 1 3.771017866361692
4 1 1.6915763246818556
7 1 2.1615799539275913
8 1 1.2861112165736912
0 2 0.1342294729321037
0 3 -0.2712356351760609
1 3 3.771017866361692
0 4 -0.40476702780058343
1 4 3.771017866361692
3 4 4.089471597480226
7 4 1.3814213963780162
0 5 -0.9643828157360063
1 5 3.771017866361692
7 5 2.767715757497907
8 5 2.9908593088121163
0 6 -0.2712356351760609
2 6 4.782618778040171
0 7 -3.672433016838216
1 7 1.756114845819427
3 7 3.460862938057852
4 7 1.3814213963780162
8 7 3.460862938057852
9 7 2.393022308056496
12 7 3.460862938057852
14 7 1.756114845819427
15 7 0.9351342937495968
0 8 -3.4492894655240063
1 8 1.2861112165736912
4 8 1.6045649476922257
9 8 3.0216309674788704
0 9 -3.331506429867623
1 9 2.09704143279002
4 9 2.7638018581767705
9 9 2.485875960670354
11 9 0.06411990674507703
13 9 3.1086423444685
14 9 2.5025065408981844
15 9 0.8705957726120255
1 10 2.1615799539275913
4 10 3.173180865606071
7 10 1.8514250256237519
9 10 2.7984874161646602
0 11 -2.9102929647913194
1 11 2.923720005974488
4 11 2.143561448424913
5 11 4.2230029901047486
7 11 1.514952789002539
9 11 2.143561448424913
10 11 4.2230029901047486
14 12 3.771017866361692
15 12 3.643184494851807
6 13 3.2785413812638975
10 13 2.3622506493897424
11 13 2.0257784127685294
14 13 3.771017866361692
15 13 3.3918700665709007
2 14 3.0778706858017464
6 14 3.0778706858017464
9 14 -0.38786521699798027
10 14 2.1615799539275913
11 14 2.5182548978663237
15 14 3.771017866361692
0 15 -2.796964279484316
1 15 1.2452892220534364
2 15 3.3555024224000256
4 15 0.8705957726120255
5 15 3.643184494851807
6 15 3.643184494851807
9 15 -0.11023348039970075
10 15 3.420040943537597
11 15 3.837340509292764
15 15 2.8222039427819765
