0 0 0.24954954915064062
5 0 0.30729054384015725
6 0 -0.09817456426800723
7 0 -2.2953991416042268
10 0 -0.7913217448279526
12 0 -0.7913217448279526
14 0 -3.6245350888841683
0 1 0.18950750818377363
10 1 3.1306515914533617
12 1 3.1306515914533617
0 2 0.30729054384015725
0 3 -0.18518594125763702
1 3 3.1306515914533617
10 3 3.1306515914533617
0 4 -0.09817456426800712
2 4 3.823798772013307
3 5 1.0512100497735257
6 5 2.8429695190015805
7 5 1.9675007816476808
1 6 1.0512100497735257
3 6 1.0512100497735257
7 6 2.3504930339037866
0 7 -2.5830812140560075
1 7 1.7443572303334711
3 7 2.0320393027852517
7 7 1.6265741946770875
9 7 -0.047402238894584024
11 7 2.319721375237033
13 7 1.9450279257956222
14 7 0.11511669060319087
1 8 2.4375044108934163
3 8 2.4375044108934163
7 8 1.7443572303334711
11 8 1.7443572303334711
13 8 1.7443572303334711
3 9 2.4375044108934163
7 9 1.5620356735395164
8 9 3.536116699561526
11 9 1.7443572303334711
12 10 4.922411060681417
14 10 2.782344897185146
8 11 1.7443572303334711
9 11 1.7443572303334711
13 11 3.1306515914533617
14 11 2.600023340391191
9 12 3.536116699561526
14 12 2.782344897185146
7 13 -0.4528673470027484
8 13 1.7443572303334711
9 13 1.7443572303334711
14 13 3.005488448499356
0 14 -2.5259228002160588
2 14 2.782344897185146
4 14 3.1878100052933105
7 14 -0.39570893316279976
8 14 2.494662824733365
9 14 2.782344897185146
14 14 2.028573094808766
