2 0 6.168913139160062
60 0 6.168913139160062
63 0 5.475765958600117
10 1 6.168913139160062
124 1 6.168913139160062
129 1 6.168913139160062
60 2 6.168913139160062
63 2 6.168913139160062
1 3 6.168913139160062
3 3 4.782618778040171
10 3 6.168913139160062
129 3 5.475765958600117
1 4 6.168913139160062
3 4 6.168913139160062
59 5 6.168913139160062
66 5 6.168913139160062
67 5 6.168913139160062
6 6 4.782618778040171
68 6 6.168913139160062
69 6 4.782618778040171
0 7 6.168913139160062
2 7 6.168913139160062
60 7 6.168913139160062
0 8 6.168913139160062
2 8 6.168913139160062
7 8 6.168913139160062
6 9 6.168913139160062
68 9 5.475765958600117
122 10 6.168913139160062
124 10 6.168913139160062
129 10 6.168913139160062
98 11 6.168913139160062
11 12 6.168913139160062
98 12 5.763448031051897
5 13 6.168913139160062
13 13 4.782618778040171
66 13 6.168913139160062
67 13 5.475765958600117
8 14 6.168913139160062
15 14 6.168913139160062
0 15 5.475765958600117
7 15 6.168913139160062
8 15 6.168913139160062
15 15 4.782618778040171
11 16 6.168913139160062
12 16 6.168913139160062
16 16 4.782618778040171
98 16 4.377153669932007
12 17 5.070300850491952
16 17 5.986591582366107
17 17 5.070300850491952
5 18 6.168913139160062
13 18 6.168913139160062
17 19 5.986591582366107
19 19 4.782618778040171
17 20 5.070300850491952
19 20 6.168913139160062
19 21 3.866328046166016
20 21 5.252622407285907
21 21 5.147261891628081
22 21 5.6580875153940715
19 22 6.168913139160062
20 22 6.168913139160062
23 23 5.070300850491952
27 23 6.168913139160062
33 23 4.377153669932007
38 23 5.763448031051897
33 24 5.475765958600117
39 24 3.7265661037908577
29 25 4.5594752267259615
35 25 -0.29878558694429136
32 26 5.475765958600117
37 26 0.3667947637829992
33 27 5.475765958600117
37 27 0.3667947637829992
38 27 6.168913139160062
28 28 3.971688561823843
35 28 0.5485122734429122
29 29 4.508181932338411
35 29 -1.9082234993783918
37 29 -0.8371780405429368
75 29 4.5594752267259615
6 30 4.377153669932007
9 30 5.070300850491952
13 30 5.475765958600117
18 30 5.763448031051897
30 30 3.971688561823843
31 30 5.070300850491952
6 31 6.168913139160062
9 31 6.168913139160062
32 32 3.396324416920281
35 32 -1.685079948064182
36 32 0.65548439299508
37 32 0.589938315097209
55 32 4.782618778040171
56 32 4.377153669932007
35 33 -0.29878558694429136
37 33 0.3667947637829992
39 33 3.0334189232309123
34 34 5.147261891628081
76 34 3.866328046166016
84 34 5.252622407285907
88 34 4.964940334834126
21 35 -0.11956480782858506
29 35 -0.8127119883885303
35 35 0.6787487701705822
36 35 -1.0112940660542653
37 35 -1.1840238141714778
39 35 -1.827942668117589
45 35 0.6144043672516152
49 35 -0.3018863646225398
9 36 1.3648920944268057
14 36 2.4635043830949153
15 36 1.77035720253497
18 36 1.3648920944268057
30 36 2.345721347438532
31 36 2.058039274986751
35 36 -1.7355108016910739
36 36 2.2006023396416214
37 36 -3.050931919830367
39 36 1.062611222553872
46 36 1.77035720253497
32 37 0.07911269133121823
35 37 -1.08362412550643
36 37 -3.0671924407021467
37 37 1.2666367544084767
39 37 -0.9769399829180955
43 37 1.0599419443429445
44 37 1.2830854956571542
55 37 1.0599419443429445
56 37 -0.7318175248851105
73 37 -0.3263524167769461
33 38 5.475765958600117
35 38 -0.29878558694429136
37 38 0.3667947637829992
35 39 -2.0479854417535504
36 39 1.1575763367923162
37 39 -1.3824050910262597
39 39 3.481443645757873
40 39 3.0334189232309123
40 40 5.070300850491952
41 40 5.475765958600117
42 40 4.782618778040171
42 41 6.168913139160062
47 41 6.168913139160062
42 42 4.782618778040171
47 42 6.168913139160062
48 42 5.475765958600117
34 43 5.252622407285907
43 43 5.070300850491952
44 44 4.782618778040171
73 44 6.168913139160062
74 44 4.782618778040171
45 45 4.782618778040171
49 45 6.168913139160062
101 45 6.168913139160062
104 45 5.475765958600117
46 46 4.49493670558839
50 46 5.188083886148336
58 46 5.005762329354381
112 46 4.089471597480226
113 46 4.49493670558839
48 47 6.168913139160062
48 48 5.070300850491952
92 48 5.986591582366107
97 48 4.377153669932007
101 49 6.168913139160062
102 49 6.168913139160062
104 49 6.168913139160062
110 50 5.070300850491952
113 50 6.168913139160062
37 51 1.465407052451109
32 52 4.782618778040171
53 52 6.168913139160062
54 52 6.168913139160062
32 53 4.782618778040171
37 53 0.3667947637829992
54 53 6.168913139160062
32 54 4.782618778040171
37 54 1.0599419443429445
56 55 6.168913139160062
56 56 5.070300850491952
105 56 6.168913139160062
127 56 5.070300850491952
130 56 5.763448031051897
23 57 5.763448031051897
89 57 6.168913139160062
58 58 4.782618778040171
109 58 4.628468098212913
112 58 6.168913139160062
139 59 6.168913139160062
140 59 6.168913139160062
62 60 6.168913139160062
63 60 6.168913139160062
3 61 6.168913139160062
4 61 6.168913139160062
3 62 5.475765958600117
4 62 6.168913139160062
61 62 6.168913139160062
4 63 5.475765958600117
61 63 6.168913139160062
62 63 6.168913139160062
63 63 4.782618778040171
24 64 6.168913139160062
65 64 6.168913139160062
72 64 6.168913139160062
24 65 6.168913139160062
33 65 5.475765958600117
72 65 6.168913139160062
59 66 6.168913139160062
67 66 6.168913139160062
140 66 6.168913139160062
59 67 6.168913139160062
139 67 5.475765958600117
140 67 6.168913139160062
68 68 4.782618778040171
69 68 6.168913139160062
87 68 3.866328046166016
69 69 4.782618778040171
87 69 5.475765958600117
37 70 0.3667947637829992
51 70 6.168913139160062
71 70 6.168913139160062
37 71 1.0599419443429445
51 71 6.168913139160062
24 72 6.168913139160062
33 72 5.475765958600117
39 72 3.0334189232309123
73 73 4.782618778040171
74 73 6.168913139160062
145 73 4.782618778040171
74 74 4.782618778040171
145 74 6.168913139160062
146 74 5.475765958600117
75 75 5.070300850491952
77 75 5.070300850491952
78 75 6.168913139160062
76 76 4.782618778040171
147 76 5.475765958600117
148 76 5.070300850491952
157 76 4.377153669932007
77 77 5.070300850491952
79 77 5.986591582366107
81 77 5.070300850491952
77 78 6.168913139160062
25 79 6.168913139160062
29 79 3.173180865606071
79 79 4.782618778040171
81 79 6.168913139160062
80 80 5.188083886148336
86 80 4.628468098212913
25 81 6.168913139160062
29 81 4.5594752267259615
80 82 5.188083886148336
87 82 3.866328046166016
93 82 4.2230029901047486
26 83 6.168913139160062
32 83 5.475765958600117
76 84 6.168913139160062
148 84 5.070300850491952
35 85 -0.29878558694429136
37 85 0.3667947637829992
88 85 5.475765958600117
28 86 4.916150170664694
35 86 -0.8584013748797141
86 86 3.8865307534835356
82 87 4.964940334834126
87 87 5.029478855971697
93 87 3.999859438790539
35 88 -0.29878558694429136
37 88 -0.3263524167769461
76 88 5.475765958600117
84 88 5.475765958600117
23 89 6.168913139160062
80 90 5.475765958600117
82 90 5.475765958600117
26 91 6.168913139160062
32 91 4.782618778040171
83 91 6.168913139160062
92 92 4.782618778040171
95 92 5.475765958600117
97 92 6.168913139160062
86 93 3.375705129717545
93 93 4.985143042151646
94 93 3.9353209176529678
28 94 3.6840064893720617
86 94 4.782618778040171
94 94 4.49493670558839
96 95 6.168913139160062
154 95 6.168913139160062
155 95 6.168913139160062
153 96 6.168913139160062
154 96 6.168913139160062
155 96 6.168913139160062
95 97 6.168913139160062
96 97 6.168913139160062
97 97 4.782618778040171
155 97 5.475765958600117
98 98 5.070300850491952
99 98 5.763448031051897
100 98 6.168913139160062
116 98 4.377153669932007
116 99 6.168913139160062
119 99 6.168913139160062
99 100 6.168913139160062
116 100 6.168913139160062
102 101 6.168913139160062
103 101 6.168913139160062
104 101 6.168913139160062
103 102 6.168913139160062
111 102 5.475765958600117
111 103 5.881231066708281
102 104 6.168913139160062
103 104 6.168913139160062
111 104 4.782618778040171
127 105 6.168913139160062
128 105 6.168913139160062
130 105 6.168913139160062
26 106 5.475765958600117
80 106 4.089471597480226
82 106 4.782618778040171
83 106 5.475765958600117
90 106 5.475765958600117
91 106 5.475765958600117
23 107 3.6840064893720617
57 107 5.881231066708281
89 107 5.475765958600117
90 107 4.782618778040171
106 107 4.089471597480226
107 107 4.49493670558839
108 107 3.6840064893720617
82 108 4.377153669932007
83 108 5.070300850491952
90 108 5.070300850491952
91 108 5.763448031051897
106 108 5.475765958600117
108 108 3.971688561823843
107 109 4.916150170664694
108 109 3.124390701436639
109 109 4.474317418385655
110 109 4.2230029901047486
106 110 5.070300850491952
107 110 3.6840064893720617
108 110 5.070300850491952
109 110 4.2230029901047486
108 111 4.782618778040171
110 111 4.782618778040171
111 111 5.188083886148336
109 112 5.321615278772859
109 113 4.628468098212913
110 113 5.070300850491952
113 113 4.782618778040171
114 114 5.070300850491952
115 114 6.168913139160062
117 114 5.070300850491952
118 114 5.763448031051897
117 115 6.168913139160062
118 115 6.168913139160062
123 115 6.168913139160062
116 116 4.782618778040171
119 116 6.168913139160062
120 116 5.881231066708281
123 117 6.168913139160062
134 117 6.168913139160062
136 117 5.475765958600117
117 118 6.168913139160062
123 118 6.168913139160062
134 118 6.168913139160062
120 119 6.168913139160062
133 119 6.168913139160062
37 120 -0.3263524167769461
120 120 4.782618778040171
133 120 6.168913139160062
135 120 6.168913139160062
114 121 6.168913139160062
114 122 5.763448031051897
121 122 6.168913139160062
134 123 6.168913139160062
136 123 6.168913139160062
114 124 5.070300850491952
121 124 6.168913139160062
122 124 6.168913139160062
52 125 6.168913139160062
53 125 6.168913139160062
54 125 6.168913139160062
52 126 6.168913139160062
53 126 6.168913139160062
125 126 6.168913139160062
128 127 6.168913139160062
131 127 6.168913139160062
156 127 4.782618778040171
131 128 6.168913139160062
156 128 5.475765958600117
121 129 6.168913139160062
122 129 6.168913139160062
124 129 6.168913139160062
127 130 6.168913139160062
128 130 6.168913139160062
131 130 6.168913139160062
156 131 5.881231066708281
52 132 5.475765958600117
125 132 6.168913139160062
126 132 6.168913139160062
132 132 4.782618778040171
35 133 -0.29878558694429136
37 133 0.3667947637829992
135 133 6.168913139160062
37 134 0.3667947637829992
136 134 6.168913139160062
35 135 0.3943615936156539
37 135 0.3667947637829992
37 136 1.2830854956571542
136 136 4.782618778040171
64 137 5.475765958600117
137 137 4.782618778040171
138 137 6.168913139160062
64 138 6.168913139160062
65 138 6.168913139160062
72 138 5.475765958600117
138 138 4.782618778040171
137 139 6.168913139160062
138 139 4.782618778040171
139 139 4.782618778040171
137 140 5.475765958600117
139 140 6.168913139160062
70 141 5.763448031051897
71 141 5.070300850491952
141 141 5.070300850491952
144 141 6.168913139160062
159 142 5.475765958600117
160 142 6.168913139160062
142 143 6.168913139160062
160 143 6.168913139160062
51 144 6.168913139160062
70 144 6.168913139160062
71 144 6.168913139160062
145 145 4.782618778040171
146 145 6.168913139160062
165 145 5.475765958600117
162 146 5.475765958600117
165 146 5.763448031051897
85 147 5.475765958600117
148 147 5.070300850491952
157 147 5.475765958600117
37 148 -0.7318175248851105
85 148 5.763448031051897
88 148 5.070300850491952
147 148 4.377153669932007
148 148 3.971688561823843
157 148 4.664835742383788
151 149 5.763448031051897
152 149 6.168913139160062
149 150 6.168913139160062
151 150 5.070300850491952
152 150 6.168913139160062
94 151 5.475765958600117
151 151 5.070300850491952
151 152 6.168913139160062
142 153 6.168913139160062
143 153 6.168913139160062
160 153 5.475765958600117
142 154 6.168913139160062
143 154 6.168913139160062
153 154 6.168913139160062
143 155 6.168913139160062
153 155 6.168913139160062
154 155 6.168913139160062
126 156 4.782618778040171
132 156 5.698909509914326
156 156 5.188083886148336
147 157 4.377153669932007
157 157 5.070300850491952
166 157 5.986591582366107
141 158 6.168913139160062
141 159 5.475765958600117
158 159 6.168913139160062
159 159 4.782618778040171
158 160 5.475765958600117
159 160 6.168913139160062
160 160 4.782618778040171
164 161 6.168913139160062
165 161 5.070300850491952
161 162 6.168913139160062
162 162 4.782618778040171
164 162 4.782618778040171
165 162 5.070300850491952
150 163 6.168913139160062
167 163 6.168913139160062
168 163 6.168913139160062
163 164 6.168913139160062
164 164 4.782618778040171
167 164 5.475765958600117
168 164 6.168913139160062
161 165 5.070300850491952
162 165 5.763448031051897
163 165 5.070300850491952
164 165 5.070300850491952
165 165 3.971688561823843
147 166 5.475765958600117
148 166 5.475765958600117
166 166 4.782618778040171
149 167 6.168913139160062
150 167 6.168913139160062
152 167 6.168913139160062
149 168 6.168913139160062
150 168 6.168913139160062
167 168 6.168913139160062
