0 0 1.2089948376858155
1 0 -2.216895156566711
2 0 0.34805420089482536
3 0 -1.7722093353052657
4 0 -1.5978559481604881
5 0 0.8123598090259232
6 0 -1.0382401602250653
7 0 0.07361735519306523
8 0 -1.8491703764413938
9 0 -2.8708216239733755
10 0 -0.16277142287116525
13 0 0.9076699888302477
15 0 1.0412013814547707
18 0 1.0412013814547707
19 0 -2.9100423371266566
20 0 -4.714540832132141
0 1 0.8445468270153138
1 1 -1.1478833376748925
2 1 1.1293839473348635
5 1 1.7917594692280552
7 1 0.9707789171582248
8 1 -1.1856236656577395
10 1 1.1939224684724346
13 1 1.4170660197866443
17 1 -0.3746934494414107
0 2 0.21024014647830208
1 2 1.8478489358790986
2 2 1.2347444629926896
3 2 0.09531017980432493
5 2 0.9162907318741551
6 2 1.927891643552635
7 2 1.1939224684724346
16 2 0.09531017980432493
0 3 0.3829922522561059
1 3 1.9123874570166697
2 3 0.7884573603642703
3 3 -0.3509769228240944
5 3 1.163150809805681
6 3 1.299282984130261
7 3 0.7476353658440151
8 3 -2.2196974331882777
9 3 -1.0441241033840396
10 3 0.5653138090500605
13 3 0.7884573603642703
14 3 1.4816045409242156
16 3 -1.0441241033840396
0 4 -1.6021386099524888
1 4 0.8827680398355112
3 4 0.9219887529887928
4 4 1.5018072482417348
5 4 0.3566749439387324
6 4 2.3491051086289385
7 4 1.615135933548738
8 4 -0.9467317573753906
10 4 2.531426665422893
13 4 2.0614230361771577
14 4 2.7545702167371027
16 4 0.22884157242884745
0 5 -2.054123733695546
1 5 0.43078291609245434
2 5 2.169053700369523
3 5 0.1823215567939546
5 5 -0.78845736036427
6 5 1.203972804325936
7 5 1.916922612182061
8 5 0.9526583760450301
12 5 -0.9932517730102834
14 5 1.6094379124341003
15 5 2.302585092994046
16 5 0.1823215567939546
19 5 -0.9555114450274363
0 6 -1.4479879301252303
1 6 1.5965345075981925
2 6 1.5224265354444706
3 6 1.4816045409242156
7 6 1.992430164690206
8 6 -0.38711596943996784
11 6 1.1169614273363062
16 6 0.7884573603642703
19 6 -0.3493756414571209
0 7 -1.2656663733312756
1 7 0.7084146526907339
3 7 1.2584609896100056
5 7 -0.9162907318741549
6 7 0.3829922522561057
7 7 -1.0441241033840396
8 7 1.1814999484738775
10 7 0.5653138090500605
11 7 0.3829922522561057
12 7 -1.1210851445201682
14 7 1.4816045409242156
16 7 1.1531004739521795
17 7 0.3829922522561057
19 7 0.3029495445825694
0 8 -1.7480925225755686
1 8 0.7368141272124317
2 8 -1.0802631499999131
3 8 1.1814999484738775
5 8 -1.3987168811184476
6 8 0.12370965432602289
7 8 -1.5265502526283325
8 8 1.059076533260992
9 8 -2.2196974331882777
11 8 0.12370965432602289
12 8 -0.687220561890306
16 8 1.3912204794559466
17 8 -0.38711596943996784
19 8 0.9991783916799228
20 8 -1.7608315483529984
0 9 -2.875104285765376
1 9 0.5260930958967791
3 9 1.2584609896100056
6 9 -0.3101549283038396
7 9 -1.0441241033840396
8 9 1.3912204794559466
9 9 -0.3509769228240944
11 9 1.299282984130261
16 9 1.2584609896100056
19 9 -0.3901976359773759
20 9 -2.887843311542806
1 10 0.5260930958967791
3 10 0.5653138090500605
4 10 2.531426665422893
6 10 1.992430164690206
7 10 0.5653138090500605
9 10 1.6639260977181702
11 10 1.992430164690206
13 10 2.3978952727983702
16 10 0.5653138090500605
17 10 1.2992829841302609
3 11 0.3829922522561057
4 11 2.0614230361771577
6 11 0.42381424677636087
7 11 -0.3101549283038396
8 11 0.3060312111199775
9 11 1.076139432816051
10 11 1.2992829841302609
11 11 1.1169614273363062
14 11 2.2155737160044158
17 11 2.3697243958316743
19 11 1.0369187196627696
20 11 -0.767579775342715
0 12 -2.9520653269015047
1 12 -0.46715867711350434
3 12 -0.02247285585205863
4 12 1.5381748924126095
6 12 0.30603121111997733
7 12 -0.4279379639602229
8 12 0.961438063697076
9 12 1.8233538346462723
11 12 0.30603121111997733
12 12 -0.5048990050963513
16 12 0.6706743247078867
17 12 1.2223219429941325
19 12 0.44913205476065055
20 12 -2.271657172118989
1 13 0.7492366472109887
3 13 0.7884573603642703
4 13 2.0614230361771577
9 13 0.7884573603642703
10 13 3.4965075614664802
11 13 1.5224265354444706
17 13 1.5224265354444706
18 13 4.007333185232471
20 13 -0.36211466723455066
4 14 2.7545702167371027
6 14 2.2155737160044158
9 14 1.4816045409242156
10 14 3.784189633918261
16 14 1.4816045409242156
9 15 2.174751721484161
12 15 2.0977906803480324
19 15 2.1355310083308794
4 16 0.22884157242884745
8 16 -1.1210851445201682
9 16 0.5653138090500605
11 16 1.88706964903238
12 16 1.076139432816051
17 16 1.7692866133759964
19 16 1.9611776211861016
20 16 0.05659566762363432
4 17 1.6559579280689933
6 17 0.42381424677636087
8 17 -1.4857282581080775
9 17 0.7884573603642703
11 17 2.0332521592104613
12 17 0.7114963192281417
14 17 2.2155737160044158
17 17 0.42381424677636087
19 17 1.730065900222715
20 17 0.24402113633576483
12 18 2.0977906803480324
20 18 1.02417969388534
1 19 -1.1225655296906027
4 19 0.8827680398355112
8 19 -0.6494802339074588
9 19 0.7084146526907337
11 19 -0.3493756414571209
12 19 1.6729074863827664
17 19 1.2600622709769795
19 19 -0.4294183491306574
20 19 0.7364976214335591
3 20 -2.887843311542806
4 20 -0.516265347061809
6 20 -1.4607269559026603
8 20 -1.6655213685486736
9 20 0.4079935544615231
12 20 0.7487677140253733
16 20 -2.1946961309828605
17 20 -1.4607269559026603
19 20 -2.233916844136142
20 20 1.2164724694790738
