0 0 0.13857217423956972
5 0 0.17366349405084008
6 0 -0.23180161405732444
7 0 -2.716708263845325
0 1 0.17366349405084008
0 2 0.17366349405084008
0 3 -0.23180161405732444
1 3 3.3586377672433594
0 4 -0.23180161405732444
2 4 4.74493212836325
6 5 3.1354942159291497
7 5 2.03688192726104
7 6 2.4423470353692043
0 7 -2.9398518151595345
1 7 2.03688192726104
3 7 2.4423470353692043
7 7 2.03688192726104
8 7 2.4423470353692043
9 7 2.03688192726104
10 7 0.2451224580329849
9 8 4.74493212836325
10 8 4.339467020255086
10 9 4.74493212836325
0 10 -2.0235610832853794
2 10 4.339467020255086
4 10 4.74493212836325
10 10 3.64631983969514
