0 0 1.4862016330595529
1 0 -1.6949919172930605
3 0 0.2974382473971455
9 0 1.489576594076079
12 0 0.8905019694001084
13 0 -1.4073098448412795
15 0 -1.2066391493791286
17 0 0.2974382473971455
20 0 0.5851203198489265
21 0 -1.7174647731451191
23 0 -0.39570893316279976
25 0 -3.168297655402581
0 1 1.539905812031414
7 1 1.5212136790192614
9 1 1.4605890572028264
12 1 0.5561327829756743
13 1 -2.4861195062132095
17 1 1.5212136790192614
20 1 1.115748570911097
23 1 0.8280664984593161
25 1 -1.9445222237804651
0 2 0.952119147129295
3 2 2.6198259676873707
4 2 0.30071157274211485
9 2 1.5783720928592098
12 2 0.9615978910838385
13 2 -1.3875072175451
17 2 2.6198259676873707
23 2 1.9266787871274256
0 3 0.952119147129295
1 3 1.5436865348713198
10 3 2.1498223384416355
12 3 1.1847414423980485
13 3 -0.4712164856709448
0 4 0.8520356885723122
1 4 1.7572606351693791
3 4 1.1847414423980485
4 4 -1.1343729525472077
9 4 0.654113191335878
10 4 1.8778886229579936
12 4 0.6251256544626256
13 4 -1.436297381714532
18 4 1.8778886229579936
20 4 1.4724235148498293
23 4 0.49159426183810306
24 4 -0.8301615781442164
25 4 -2.2809944604016783
1 5 2.236833715431265
17 5 4.229263880121471
23 5 3.536116699561526
11 6 4.922411060681417
12 6 1.8778886229579936
21 6 2.2143608595792066
0 7 0.2589719665693497
2 7 2.6198259676873707
6 7 4.229263880121471
11 7 4.229263880121471
17 7 3.536116699561526
19 7 3.536116699561526
0 8 0.44129352336330424
2 8 3.0898295969331064
8 8 1.7035352358132159
9 8 1.5783720928592098
12 8 0.9615978910838385
19 8 2.6198259676873707
23 8 1.9266787871274256
0 9 -1.8810941969269213
1 9 -0.5963796286249509
2 9 0.47975980419110015
3 9 1.3960505360652553
4 9 0.46323050223988976
7 9 1.3960505360652553
10 9 0.009756174945364656
12 9 1.683732608517036
13 9 0.3844496243867755
14 9 -0.549859612990058
15 9 -0.10802686071101882
20 9 1.683732608517036
21 9 0.07429469608293582
24 9 -0.6188524844770095
3 10 2.1498223384416355
4 10 -0.16929205650362072
10 10 0.7635279773217447
12 10 1.7443572303334711
13 10 0.4450742462032102
18 10 2.8429695190015805
20 10 1.7443572303334711
24 10 0.13491931789937084
25 10 -1.3159135643580913
12 11 1.8778886229579936
21 11 2.2143608595792066
24 11 2.2143608595792066
4 12 0.4750649598868925
10 12 1.1847414423980485
13 12 0.9386083728591398
15 12 -0.3193359543782259
18 12 1.8778886229579936
20 12 0.7792763342898839
21 12 0.2684507105238932
23 12 0.49159426183810306
24 12 -0.13701439758427109
25 12 -1.587847279841733
0 13 -1.6779695125032033
1 13 0.4176752720150958
3 13 -0.48026632119086266
4 13 0.7269798084800424
8 13 -1.396557053065018
9 13 -1.927185304127188
10 13 0.07934946674455971
12 13 -1.44534721723445
13 13 0.7594245657371526
14 13 -2.426176470246176
15 13 -0.37490580553303654
16 13 -2.426176470246176
21 13 1.0311911828830338
22 13 -1.173413501750808
24 13 0.3952024161630373
25 13 -2.000092074935276
0 14 -0.588325893817854
1 14 0.9840707469358971
4 14 1.0628516247890116
10 14 0.20391218938632205
12 14 -0.7611687066572651
13 14 0.7609271956216874
16 14 -0.35570359854910066
21 14 -0.424696470036052
24 14 -0.424696470036052
1 15 0.7327563186549911
4 15 0.8115371965081054
7 15 2.0320393027852517
10 15 0.6457449416653613
13 15 -0.5889995213273284
14 15 2.0320393027852517
15 15 1.6265741946770875
19 15 2.0320393027852517
22 15 2.255182854099462
1 16 0.29092356637595185
4 16 -0.0357606638790982
5 16 2.283353731066158
13 16 0.14782272273527838
14 16 1.9468814944449448
15 16 0.7792763342898839
16 16 -0.35570359854910066
17 16 1.5902065505062126
21 16 -0.424696470036052
22 16 1.8133501018204223
24 16 0.6739158186320575
25 16 -1.875529352293514
16 17 2.283353731066158
23 17 3.536116699561526
25 17 0.7635279773217447
8 18 3.312973148247316
23 18 3.536116699561526
25 18 0.7635279773217447
2 19 2.6198259676873707
6 19 4.229263880121471
8 19 2.6198259676873707
11 19 4.229263880121471
12 19 1.1847414423980485
23 19 2.8429695190015805
0 20 -0.14649314153881487
2 20 2.2143608595792066
4 20 0.8115371965081054
7 20 3.1306515914533617
14 20 1.1847414423980485
15 20 1.6265741946770875
16 20 1.1847414423980485
24 20 1.115748570911097
25 20 -0.33508431134636485
2 21 0.6049229471451064
4 21 -0.7979007159259949
5 21 2.2143608595792066
8 21 0.6049229471451064
14 21 -0.424696470036052
15 21 1.6265741946770877
16 21 1.1847414423980485
22 21 1.2335316065674804
24 21 1.991217308264997
25 21 0.7635279773217449
4 22 -0.16929205650362072
6 22 2.8429695190015805
7 22 2.8429695190015805
13 22 -1.16436366623089
14 22 1.5902065505062126
15 22 2.4375044108934163
16 22 0.20391218938632205
19 22 2.1498223384416355
22 22 1.45667515788169
24 22 0.8280664984593161
25 22 -0.6227663837981459
2 23 1.9266787871274256
8 23 2.6198259676873707
9 23 0.7029033555053099
14 23 0.8970593699462673
16 23 1.5902065505062126
19 23 2.8429695190015805
22 23 1.45667515788169
25 23 0.4758459048699639
0 24 -1.755931053972915
1 24 -0.4712164856709448
2 24 0.6049229471451064
5 24 2.2143608595792066
8 24 0.6049229471451064
13 24 -2.4861195062132095
14 24 0.6739158186320576
15 24 0.017136282242987237
16 24 1.654745071643784
22 24 1.2335316065674804
25 24 1.2335316065674804
0 25 -3.206763936230377
2 25 0.540384426007535
4 25 -2.2487335981834566
8 25 1.1000002139429579
9 25 -2.0696853667344715
13 25 -2.1451929192426165
14 25 0.6894200051680229
15 25 -1.4336966000144746
16 25 1.1202029212604772
19 25 0.0703807967617994
21 25 -1.9445222237804651
22 25 -0.2173012756899814
23 25 -0.6227663837981459
24 25 -1.2513750432205197
25 25 1.4721793444176554
