0 0 0.9416652275940685
3 0 1.0072625100798818
4 0 0.6017974019717174
5 0 -2.0008922834726666
0 1 1.0072625100798818
0 2 0.6017974019717174
1 2 3.3586377672433594
4 3 3.3586377672433594
5 3 2.142242442918866
5 4 2.5477075510270306
5 5 1.8909280146379601
6 5 -0.25565282987950433
7 5 1.8545603704670852
9 5 1.6854840404231515
11 5 0.8072413761865261
12 5 -1.6235980523311984
5 6 0.9971101386158636
7 6 1.6538896750049341
9 6 1.836211231798889
11 6 1.4820394180782748
12 6 -0.25565282987950433
5 7 1.8545603704670852
6 7 2.3470368555648795
9 7 1.3437347467010947
5 8 -0.5658077581833436
6 8 1.8362112317988888
9 8 1.4082732678386658
10 8 2.03688192726104
11 8 1.731500277709858
12 8 -0.8534898306351247
5 9 -0.5658077581833436
6 9 0.33213383502261484
7 9 2.03688192726104
11 9 1.6573923055561361
12 9 0.6128472381583023
11 10 1.8004931491968095
12 10 0.7559480817989755
12 11 1.16141318990714
0 12 -3.387186644592557
1 12 0.7559480817989755
2 12 1.16141318990714
5 12 -3.233035964765299
6 12 0.5552773863368244
8 12 1.16141318990714
9 12 -0.5658077581833436
10 12 0.7559480817989755
11 12 -1.089878608699355
12 12 0.7277772048322793
