65 0 6.168913139160062
68 0 6.168913139160062
76 0 -0.007646891624599672
2 1 6.168913139160062
15 1 6.168913139160062
127 1 6.168913139160062
14 2 5.475765958600117
15 2 6.168913139160062
127 2 6.168913139160062
9 3 5.070300850491952
10 3 6.168913139160062
11 3 6.168913139160062
3 4 6.168913139160062
10 4 6.168913139160062
11 4 6.168913139160062
6 5 6.168913139160062
8 5 6.168913139160062
1 6 6.168913139160062
2 6 5.475765958600117
6 6 4.782618778040171
7 6 6.168913139160062
1 7 6.168913139160062
2 7 6.168913139160062
127 7 6.168913139160062
6 8 6.168913139160062
7 8 6.168913139160062
0 9 6.168913139160062
9 9 5.070300850491952
65 9 5.763448031051897
68 9 5.070300850491952
9 10 6.168913139160062
9 11 5.763448031051897
10 11 6.168913139160062
12 12 5.188083886148336
71 12 -1.1522754175794163
83 12 5.475765958600117
123 12 5.881231066708281
16 13 6.168913139160062
19 13 6.168913139160062
128 13 5.070300850491952
14 14 4.782618778040171
21 14 6.168913139160062
60 14 5.475765958600117
14 15 6.168913139160062
21 15 6.168913139160062
128 16 6.168913139160062
17 17 4.782618778040171
71 17 -0.4591282370194711
129 17 6.168913139160062
131 17 3.971688561823843
13 18 6.168913139160062
16 18 6.168913139160062
19 18 6.168913139160062
16 19 6.168913139160062
128 19 5.763448031051897
12 20 5.881231066708281
60 21 6.168913139160062
17 22 5.698909509914326
22 22 5.188083886148336
129 22 4.782618778040171
71 23 0.9271661241004195
88 23 0.9984291441219103
23 24 5.881231066708281
24 24 5.188083886148336
71 24 -0.053663128911306535
24 25 5.475765958600117
25 25 5.070300850491952
25 26 5.763448031051897
51 26 6.168913139160062
27 27 4.782618778040171
62 27 6.168913139160062
63 27 6.168913139160062
95 27 4.377153669932007
28 28 5.070300850491952
30 28 5.986591582366107
31 28 5.070300850491952
28 29 6.168913139160062
30 30 4.782618778040171
31 30 6.168913139160062
32 30 6.168913139160062
61 30 5.475765958600117
32 31 6.168913139160062
61 31 6.168913139160062
106 31 6.168913139160062
61 32 6.168913139160062
106 32 6.168913139160062
107 32 6.168913139160062
33 33 4.782618778040171
35 33 6.168913139160062
36 33 5.881231066708281
33 34 6.168913139160062
36 34 5.475765958600117
36 35 5.475765958600117
49 35 6.168913139160062
50 35 6.168913139160062
35 36 5.475765958600117
36 36 4.782618778040171
48 36 4.377153669932007
49 36 5.475765958600117
50 36 6.168913139160062
53 37 6.168913139160062
124 37 5.070300850491952
41 38 4.089471597480226
27 39 5.698909509914326
39 39 5.188083886148336
62 39 4.782618778040171
37 40 6.168913139160062
53 40 6.168913139160062
37 41 3.6840064893720617
40 41 4.089471597480226
41 41 3.7046257765747974
42 41 2.9908593088121163
43 41 2.585394200703952
44 41 4.089471597480226
45 41 3.396324416920281
53 41 2.2977121282521713
88 41 -1.0810123975579256
131 41 1.8922470201440067
41 42 1.8922470201440067
42 42 3.971688561823843
43 42 5.357982922943734
55 42 5.070300850491952
42 43 5.070300850491952
43 43 5.070300850491952
55 43 5.070300850491952
45 44 6.168913139160062
46 44 6.168913139160062
45 45 4.782618778040171
46 45 6.168913139160062
56 45 5.881231066708281
56 46 6.168913139160062
134 46 5.070300850491952
3 47 6.168913139160062
4 47 6.168913139160062
11 47 6.168913139160062
3 48 5.070300850491952
4 48 5.763448031051897
47 48 6.168913139160062
48 48 5.070300850491952
48 49 6.168913139160062
48 50 5.763448031051897
49 50 6.168913139160062
25 51 6.168913139160062
25 52 5.070300850491952
26 52 6.168913139160062
51 52 6.168913139160062
53 53 4.782618778040171
124 53 5.986591582366107
28 54 5.763448031051897
29 54 6.168913139160062
55 55 5.070300850491952
131 55 4.664835742383788
56 56 4.782618778040171
134 56 5.986591582366107
58 57 6.168913139160062
59 57 5.763448031051897
59 58 6.168913139160062
12 59 4.782618778040171
20 59 6.168913139160062
59 59 5.070300850491952
22 60 5.475765958600117
60 60 5.070300850491952
103 61 5.475765958600117
106 61 6.168913139160062
107 61 6.168913139160062
63 62 6.168913139160062
95 62 5.763448031051897
95 63 6.168913139160062
33 64 4.628468098212913
34 64 5.321615278772859
64 64 4.985143042151646
68 65 6.168913139160062
76 65 0.6855002889353456
84 66 6.168913139160062
91 66 1.8294461189049764
57 67 6.168913139160062
58 67 6.168913139160062
59 67 5.070300850491952
71 68 0.23401894354047423
76 68 0.6855002889353456
38 69 4.49493670558839
41 69 3.550475096747539
42 69 3.6840064893720617
69 69 3.6194679682344906
64 70 1.710697366128634
70 70 3.1955725559209722
71 70 -0.6043102468639687
72 70 2.270313154064057
73 70 1.8648480459558925
75 70 2.5579952265158377
76 70 -2.5199525156007145
81 70 0.9485573140817373
99 70 2.334851675201628
38 71 -0.4591282370194711
39 71 0.6394840516486388
41 71 -2.9440348868074713
69 71 0.552472674659009
70 71 0.024298412558405418
71 71 1.1407402243984786
72 71 -1.1522754175794163
73 71 -0.4591282370194711
76 71 -1.99129736866276
88 71 -0.4821177552441696
91 71 -4.1054480767146115
97 71 0.6394840516486388
98 71 1.332631232208584
64 72 2.836708628984858
71 72 -2.250887706247526
72 72 4.377153669932007
73 72 4.377153669932007
81 72 2.7677157574979065
89 72 4.377153669932007
71 73 0.23401894354047423
81 73 4.964940334834126
89 73 5.475765958600117
38 74 5.070300850491952
41 74 1.8922470201440067
69 74 4.089471597480226
74 74 5.070300850491952
70 75 2.963460334624002
71 75 -1.1522754175794163
75 75 4.49493670558839
99 75 3.866328046166016
70 76 -2.0125835147026345
71 76 -1.7563429680856728
74 76 0.6820436660674347
75 76 0.2120400368216991
76 76 0.9999936188377834
91 76 -0.5663809008293349
71 77 0.9271661241004195
76 77 -0.700794072184545
77 77 4.782618778040171
79 78 4.782618778040171
82 78 6.168913139160062
79 79 4.782618778040171
82 79 4.782618778040171
125 79 5.881231066708281
126 79 5.475765958600117
133 79 4.089471597480226
78 80 6.168913139160062
79 80 4.089471597480226
80 80 4.782618778040171
81 80 4.5594752267259615
78 81 4.5594752267259615
79 81 3.173180865606071
80 81 5.475765958600117
81 81 4.8959474633471745
82 81 3.866328046166016
79 82 5.698909509914326
82 82 4.782618778040171
71 83 0.9271661241004195
76 83 -0.007646891624599672
84 84 4.782618778040171
91 84 2.7457368507791315
85 85 5.070300850491952
88 85 1.6915763246818556
93 86 6.168913139160062
87 87 4.336331675411752
91 87 1.8294461189049764
102 87 5.6580875153940715
105 87 4.964940334834126
69 88 0.5284255148761748
71 88 -0.5056482526543639
76 88 -4.079518597994642
86 88 2.09704143279002
87 88 1.468432773367646
88 88 1.848968498433285
91 88 -1.395127727077862
93 88 0.9984291441219103
131 88 -0.10018314454619937
71 89 0.9271661241004195
88 89 0.9984291441219103
71 90 0.9271661241004195
88 90 0.9984291441219103
71 91 -3.3903219894358907
76 91 -0.31780181992843937
88 91 -3.3190589694144
91 91 2.6299518177854213
92 92 5.070300850491952
94 92 5.763448031051897
92 93 5.763448031051897
93 93 5.070300850491952
88 94 1.6915763246818556
94 94 5.070300850491952
95 95 5.070300850491952
117 95 5.070300850491952
118 95 6.168913139160062
109 96 6.168913139160062
111 96 6.168913139160062
96 97 6.168913139160062
97 97 4.782618778040171
101 97 6.168913139160062
111 97 4.782618778040171
97 98 6.168913139160062
101 98 6.168913139160062
99 99 5.147261891628081
112 99 5.252622407285907
71 100 0.23401894354047423
77 100 6.168913139160062
96 101 6.168913139160062
111 101 6.168913139160062
104 102 6.168913139160062
105 102 6.168913139160062
26 103 6.168913139160062
51 103 5.475765958600117
52 103 6.168913139160062
103 103 4.782618778040171
28 104 5.070300850491952
29 104 6.168913139160062
54 104 6.168913139160062
29 105 5.475765958600117
54 105 6.168913139160062
104 105 6.168913139160062
105 105 4.782618778040171
103 106 6.168913139160062
107 106 6.168913139160062
52 107 6.168913139160062
103 107 6.168913139160062
57 108 6.168913139160062
58 108 5.475765958600117
67 108 6.168913139160062
108 108 4.782618778040171
5 109 6.168913139160062
8 109 6.168913139160062
110 109 6.168913139160062
5 110 6.168913139160062
6 110 5.475765958600117
8 110 6.168913139160062
5 111 5.475765958600117
109 111 6.168913139160062
110 111 6.168913139160062
111 111 4.782618778040171
112 112 5.070300850491952
113 112 6.168913139160062
114 112 5.070300850491952
114 113 6.168913139160062
114 114 5.070300850491952
115 114 5.763448031051897
77 115 5.475765958600117
100 115 6.168913139160062
115 115 5.070300850491952
116 116 5.070300850491952
119 116 6.168913139160062
120 116 5.763448031051897
121 116 5.070300850491952
116 117 5.763448031051897
117 117 5.070300850491952
117 118 6.168913139160062
108 119 5.475765958600117
120 119 6.168913139160062
121 119 6.168913139160062
108 120 6.168913139160062
121 120 6.168913139160062
67 121 6.168913139160062
108 121 6.168913139160062
66 122 6.168913139160062
84 122 6.168913139160062
71 123 0.23401894354047423
76 123 -0.007646891624599672
83 123 6.168913139160062
66 124 5.763448031051897
84 124 4.377153669932007
122 124 6.168913139160062
124 124 5.070300850491952
126 125 6.168913139160062
133 125 6.168913139160062
85 126 5.070300850491952
133 126 6.168913139160062
14 127 6.168913139160062
15 127 6.168913139160062
88 128 0.9984291441219103
128 128 5.070300850491952
131 128 3.971688561823843
71 129 0.9271661241004195
131 129 3.971688561823843
90 130 6.168913139160062
132 130 6.168913139160062
13 131 4.664835742383788
18 131 5.070300850491952
19 131 3.971688561823843
71 131 -0.8645933451276354
87 131 3.460862938057852
88 131 0.5929640360137459
130 131 3.971688561823843
131 131 3.5662234537156783
132 131 3.971688561823843
71 132 -0.4591282370194711
88 132 0.9984291441219103
90 132 6.168913139160062
132 132 4.782618778040171
85 133 5.986591582366107
133 133 4.782618778040171
130 134 5.763448031051897
131 134 3.971688561823843
132 134 4.377153669932007
134 134 5.070300850491952
