0 0 2.3950740338450784
1 0 -2.0222420777793326
8 0 1.5023343250433274
0 1 -1.652133506298739
1 1 0.5132224535850186
9 1 -1.2160314287286846
1 2 -4.138705298471093
2 2 2.566258658045732
3 2 1.3419336248708975
1 3 -1.4117866130645007
2 3 0.6487864443109522
3 3 4.985143042151646
4 4 2.7136485362276312
7 4 1.7973578043534761
5 5 2.4965434940099382
6 5 -1.3778850613888196
2 6 -1.297123704744361
6 6 2.661938661954864
5 7 1.5976445048476522
7 7 5.147261891628081
1 8 -1.1706245562476125
8 8 4.081172794665531
9 8 2.3439015107215457
11 8 3.9533394231556462
1 9 -0.8929928196493332
9 9 3.6629871221479866
10 9 3.3555024224000256
12 9 1.9692080612801353
1 10 -1.2576359332372427
9 10 2.9500373142918614
12 10 4.49493670558839
8 11 3.9533394231556462
11 11 5.147261891628081
9 12 1.969208061280135
10 12 4.49493670558839
12 12 4.900401813696555
