0 0 1.4034539814027172
7 0 1.7432651192894446
9 0 0.9247166721882267
10 0 -1.380642347688544
15 0 1.6691571471357227
16 0 -1.466337068793427
19 0 -1.796578755664004
0 1 1.6314168191528755
7 1 1.3326849105145098
9 1 0.4964368863138909
10 1 -2.4480020928525494
14 1 2.1058747987479913
18 1 2.1058747987479913
20 1 -1.2381641690742153
0 2 2.03688192726104
8 3 2.5477075510270306
9 3 1.7491998548092589
10 3 0.19105523676270922
0 4 0.9870598027623623
1 4 1.7491998548092589
4 4 -1.246532418744732
7 4 0.5705448584676129
8 4 1.3437347467010947
9 4 0.6993777303105813
10 4 -1.1952391243571814
14 4 1.7491998548092589
18 4 1.7491998548092589
3 5 4.051784947803305
8 5 2.9531726591351948
9 5 1.0560526742493137
16 5 0.9162907318741551
0 6 1.6314168191528755
2 6 4.74493212836325
4 7 -0.12260232209233239
9 7 1.6691571471357227
10 7 0.5164776371973371
15 7 2.179982770901713
16 7 -0.262364264467491
19 7 0.5060063373300417
20 7 -1.1640561969204937
1 8 -0.09134977858822796
3 8 2.5477075510270306
4 8 -0.4480247225269604
8 8 0.3504829736908112
9 8 1.7491998548092589
10 8 0.39172593222486046
12 8 0.2451224580329849
16 8 0.10536051565782635
0 9 -2.0574626349610607
1 9 -0.1967102942460544
4 9 -0.1479201300766222
8 9 -0.4480247225269604
10 9 0.8588846093383647
11 9 -1.3862943611198906
12 9 -0.5533852381847867
16 9 0.5596157879354227
19 9 0.07522342123758753
20 9 -0.9016919324530024
0 10 -2.00616934057351
1 10 -0.050106820054178984
2 10 0.19105523676270922
4 10 0.3308171791378678
6 10 0.8842024173226545
7 10 -2.3738941206988273
8 10 -0.2144098713454552
9 10 -1.418382675671391
10 10 0.5859382355403366
11 10 -1.5581446180465497
12 10 0.19105523676270922
13 10 -2.680624388121303
16 10 0.839750654751821
17 10 -0.9075570519054005
19 10 0.46298895224635106
20 10 -0.8503986380654519
0 11 -0.4054651081081643
1 11 0.9162907318741551
4 11 1.0116009116784797
8 11 0.5108256237659907
9 11 -0.6931471805599453
10 11 0.38776553100876343
11 11 -0.8329091229351039
12 11 0.0
13 11 -1.262241712449912
14 11 1.6094379124341003
16 11 0.08338160893905121
19 11 -1.1631508098056809
1 12 0.4964368863138909
4 12 0.5452270504833231
10 12 -0.16561970717602317
11 12 1.6094379124341003
12 12 1.2383742310432684
16 12 0.4054651081081644
17 12 1.3437347467010947
19 12 -0.33024168687057703
1 13 0.8249409532859271
3 13 1.8545603704670852
4 13 0.8047382459684075
5 13 1.8545603704670852
8 13 1.0436301542507564
9 13 -1.1411719030869056
10 13 -0.06025919151819684
11 13 1.4271163556401456
12 13 -0.4480247225269604
13 13 -1.0171192544169267
17 13 1.4490952623589208
19 13 -0.9180283517726959
13 14 1.8732525034792378
18 14 4.74493212836325
20 14 1.4008931605410433
19 15 1.9723434061234688
20 15 2.0940403411009885
0 16 -2.197224577336219
2 16 1.6094379124341003
4 16 -1.3862943611198906
6 16 1.6094379124341003
10 16 -1.8458266904983307
11 16 0.5533852381847867
12 16 1.5040773967762742
13 16 1.0403433805441338
16 16 -0.4274440148269396
17 16 1.2039728043259361
19 16 1.4759065198095778
20 16 1.0379876668516748
4 17 0.6505875661411493
10 17 -0.9075570519054005
11 17 1.6094379124341003
12 17 2.03688192726104
13 17 0.7746402148111281
19 17 0.873731117455359
11 18 1.6094379124341003
13 18 1.8732525034792378
20 18 1.4008931605410433
5 19 1.9117187843070338
10 19 -1.9490109267335616
11 19 0.9734491457141037
13 19 1.6790964890382805
17 19 0.8131064956389242
19 19 -0.8608699379327474
20 19 1.658722269843143
4 20 0.32781417387809825
5 20 1.377636298376776
8 20 -0.12644109839949816
10 20 -1.5668026807896644
11 20 1.0147308046874077
12 20 -0.9249487946172696
13 20 1.6414508894219135
17 20 0.9721711902686115
20 20 1.4008931605410433
