0 0 0.3213933820247895
1 0 -1.5740359853831845
3 0 -0.0981294655736068
7 0 0.38370862131913164
9 0 -0.0981294655736068
10 0 -2.4254071711580236
13 0 0.44086703515908027
14 0 0.035401927050916
16 0 0.035401927050916
17 0 -2.2671831659431296
18 0 -3.60218423267547
0 1 0.3718741636721288
3 1 1.0560526742493137
7 1 -0.04255961441879601
0 2 0.44086703515908027
0 3 -0.0981294655736068
1 3 2.4423470353692043
7 3 0.873731117455359
0 4 0.035401927050916
1 4 2.4423470353692043
0 5 0.035401927050916
1 5 2.4423470353692043
0 6 -0.2522801454008651
2 6 3.3586377672433594
8 6 3.3586377672433594
9 6 1.2791962255635234
10 6 -0.3549342994609484
0 7 -1.7563575421771394
1 7 1.3437347467010947
3 7 2.26002547857525
9 7 2.1264940859507266
10 7 1.1855107414862005
14 7 2.26002547857525
17 7 0.6505875661411493
18 7 -0.6844135005911907
9 8 2.665490586683414
10 8 1.7245072422188874
4 9 1.7491998548092589
10 9 2.042960973337422
0 10 -2.7618794077792366
1 10 1.0313600616589422
4 10 1.9868715066863787
10 10 1.5804678719959502
12 10 0.3382128810989969
15 10 2.1299723503270522
17 10 1.501363690904678
18 10 -0.8144666288393885
10 11 2.129972350327052
0 12 -1.3508924340689745
1 12 1.7491998548092589
5 12 4.051784947803305
10 12 1.0313600616589422
11 12 4.051784947803305
16 13 4.74493212836325
18 13 2.493640329756755
17 14 3.1354942159291497
18 14 2.493640329756755
5 15 3.3586377672433594
12 15 2.665490586683414
17 15 3.1354942159291497
18 15 2.2059582573049736
18 16 2.899105437864919
1 17 0.8329091229351039
5 17 3.1354942159291497
12 17 2.4423470353692043
18 17 2.6759618865507093
0 18 -2.5035719440073603
2 18 2.493640329756755
6 18 2.899105437864919
8 18 2.493640329756755
9 18 -0.2789483924830264
10 18 -1.913078917507498
11 18 2.493640329756755
12 18 2.2059582573049736
18 18 2.151891036034698
