0 0 2.842969519001581
5 0 3.179441755622794
7 0 2.5552874465497997
8 0 0.19207773173931925
11 0 0.9458495341156995
0 1 3.06165871996641
5 1 2.725186483345197
7 1 2.4375044108934163
0 2 3.3129731482473166
0 3 2.4375044108934163
1 3 3.536116699561526
3 3 2.1498223384416355
5 3 2.4375044108934163
6 3 3.536116699561526
7 3 2.1498223384416355
0 4 2.907508040139152
2 4 4.922411060681417
3 5 2.4375044108934163
7 5 3.536116699561526
8 5 2.0891977166252005
11 5 2.4375044108934163
13 5 2.0320393027852517
1 6 3.823798772013307
3 6 3.536116699561526
7 6 3.536116699561526
0 7 0.8280664984593161
1 7 2.4375044108934163
3 7 2.8429695190015805
6 7 3.536116699561526
8 7 2.0891977166252005
11 7 2.1498223384416355
13 7 1.7443572303334711
14 7 -2.2957657777219906
0 8 0.07429469608293582
1 8 2.3768797890769813
3 8 2.648813504560623
6 8 2.0891977166252005
7 8 0.7029033555053099
8 8 2.3005068102924073
11 8 2.648813504560623
13 8 1.906876159831246
14 8 -2.6440724719902065
8 9 3.0054884484993556
11 9 2.1498223384416355
13 9 1.7443572303334711
8 10 2.243348396452459
9 10 3.1306515914533617
10 10 1.3388921222253065
11 10 1.7443572303334711
12 10 3.1306515914533617
13 10 2.0320393027852517
14 10 -2.7012308858301552
13 11 3.1306515914533617
14 11 -0.21632423604215484
10 12 2.4375044108934163
12 12 3.536116699561526
13 12 3.1306515914533617
14 12 -0.9094714166021002
10 13 1.3388921222253065
12 13 2.4375044108934163
13 13 1.3388921222253065
14 13 0.006819315272054967
0 14 -3.6233695875867333
2 14 -0.22217220592457812
4 14 0.1832929021835864
8 14 -2.3622383694208486
9 14 -0.22217220592457812
10 14 9.71345389631659E-4
12 14 -0.9153193864845234
13 14 -2.7070788557125782
14 14 0.1535288002771325
