2 0 4.988162438244197
3 0 5.393627546352362
1 1 4.007333185232471
9 1 2.908720896564361
2 2 4.295015257684252
3 2 4.988162438244197
28 2 4.582697330136033
2 3 4.295015257684252
28 3 4.988162438244197
1 4 5.393627546352362
9 4 1.9924301646902063
5 5 3.6410887902775877
6 5 1.4816045409242156
8 5 -2.4102157571864113
5 6 2.174751721484161
6 6 3.2733640101522705
8 6 -1.3116034685183016
13 6 2.1102132003465894
8 7 0.2978344439157987
0 8 0.2978344439157989
2 8 -0.8007778447523108
6 8 -0.618456287958356
7 8 0.2978344439157989
8 8 0.26674385684576774
9 8 -1.157452788691043
13 8 -2.4747542783239824
8 9 -1.3116034685183013
9 9 2.7343675094195836
13 9 0.3184537311185346
16 9 3.091042453358316
18 9 1.4816045409242156
10 10 3.966511190712216
11 10 2.908720896564361
13 10 0.3184537311185345
10 11 3.091042453358316
11 11 3.7560187569515646
12 11 4.007333185232471
13 11 1.5224265354444706
6 12 3.0910424533583156
8 12 -0.39531273664414657
12 12 4.007333185232471
6 13 0.3184537311185345
11 13 2.6210388241125804
12 13 2.6210388241125804
13 13 3.3449576633392795
14 13 3.537329555986735
25 13 1.927891643552635
14 14 4.007333185232471
25 14 5.393627546352362
26 14 4.007333185232471
8 15 0.2978344439157987
18 16 4.882801922586371
8 17 0.11551288712184424
17 17 4.007333185232471
18 18 4.37197629882038
19 18 4.882801922586371
21 18 3.784189633918261
21 19 5.393627546352362
8 20 -1.4939250253122562
17 20 5.393627546352362
20 20 4.007333185232471
21 21 4.295015257684252
23 21 5.393627546352362
24 21 4.700480365792417
17 22 4.700480365792417
20 22 5.393627546352362
24 23 5.393627546352362
32 23 5.393627546352362
24 24 4.007333185232471
32 24 5.393627546352362
35 24 5.10594547390058
25 25 4.007333185232471
26 25 5.393627546352362
41 25 4.700480365792417
26 26 4.007333185232471
40 26 4.700480365792417
41 26 5.393627546352362
42 26 5.393627546352362
8 27 -0.10763066419236557
15 27 5.393627546352362
28 28 4.295015257684252
29 28 4.140864577856994
1 29 3.8531825054052127
4 29 4.546329685965158
29 29 4.209857449343945
20 30 5.393627546352362
22 30 5.393627546352362
20 31 4.700480365792417
22 31 5.393627546352362
30 31 5.393627546352362
34 32 5.393627546352362
35 32 5.393627546352362
22 33 4.700480365792417
30 33 5.393627546352362
31 33 5.393627546352362
33 33 4.007333185232471
38 34 5.393627546352362
39 34 5.393627546352362
34 35 5.393627546352362
35 35 4.007333185232471
38 35 4.007333185232471
39 35 5.393627546352362
31 36 5.393627546352362
33 36 5.393627546352362
33 37 5.10594547390058
36 37 5.393627546352362
37 37 4.007333185232471
37 38 5.10594547390058
38 38 4.007333185232471
45 38 5.393627546352362
38 39 5.393627546352362
45 39 5.393627546352362
46 40 5.393627546352362
48 40 4.988162438244197
40 41 5.393627546352362
42 41 5.393627546352362
46 41 5.393627546352362
40 42 5.393627546352362
46 42 5.393627546352362
48 42 4.295015257684252
15 43 5.393627546352362
27 43 5.393627546352362
44 43 5.393627546352362
8 44 -0.8007778447523108
15 44 5.393627546352362
27 44 5.393627546352362
36 45 5.393627546352362
37 45 5.393627546352362
48 46 5.393627546352362
27 47 5.393627546352362
43 47 5.393627546352362
44 47 5.393627546352362
48 48 4.295015257684252
50 48 4.988162438244197
51 48 5.393627546352362
54 48 4.295015257684252
43 49 5.393627546352362
44 49 4.700480365792417
47 49 5.393627546352362
49 49 4.007333185232471
54 50 5.393627546352362
55 50 5.393627546352362
56 50 5.393627546352362
50 51 5.393627546352362
54 51 5.393627546352362
56 51 5.393627546352362
49 52 5.393627546352362
53 52 5.393627546352362
47 53 5.393627546352362
49 53 5.393627546352362
55 54 5.393627546352362
56 54 5.393627546352362
58 54 5.393627546352362
52 55 5.393627546352362
57 55 5.393627546352362
58 55 5.393627546352362
55 56 5.393627546352362
57 56 5.393627546352362
58 56 5.393627546352362
49 57 4.700480365792417
52 57 5.393627546352362
53 57 5.393627546352362
52 58 5.393627546352362
53 58 5.393627546352362
57 58 5.393627546352362
