0 0 0.23072823026165706
3 0 -2.7688887037878165
6 0 0.2756337339356064
8 0 -0.21684275116218776
9 0 -2.614738023960558
0 1 0.2756337339356062
0 2 0.2756337339356064
0 3 -0.12983137417255794
1 3 3.3141860046725253
0 4 -0.12983137417255794
1 4 3.3141860046725258
0 5 -0.4175134466243391
2 5 4.007333185232471
7 5 4.007333185232471
8 5 1.5224265354444706
9 5 -0.08701137698962969
1 6 0.9162907318741551
3 6 1.0498221244986776
8 6 2.908720896564361
9 6 1.8971199848858813
8 7 2.908720896564361
9 7 1.9924301646902063
0 8 -3.307885204520504
1 8 0.8292793548845252
3 8 0.9628107475090479
9 8 2.310883895808741
0 9 -3.125563647726549
1 9 1.7047480922384253
3 9 2.186586179131164
9 9 1.7157979284250102
10 9 -0.31015492830383945
11 9 1.9924301646902063
13 9 2.2925347571405443
14 9 1.8746471290338227
15 9 0.287682072451781
3 10 1.8382794848629478
9 10 2.0877403444945313
13 10 1.4816045409242156
14 10 1.5869650565820417
15 10 0.6931471805599453
9 11 1.9924301646902063
10 11 3.784189633918261
0 12 -2.432416467166604
1 12 1.704748092238425
4 12 3.784189633918261
9 12 1.4816045409242156
10 12 3.5610460826040513
13 12 1.4816045409242156
14 12 1.5869650565820417
9 13 -1.0033021088637848
10 13 1.4816045409242156
11 13 3.0910424533583156
12 13 2.174751721484161
14 13 3.0910424533583156
15 13 2.772588722239781
5 14 1.8101086078962514
10 14 2.280112237141987
12 14 2.280112237141987
15 14 3.1964029690161424
0 15 -2.8154087194227095
1 15 0.22314355131420976
2 15 2.995732273553991
4 15 2.995732273553991
5 15 3.3141860046725258
7 15 2.995732273553991
8 15 -0.1823215567939547
9 15 -0.6931471805599453
10 15 2.4849066497880004
12 15 3.0910424533583156
13 15 0.0
15 15 2.1559816188021705
