0 0 0.021430686501725322
3 0 0.02454110891611766
4 0 -0.38092399919204667
5 0 -2.6835090921860925
0 1 0.02454110891611766
0 2 -0.38092399919204667
1 2 5.393627546352362
4 3 5.393627546352362
5 3 4.477336814478206
5 4 4.882801922586371
0 5 -2.6835090921860925
1 5 4.477336814478206
2 5 4.477336814478206
5 5 3.5610460826040513
8 5 4.882801922586371
9 5 4.477336814478206
10 5 2.6855773452501515
2 6 5.393627546352362
5 6 4.477336814478206
5 7 4.477336814478206
6 7 5.393627546352362
9 8 5.393627546352362
10 8 4.988162438244197
10 9 5.393627546352362
5 10 2.6855773452501515
6 10 4.988162438244197
7 10 5.393627546352362
10 10 4.295015257684252
