0 0 0.06255199528866531
3 0 0.0715882013526028
4 0 -0.3338769067555616
5 0 -2.7906126795768653
0 1 0.0715882013526028
0 2 -0.3338769067555616
1 2 4.377153669932007
4 3 4.377153669932007
5 3 3.306712258230594
5 4 3.712177366338758
0 5 -2.7906126795768653
1 5 2.7677157574979065
2 5 2.7677157574979065
5 5 2.8194171318747974
7 5 0.6676549286153352
8 5 3.712177366338758
9 5 3.306712258230594
10 5 1.920417897110703
1 6 4.0406814333107945
2 6 4.2230029901047486
5 6 2.970240021609381
2 7 4.0406814333107945
5 7 2.8648795059515546
6 7 4.2230029901047486
6 8 2.2770928410494355
7 8 2.9702400216093805
9 8 4.2230029901047486
10 8 4.135991613115119
5 9 0.6676549286153352
6 9 2.9702400216093805
7 9 4.0688523102774905
10 9 4.2230029901047486
5 10 1.920417897110703
6 10 4.135991613115119
7 10 4.2230029901047486
10 10 3.1450099886393748
