0 0 0.16495219120371732
5 0 0.2087548138621102
6 0 -0.19671029424605427
7 0 -2.316973830446145
0 1 0.2087548138621102
0 2 0.2087548138621102
0 3 -0.19671029424605427
1 3 4.051784947803305
0 4 -0.19671029424605427
2 4 3.3586377672433594
6 5 2.9531726591351948
7 5 2.132192107065365
8 5 1.5668782980153044
7 6 2.4423470353692043
8 6 2.26002547857525
9 6 1.5668782980153044
0 7 -3.4155861191142547
1 7 2.2192034840549946
3 7 2.624668592163159
7 7 2.068380594320411
8 7 2.336986519711378
9 7 2.085672091430472
10 7 0.8329091229351039
4 8 2.665490586683414
9 8 3.3586377672433594
10 8 3.0709556947915786
2 9 2.665490586683414
4 9 2.665490586683414
10 9 3.3586377672433594
0 10 -1.583004655365945
2 10 3.0709556947915786
4 10 3.3586377672433594
10 10 2.377808514231633
