0 0 0.8363737644967771
3 0 0.8947845266531914
4 0 0.48931941854502703
5 0 -1.9955872312429734
0 1 0.8947845266531914
0 2 0.48931941854502703
1 2 3.3586377672433594
4 3 3.3586377672433594
5 3 2.26002547857525
5 4 2.665490586683414
5 5 2.26002547857525
8 5 1.486835590341768
10 5 0.7018808605286999
11 5 -1.6718001541490761
8 6 2.179982770901713
10 6 1.8004931491968095
11 6 0.11995931507897897
6 7 2.03688192726104
8 7 1.6691571471357227
9 7 2.03688192726104
10 7 1.8004931491968095
11 7 -0.796331416795176
10 8 1.8004931491968095
11 8 0.8131064956389245
10 9 1.8004931491968095
11 9 0.8131064956389242
7 10 0.19105523676270922
11 10 1.1645043824768129
0 11 -3.4425062141792986
1 11 0.8131064956389242
2 11 1.2185716037470886
6 11 0.8131064956389242
7 11 1.1495787322601374
8 11 -0.2477654650463385
9 11 0.8131064956389242
10 11 -1.0327201948594065
11 11 0.767986060358455
