0 0 1.2028946371055904
1 0 -2.163211424745295
3 0 0.4758459048699639
4 0 -1.3699807856283668
9 0 1.3025244780544318
12 0 0.429325889235071
13 0 -2.089103452591573
15 0 0.4758459048699639
18 0 0.7635279773217447
20 0 -2.4145258530262006
21 0 -0.6227663837981459
22 0 1.1689930854299093
24 0 -3.683037178489708
0 1 1.2514328168967206
2 1 0.8970593699462673
6 1 2.283353731066158
9 1 0.742908690119009
12 1 -0.11454154173221245
13 1 -2.227505775450692
15 1 2.283353731066158
18 1 1.8778886229579936
0 2 1.1031301069518855
9 2 1.6772179274958425
12 2 0.53208562319284
13 2 -0.8877314299656942
0 3 0.45650294202683284
1 3 1.5902065505062126
4 3 1.2848249009550308
10 3 1.9266787871274256
12 3 1.1382214267631554
0 4 0.3452773069166085
1 4 1.7368100246980878
4 4 -0.273319717091519
6 4 1.9779720815149762
9 4 0.03206193245966288
10 4 1.7548285302007665
12 4 0.9663711698364962
13 4 -0.9234495125677734
18 4 0.8793597928468666
19 4 1.9779720815149762
23 4 -0.7946166407248051
0 5 0.45650294202683284
1 5 1.8778886229579936
4 5 0.8793597928468666
10 5 1.5212136790192612
12 5 0.7327563186549911
18 5 2.725186483345197
2 6 3.536116699561526
9 6 2.283353731066158
12 6 1.8313686073231008
0 7 0.45650294202683284
2 7 2.8429695190015805
3 7 3.536116699561526
10 7 1.9266787871274256
11 7 4.229263880121471
0 8 1.1496501225867781
2 8 3.536116699561526
0 9 -2.182554387588426
1 9 0.3374435820108446
3 9 1.5902065505062126
4 9 0.4375270405678272
10 9 0.6739158186320575
12 9 1.7572606351693787
13 9 0.6628659824454727
20 9 -0.6070180268300067
23 9 -0.4892349911736233
1 10 0.6739158186320575
4 10 1.4671464577489854
10 10 1.0103880552532707
12 10 1.7260080916652745
13 10 0.0548766102258343
19 10 2.6198259676873707
20 10 -0.2705457902087937
23 10 -0.15276275455241028
24 10 -1.539057115672301
3 11 4.229263880121471
10 11 2.6198259676873707
12 11 1.8313686073231008
0 12 -1.9858440933423713
1 12 0.24647180380511788
4 12 1.1450629585798722
9 12 -0.8521404848629917
10 12 1.2760912209862765
12 12 -0.20551331993793906
13 12 0.8595762766915269
19 12 1.786916844752267
20 12 0.28283944797599286
23 12 -0.29252469692756894
24 12 -2.371966238607405
0 13 -2.273526165794152
1 13 0.40062248363237635
4 13 0.5916777203950855
7 13 0.40062248363237635
10 13 -0.5156682482417786
11 13 0.40062248363237635
12 13 -1.5918076810578297
13 13 0.9003982712117823
14 13 -2.2384348459828822
16 13 0.40062248363237635
18 13 -0.6979898050357334
20 13 1.0655987872256254
21 13 -0.6979898050357334
23 13 0.6237660349465862
24 13 -1.3603653269289249
0 14 -2.182554387588426
1 14 -0.35570359854910066
4 14 0.7252091130196082
5 14 1.1847414423980485
10 14 -0.01923136192788776
12 14 -0.8076887222921578
13 14 0.863536677907624
14 14 -0.35570359854910066
16 14 1.5902065505062126
17 14 -0.424696470036052
20 14 1.0024198856040938
23 14 0.20391218938632205
2 15 3.536116699561526
7 15 4.229263880121471
21 15 3.823798772013307
0 16 -0.9297914190930577
1 16 0.8970593699462673
5 16 2.4375044108934163
13 16 0.12386948171278571
14 16 1.5902065505062126
20 16 0.6457449416653613
21 16 2.4375044108934163
23 16 0.7635279773217447
24 16 -0.6227663837981459
0 17 -2.251547259075377
1 17 0.26845071052389335
4 17 -0.0369309390272886
5 17 1.8088957514710422
10 17 0.6049229471451064
12 17 -0.8766815937791091
13 17 0.34255868267761513
14 17 2.060210179751948
16 17 1.5212136790192614
17 17 -0.4936893415230035
20 17 0.42260139035115163
21 17 1.115748570911097
23 17 0.13491931789937084
2 18 2.4375044108934163
6 18 3.823798772013307
7 18 3.1306515914533617
9 18 1.1847414423980485
15 18 3.823798772013307
21 18 2.725186483345197
22 18 3.823798772013307
24 18 0.3580628692135805
23 19 2.1498223384416355
24 19 1.45667515788169
1 20 -0.6070180268300067
3 20 1.3388921222253065
5 20 0.9334270141171422
7 20 1.3388921222253065
11 20 2.0320393027852517
13 20 -1.7856730231716527
14 20 0.49159426183810306
16 20 2.0320393027852517
17 20 0.7102834628029325
21 20 0.9334270141171422
23 20 1.8985079101607292
24 20 0.917678657149003
0 21 -0.6421093466412768
2 21 2.4375044108934163
5 21 2.725186483345197
7 21 3.1306515914533617
17 21 1.8088957514710422
23 21 1.7443572303334711
24 21 -0.33508431134636485
24 22 1.8621402659898545
1 23 -0.4892349911736233
5 23 1.0512100497735257
8 23 1.45667515788169
13 23 -2.3610371680752147
14 23 1.1202029212604772
17 23 1.5212136790192614
24 23 1.4249264595671096
0 24 -3.0092329607728936
2 24 0.7635279773217447
4 24 -1.4877638212847504
5 24 0.3580628692135805
8 24 1.6798187091958996
10 24 -1.539057115672301
13 24 -1.9555720599670503
14 24 1.0148424056026508
17 24 1.4227736062060088
20 24 -1.0282314919063102
21 24 0.3580628692135805
23 24 -2.0090607449180364
24 24 1.366818828759829
