0 0 3.3508142538979175
3 0 3.0279526743249634
5 0 3.6613806201832864
6 0 3.373698547731505
74 0 3.6991209481661333
75 0 3.8044814638239597
114 0 0.6909661546135852
119 0 1.5018963708299138
0 1 3.482897839696497
1 1 3.3542804618744038
2 1 3.6419625343261846
3 1 3.5906692399386344
4 1 2.948815353766239
0 2 3.5813379125097495
1 2 3.6419625343261846
3 2 3.6419625343261846
0 3 3.56875913030289
1 3 1.7448425494403035
2 3 2.0325246218920845
3 3 3.0972353588845127
4 3 2.0325246218920845
5 3 2.879822482279288
6 3 1.339377441332139
73 3 2.0325246218920845
74 3 3.131136910560194
75 3 2.879822482279288
131 3 1.8502030650981298
134 3 1.0029052047109261
146 3 1.62705951378392
0 4 3.2936558400579687
1 4 4.047427642434349
2 4 4.33510971488613
3 4 3.2852875903874525
4 4 3.3542804618744038
5 5 3.2364974262180204
6 5 4.2480983378965
74 5 3.2364974262180204
75 5 3.2364974262180204
114 5 3.524179498669801
119 5 3.6419625343261846
5 6 1.8502030650981298
6 6 3.3542804618744038
75 6 1.8502030650981298
114 6 3.8870849923591697
119 6 4.047427642434349
7 7 3.4878118544989265
8 7 4.180959035058872
9 7 2.6768816382825977
12 7 2.255668173206294
15 7 3.7754939269507073
16 7 4.33510971488613
18 7 4.311012163307069
19 7 3.998637478264917
7 8 2.3891995658308165
8 8 2.948815353766239
9 8 3.796113214153443
12 8 2.2556681732062938
15 8 4.33510971488613
16 8 4.33510971488613
18 8 4.33510971488613
19 8 4.33510971488613
9 9 3.45964097753223
37 9 4.33510971488613
38 9 4.33510971488613
39 9 3.219105683506151
41 9 4.33510971488613
10 10 3.220368044288137
11 10 3.0257763949023677
12 10 3.3675256886244243
13 10 2.6818691797936367
10 11 3.5141291628162996
11 11 3.171958905080449
12 11 3.267269084884774
7 12 0.30975802415098075
9 12 2.2556681732062938
10 12 2.5631528729542548
12 12 3.066598389422623
13 12 3.567854562172463
15 12 2.2556681732062938
16 12 2.2556681732062938
18 12 2.2556681732062938
19 12 2.2556681732062938
7 13 4.144591390887997
8 13 3.8361185487671423
12 13 1.4083703128190905
13 13 3.567854562172463
16 13 3.3054902977049716
18 13 2.206878009036862
10 14 2.0776450571725538
11 14 2.826213031673907
14 14 3.1222215469022414
17 14 3.258237412854426
130 14 1.6647998417667669
9 15 4.33510971488613
37 15 4.33510971488613
38 15 4.33510971488613
39 15 2.7595733541277108
41 15 4.33510971488613
9 16 4.33510971488613
15 16 4.33510971488613
18 16 4.33510971488613
19 16 4.33510971488613
41 16 4.33510971488613
14 17 3.5619198266526486
17 17 3.4878118544989265
9 18 4.33510971488613
15 18 4.33510971488613
18 18 3.45964097753223
19 18 4.33510971488613
37 18 4.33510971488613
38 18 4.152788158092175
39 18 1.4786395086656468
41 18 4.33510971488613
9 19 4.33510971488613
15 19 4.33510971488613
37 19 4.33510971488613
38 19 4.33510971488613
39 19 2.5772517973337563
41 19 4.33510971488613
21 20 4.047427642434349
54 20 3.929644606777966
72 20 3.5931723701567524
20 21 2.948815353766239
21 21 3.3542804618744038
54 21 3.6419625343261846
72 21 3.754440517752875
23 22 3.035826730755869
24 22 2.543350245658075
25 22 4.201578322261607
30 22 4.33510971488613
32 22 3.929644606777966
23 23 3.3459816590597087
26 23 3.035826730755869
29 23 1.244067261527814
31 23 1.50977042726082
57 23 1.244067261527814
60 23 1.244067261527814
67 23 1.9372144420877595
142 23 3.628890452758832
147 23 3.8004328752979597
22 24 4.152788158092175
23 24 2.3967467714661996
24 24 3.45964097753223
25 24 3.759745569982568
30 24 4.152788158092175
31 24 -0.5921439702710747
32 24 3.8870849923591697
142 24 -0.09570708395718354
147 24 -0.3470215122380897
22 25 2.2556681732062938
23 25 4.0166559837675955
24 25 2.1686567962166645
25 25 3.43432316954794
30 25 2.2556681732062938
31 25 1.0660841063324575
32 25 1.8502030650981298
142 25 1.6960523852708713
147 25 1.4447379569899652
36 26 4.33510971488613
141 26 2.7256718024520294
142 26 3.082346746390762
147 26 2.831032318109856
20 27 2.7256718024520294
21 27 2.7256718024520294
27 27 2.1164061058727865
28 27 2.021595551359894
34 27 1.8612529012847145
35 27 2.592140409827507
54 27 2.3202066943438653
62 27 1.7357927139203855
63 27 0.6462302607721937
70 27 1.5470168061103835
72 27 1.1852267615048806
27 28 1.1996154989569803
28 28 3.2231765822423597
34 28 0.2063637259466968
62 28 2.223426574542392
63 28 2.29822778762509
70 28 0.8318907188316629
23 29 1.244067261527814
29 29 2.948815353766239
31 29 3.1455256480122933
57 29 4.047427642434349
60 29 3.6419625343261846
67 29 4.047427642434349
69 29 3.3542804618744038
23 30 3.32350880320765
24 30 2.543350245658075
25 30 4.201578322261607
32 30 3.929644606777966
23 31 1.6349335702148258
24 31 0.9119334265051993
29 31 3.725344143265236
31 31 3.3163947110744605
32 31 0.1010032102888706
57 31 3.3968400762932
60 31 3.4509072975634756
67 31 3.550990756120458
69 31 2.5213713389392995
142 31 0.8631432623357673
147 31 0.7941503908488159
22 32 3.2364974262180204
23 32 3.2364974262180204
24 32 3.2364974262180204
25 32 3.9902692285944004
30 32 3.2364974262180204
32 32 3.2364974262180204
33 33 3.348345726354589
40 33 2.581090573640922
55 33 3.474908449663018
58 33 3.6419625343261846
98 33 -0.714746292363407
101 33 3.004904820417283
103 33 0.38386599630470253
20 34 2.6487107613159013
21 34 2.292035817377169
27 34 2.3543397007133238
28 34 -0.1503112179920356
34 34 2.4347838651066156
35 34 2.9851829979371143
54 34 1.5500984726477915
62 34 1.2350174260078963
63 34 1.0392728488818008
70 34 2.5851973555935754
27 35 2.592140409827507
28 35 1.1996154989569803
34 35 2.831032318109856
70 35 1.7701603574245932
36 36 3.524179498669801
141 36 4.266116843399178
143 36 0.7515907764300199
145 36 2.292035817377169
38 37 4.33510971488613
39 37 3.6068712145149147
39 38 3.675864086001866
39 39 3.587795067454101
80 39 3.910568459717152
113 39 3.8415755882302003
33 40 3.533748949685952
40 40 3.1494860492283907
55 40 2.543350245658075
58 40 2.543350245658075
101 40 2.0733466164123393
37 41 4.33510971488613
38 41 4.33510971488613
39 41 3.5327632423611925
42 42 3.45964097753223
44 42 4.152788158092175
52 42 -0.0215991118034617
81 42 3.9902692285944004
83 42 1.4447379569899652
84 42 2.3541082460195466
86 42 3.4035515108811865
46 43 3.2364974262180204
47 43 2.3202066943438653
48 43 2.9311157766668385
50 43 2.0325246218920845
81 43 1.8502030650981298
83 43 1.4447379569899652
84 43 2.8136405753979865
86 43 2.2248965145395405
42 44 2.543350245658075
81 44 4.047427642434349
83 44 2.543350245658075
84 44 2.5772517973337563
86 44 3.54665235452186
47 45 3.418818983011975
48 45 2.083817916279635
82 45 3.3700288188425427
85 45 3.418818983011975
87 45 3.2364974262180204
45 46 4.33510971488613
47 46 4.11196616357192
48 46 3.693255828713735
45 47 3.8242840911201395
46 47 2.7256718024520294
47 47 3.313458467354149
48 47 3.0770696892899183
82 47 2.859203195076552
85 47 2.9079933592459843
87 47 3.2364974262180204
43 48 0.29205844705157985
45 48 3.78856600851806
46 48 3.0001086481537897
47 48 3.5424329389791516
48 48 3.2502528012865057
49 48 1.3906707357196897
50 48 1.9784574006218085
53 48 1.796135843827854
82 48 2.440492860218367
83 48 0.29205844705157985
85 48 1.8606743649654252
87 48 2.083817916279635
27 49 2.3202066943438653
28 49 3.0967354838428616
49 49 3.2364974262180204
50 49 1.62705951378392
53 49 2.543350245658075
54 49 2.831032318109856
27 50 1.1768585118343642
28 50 1.7874021638590993
49 50 4.192008871245457
50 50 3.5141291628163
53 50 4.229749199228304
54 50 3.131136910560194
42 51 3.418818983011975
44 51 3.2364974262180204
51 51 3.361660569172026
52 51 3.444136790996265
81 51 1.8502030650981296
84 51 -1.7402363162025543
86 51 0.61545860210544
88 51 3.824284091120139
42 52 3.444136790996265
44 52 3.1564547185444836
51 52 3.2517648983488088
52 52 3.2995555621851573
81 52 2.581090573640922
84 52 0.012302439872219571
86 52 1.9372144420877593
88 52 3.561919826652648
27 53 2.093149243708519
28 53 2.75776011700353
49 53 4.152788158092175
50 53 2.0325246218920845
53 53 3.3542804618744038
54 53 3.2364974262180204
21 54 2.543350245658075
27 54 1.1570558845381844
28 54 2.1804447519687065
49 54 2.1378851375499104
50 54 0.9339123332239747
54 54 2.1378851375499104
72 54 3.4878118544989265
98 55 3.2364974262180204
101 55 4.33510971488613
103 55 2.543350245658075
31 56 1.1996154989569803
59 56 3.2364974262180204
64 56 4.33510971488613
68 56 4.33510971488613
69 56 2.948815353766239
24 57 3.831204533964713
25 57 1.9679861007545132
32 57 3.2364974262180204
57 57 3.3542804618744038
60 57 3.6419625343261846
67 57 2.948815353766239
69 57 4.047427642434349
55 58 4.33510971488613
58 58 3.2364974262180204
98 58 2.831032318109856
101 58 4.33510971488613
103 58 2.543350245658075
31 59 1.1996154989569805
56 59 3.929644606777966
59 59 3.45964097753223
64 59 4.33510971488613
68 59 4.180959035058872
69 59 2.7664937969722847
24 60 3.796113214153443
25 60 2.2556681732062938
32 60 3.2364974262180204
57 60 3.6419625343261846
60 60 2.948815353766239
67 60 2.948815353766239
69 60 4.047427642434349
61 61 3.1956754316977656
76 61 3.404832741037235
116 61 3.6419625343261846
118 61 3.536602018668358
120 61 3.418818983011975
123 61 -0.4523820278959159
127 61 0.592163039501918
128 61 3.6419625343261846
27 62 1.8873426120475865
28 62 -0.46539226463193084
34 62 2.1288353020299926
62 62 2.614532100142408
63 62 2.957784023749
70 62 1.7701603574245932
27 63 2.2556681732062938
34 63 2.1378851375499104
35 63 3.2364974262180204
62 63 2.5159512714699606
63 63 2.1378851375499104
70 63 0.6715480687564837
31 64 3.550990756120458
64 64 3.3542804618744038
68 64 3.4878118544989265
61 65 3.3203789101987224
65 65 3.5084311417016623
76 65 3.5084311417016623
56 66 4.33510971488613
59 66 4.33510971488613
68 66 2.3891995658308165
69 66 2.948815353766239
98 66 3.0541758694240655
103 66 2.543350245658075
24 67 3.554951157336555
25 67 1.5625209926463486
32 67 3.2364974262180204
57 67 4.047427642434349
60 67 4.047427642434349
67 67 2.948815353766239
69 67 4.047427642434349
23 68 -0.008695706967553821
29 68 2.794664673938981
31 68 3.4125884332613388
64 68 3.7754939269507073
68 68 3.4878118544989265
22 69 4.047427642434349
24 69 3.8651060856403943
25 69 1.9679861007545132
30 69 3.6419625343261846
31 69 0.9119334265051993
32 69 3.2364974262180204
59 69 1.1570558845381844
64 69 2.948815353766239
68 69 2.9488153537662396
69 69 2.6611332813144584
20 70 1.7701603574245932
21 70 1.4824782849728124
27 70 1.5470168061103835
34 70 2.722818733469623
62 70 1.6856029693965302
63 70 0.6715480687564837
70 70 3.194195046527331
71 71 2.948815353766239
77 71 3.3542804618744038
78 71 3.066598389422623
79 71 4.248098337896501
72 72 3.519064398003031
100 72 2.30915685815728
110 72 2.2137508883246237
112 72 3.6884825499610776
0 73 1.5018963708299138
1 73 4.33510971488613
2 73 4.33510971488613
3 73 2.7256718024520294
4 73 4.33510971488613
132 73 4.33510971488613
146 73 3.2364974262180204
5 74 3.929644606777966
6 74 4.33510971488613
75 74 3.2364974262180204
114 74 3.3906481060452784
119 74 3.6419625343261846
5 75 3.929644606777966
6 75 4.2480983378965
74 75 3.929644606777966
75 75 3.2364974262180204
114 75 3.3418579418758467
119 75 3.6419625343261846
61 76 3.472886204282251
76 76 3.350156744690542
116 76 3.524179498669801
118 76 3.2364974262180204
120 76 3.3906481060452784
127 76 0.6975235551597443
128 76 3.524179498669801
33 77 1.536545506243088
40 77 3.054175869424066
77 77 3.4083476831446795
78 77 3.5084311417016623
33 78 2.196244752735493
40 78 3.2364974262180204
77 78 3.297122048034455
78 78 3.3007917769234174
71 79 1.8502030650981298
77 79 3.554951157336555
78 79 3.4843335901226014
79 79 3.45964097753223
113 80 7.0431599159883405
43 81 1.8502030650981298
81 81 2.948815353766239
83 81 2.2556681732062938
84 81 3.19243743642399
86 81 3.258970282070079
51 82 1.9147415862357007
52 82 1.6700768988676107
82 82 2.8512350254273753
85 82 3.344711010858253
87 82 3.3700288188425427
91 82 3.2364974262180204
92 82 3.2364974262180204
93 82 3.2600279236282144
95 82 3.082346746390762
43 83 3.054175869424066
48 83 1.5448214155469477
49 83 2.1378851375499104
50 83 2.7256718024520294
53 83 2.543350245658075
81 83 1.1570558845381844
83 83 2.831032318109856
84 83 2.759573354127711
86 83 2.8535051739619144
43 84 2.759573354127711
48 84 0.6624322353484741
50 84 2.47189128167593
53 84 1.3732789930078204
81 84 1.884104616773811
83 84 3.2703989778937017
84 84 3.0076898263733005
86 84 2.647456056007005
82 85 3.146885267528333
85 85 3.1956754316977656
87 85 3.418818983011975
91 85 3.1956754316977656
92 85 4.11196616357192
93 85 3.131136910560194
43 86 2.6303616226477047
48 86 0.7845349321493738
50 86 2.679151786817137
81 86 2.8535051739619144
83 86 2.710404330321241
84 86 3.012569868591602
86 86 2.7173729996373344
82 87 3.1877072620485882
85 87 3.5729696628392333
87 87 3.2364974262180204
91 87 2.7256718024520294
92 87 4.33510971488613
93 87 2.543350245658075
42 88 4.33510971488613
44 88 4.33510971488613
51 88 3.0133538749038102
52 88 3.1564547185444836
43 89 2.1378851375499104
46 89 2.543350245658075
47 89 0.9339123332239747
48 89 1.6783528081714705
89 89 3.9743053776053863
90 89 3.796113214153443
94 89 3.831204533964713
96 89 3.45964097753223
97 89 4.136258856140965
43 90 3.2364974262180204
47 90 2.0325246218920845
48 90 3.0001086481537897
89 90 3.091916197406913
90 90 2.948815353766239
94 90 4.047427642434349
96 90 4.33510971488613
51 91 2.6566789309650782
52 91 2.3579470223267123
82 91 2.7256718024520294
85 91 1.1162338900179294
91 91 3.313458467354149
93 91 3.7671256772801907
95 91 4.11196616357192
82 92 3.370028818842543
85 92 2.7256718024520294
91 92 3.8242840911201395
92 92 3.2364974262180204
93 92 3.2364974262180204
51 93 2.831032318109856
52 93 2.6864510892987483
82 93 2.756924345956134
85 93 0.9339123332239747
91 93 3.331807606022345
93 93 3.2364974262180204
95 93 4.152788158092175
43 94 3.2364974262180204
46 94 4.047427642434349
47 94 3.131136910560194
48 94 3.2232521994679995
89 94 1.7056218362870221
90 94 2.948815353766239
94 94 3.3542804618744038
96 94 4.33510971488613
51 95 3.7065010554637556
52 95 3.7160705064799067
43 96 3.2364974262180204
46 96 4.33510971488613
47 96 3.418818983011975
48 96 3.693255828713735
96 96 3.2364974262180204
43 97 1.2905872771627072
48 97 0.13790776722432155
89 97 4.14173832190559
90 97 4.261001742732408
94 97 3.9473441838773664
96 97 3.4878118544989265
97 97 4.030898340483138
56 98 3.3906481060452784
59 98 3.414178603455473
64 98 1.8502030650981298
66 98 3.524179498669801
68 98 2.3891995658308165
69 98 1.8502030650981298
98 98 3.2271950335557067
99 98 3.6960297555964603
103 98 3.45964097753223
104 98 3.8426332297883357
56 99 4.33510971488613
59 99 4.152788158092175
66 99 4.33510971488613
69 99 2.2556681732062938
98 99 3.2364974262180204
99 99 2.948815353766239
103 99 2.543350245658075
100 100 2.942880618246425
106 100 2.280985981190584
107 100 2.8687726460927028
108 100 2.781761269103073
109 100 2.027989466726693
110 100 3.084995754562339
111 100 1.4824782849728124
112 100 1.7701603574245932
98 101 3.6419625343261846
101 101 3.5084311417016623
103 101 3.45964097753223
102 102 3.4878118544989265
105 102 3.593172370156753
115 102 2.328574944014382
117 102 3.082346746390762
122 102 3.082346746390762
124 102 4.180959035058872
129 102 3.4878118544989265
130 102 3.1070393589811336
56 103 2.543350245658075
59 103 3.054175869424066
66 103 3.929644606777966
68 103 1.6960523852708715
69 103 1.1570558845381844
98 103 3.4816198842510055
99 103 3.929644606777966
103 103 3.3165401338915568
104 103 3.929644606777966
59 104 3.6419625343261846
66 104 4.33510971488613
98 104 3.3906481060452784
99 104 4.33510971488613
103 104 3.2364974262180204
102 105 3.6884825499610776
105 105 3.2364974262180204
115 105 2.4827256238416404
117 105 3.2364974262180204
122 105 3.524179498669801
124 105 4.33510971488613
129 105 3.2364974262180204
130 105 2.879822482279288
71 106 3.929644606777966
79 106 3.6419625343261846
106 106 2.1378851375499104
107 106 3.2364974262180204
108 106 2.543350245658075
109 106 3.538778298090954
111 106 3.45964097753223
106 107 3.929644606777966
108 107 4.047427642434349
109 107 3.4478065198852272
111 107 4.047427642434349
71 108 2.948815353766239
79 108 2.2556681732062938
106 108 3.796113214153443
107 108 2.948815353766239
108 108 3.171958905080449
109 108 3.612109571176503
111 108 3.759745569982568
71 109 3.6419625343261846
77 109 1.5018963708299138
78 109 1.4373578496923427
79 109 3.471337017295421
106 109 3.1758728044015854
107 109 2.600508659498024
108 109 3.005973767606188
109 109 3.293655840057969
111 109 3.482897839696497
100 110 3.1213633987332137
106 110 1.9486431379113822
107 110 2.9137240339549693
108 110 2.3541082460195466
109 110 1.8234799949573761
110 110 3.097686280206384
111 110 1.1909574362138655
112 110 2.066426173567766
71 111 3.8651060856403943
77 111 0.4639087039782391
79 111 3.3542804618744038
106 111 3.6419625343261846
108 111 3.171958905080449
109 111 3.4478065198852272
111 111 3.3542804618744038
100 112 3.3795982698586937
110 112 3.2703989778937017
61 114 1.54004813679429
65 114 3.7841370231067275
76 114 1.1193155565553374
102 114 0.8851221690545428
105 114 0.3461256683218556
114 114 3.2271950335557067
115 114 2.1080321744002295
119 114 3.3906481060452784
125 114 -0.9531573158084053
126 114 2.543350245658075
102 115 3.4680092272027467
105 115 3.5813379125097495
114 115 0.40328408216180434
115 115 3.263802876908288
117 115 3.8997916436282845
122 115 3.1113342832640143
124 115 2.600508659498024
125 115 0.20261338669965304
126 115 3.8997916436282845
129 115 2.195043551389859
130 115 1.9401513017610692
118 116 4.047427642434349
120 116 4.33510971488613
123 116 1.8502030650981298
127 116 2.8947481324959634
128 116 3.6419625343261846
102 117 3.998637478264917
105 117 3.929644606777966
115 117 2.600508659498024
122 117 3.929644606777966
124 117 4.33510971488613
130 117 2.0325246218920845
116 118 2.948815353766239
118 118 3.3542804618744038
120 118 2.948815353766239
123 118 2.7664937969722847
127 118 3.0001086481537897
128 118 2.948815353766239
61 119 2.0325246218920845
65 119 3.759745569982568
76 119 1.4447379569899652
114 119 3.524179498669801
119 119 2.948815353766239
118 120 4.047427642434349
123 120 2.543350245658075
127 120 3.0001086481537897
114 121 1.4447379569899652
115 121 2.5134972825083937
121 121 2.6611332813144584
123 121 2.2556681732062938
125 121 2.948815353766239
127 121 2.5301050189080545
102 122 3.370028818842543
105 122 2.831032318109856
115 122 2.195043551389859
121 122 2.543350245658075
122 122 2.1378851375499104
124 122 3.929644606777966
125 122 2.4480400658537502
127 122 1.6783528081714705
130 122 2.6386604254623998
114 123 0.9057414562572783
115 123 1.214214298378133
121 123 2.543350245658075
122 123 2.1378851375499104
123 123 2.831032318109856
125 123 2.8862949967849056
127 123 2.701253275103884
129 124 4.33510971488613
130 124 3.9784347709473975
102 125 -0.008695706967553821
114 125 1.244067261527814
115 125 2.5379883025166894
121 125 3.1899774105831273
122 125 1.5317493339795953
123 125 1.9372144420877595
125 125 2.9066149992758628
126 125 1.9372144420877595
127 125 2.4892830243877992
102 126 3.998637478264917
105 126 4.33510971488613
115 126 2.888190731949804
117 126 4.33510971488613
122 126 3.929644606777966
114 127 0.5797405195033608
115 127 1.4196582725929419
121 127 2.8077367555063337
122 127 1.796135843827854
123 127 2.948815353766239
125 127 2.74227953885169
127 127 2.6875585091239955
116 128 3.6419625343261846
118 128 4.047427642434349
120 128 4.33510971488613
123 128 1.8502030650981298
127 128 2.8947481324959634
128 128 2.948815353766239
14 129 2.8687726460927028
130 129 3.536602018668358
10 130 1.298555446811884
11 130 1.5625209926463486
14 130 2.6764007534452467
17 130 2.4845097456351417
129 130 3.418818983011975
130 130 3.2994722253794087
1 131 2.2556681732062938
3 131 0.9339123332239747
4 131 1.1570558845381844
73 131 4.152788158092175
131 131 3.054175869424066
132 131 3.929644606777966
134 131 3.2001297820471457
137 131 2.543350245658075
146 131 4.152788158092175
0 132 2.600508659498024
1 132 4.33510971488613
2 132 4.33510971488613
3 132 3.131136910560194
4 132 4.33510971488613
131 133 2.1866753017193425
133 133 3.0972353588845127
134 133 1.3393774413321393
135 133 3.418818983011975
136 133 2.7797390237223056
137 133 2.592140409827507
138 133 3.5058303600016045
139 133 2.3689968585132974
140 133 2.7256718024520294
1 134 2.8747073816125175
2 134 3.082346746390762
3 134 1.9584166497383624
4 134 3.082346746390762
73 134 3.3054902977049716
131 134 3.6419625343261846
132 134 3.082346746390762
134 134 3.2001297820471457
137 134 2.1015174933790357
146 134 3.5418790757692022
131 135 1.8502030650981298
133 135 3.418818983011975
134 135 2.6123431171450266
135 135 2.948815353766239
136 135 1.4447379569899652
137 135 3.6419625343261846
138 135 3.035826730755869
131 136 0.3461256683218556
133 136 3.5965001602494273
134 136 1.2905872771627072
135 136 3.0541758694240655
136 136 2.9851829979371143
137 136 2.1378851375499104
138 136 2.6844288439179804
139 136 3.1675045547310687
140 136 2.831032318109856
3 137 1.8989932292675618
131 137 3.3542804618744038
134 137 3.806265585617461
137 137 3.5084311417016623
146 137 0.4639087039782391
131 138 1.9372144420877595
133 138 2.7256718024520294
134 138 2.006207313574711
135 138 3.32350880320765
136 138 2.3790471943667986
137 138 3.595442518691292
138 138 2.940516550951544
139 138 2.7701235650228635
140 138 2.8535051739619144
133 139 2.9079933592459843
135 139 3.131136910560194
136 139 3.524179498669801
138 139 2.7256718024520294
139 139 3.467609147181407
140 139 4.11196616357192
133 140 3.536602018668358
135 140 3.6419625343261846
136 140 3.747323049984011
138 140 2.6303616226477047
139 140 2.7256718024520294
140 140 2.948815353766239
141 141 3.5366020186683587
143 141 3.5906692399386344
144 141 3.131136910560194
145 141 3.966458579900682
26 142 3.998637478264917
36 142 3.9055470551989053
141 142 2.4845097456351417
142 142 3.439021690329495
147 142 3.524179498669801
133 143 2.0325246218920845
136 143 2.831032318109856
138 143 2.748144658304088
139 143 3.418818983011975
143 143 3.3542804618744038
144 143 3.6419625343261846
145 143 3.1719589050804493
133 144 2.7256718024520294
136 144 3.2364974262180204
138 144 3.035826730755869
139 144 3.131136910560194
143 144 3.6419625343261846
145 144 2.543350245658075
133 145 1.7448425494403035
136 145 2.5974174669283507
138 145 2.6303616226477047
139 145 2.543350245658075
143 145 3.929644606777966
144 145 4.152788158092175
145 145 3.554951157336555
0 146 0.8087491902699686
1 146 3.7220052419997214
2 146 3.2364974262180204
3 146 2.543350245658075
4 146 4.201578322261607
73 146 3.929644606777966
132 146 4.33510971488613
134 146 2.6768816382825977
146 146 3.45964097753223
26 147 4.083795286605224
36 147 3.832480858324318
141 147 1.914741586235701
142 147 3.747323049984011
147 147 3.524179498669801
