0 0 0.3383723071654964
3 0 -2.6126240725471033
5 0 0.4318983651763199
7 0 -0.09134977858822796
8 0 -2.5709513761465352
9 0 -1.3598611040517352
10 0 0.02643325706815543
12 0 0.4318983651763199
13 0 0.02643325706815543
15 0 -2.2761518359258903
0 1 0.4318983651763199
0 2 0.4318983651763199
0 3 -0.12771742275910297
1 3 2.7990219793079367
6 3 2.7990219793079367
7 3 0.6017974019717174
8 3 -1.051125622402122
0 4 0.02643325706815543
2 4 3.3586377672433594
3 5 0.6017974019717174
6 5 2.5477075510270306
7 5 2.4299245153706472
8 5 1.3366172789322306
13 5 2.5477075510270306
15 5 0.9382696385929302
16 5 -0.39673142813940976
7 6 2.5477075510270306
8 6 1.5879317072131367
3 7 0.6017974019717174
6 7 2.5477075510270306
7 7 0.3504829736908112
8 7 1.8756137796649177
0 8 -2.7251020559737937
1 8 1.5879317072131367
3 8 1.8392461354940428
8 8 1.4390860796155716
14 8 1.993396815321301
15 8 1.364788155898927
16 8 -0.6633600913933585
8 9 1.993396815321301
8 10 1.5879317072131367
9 10 4.051784947803305
8 11 1.5879317072131367
9 11 4.051784947803305
8 12 0.8947845266531914
9 12 4.051784947803305
10 12 4.74493212836325
15 13 3.1354942159291497
16 13 2.493640329756755
15 14 3.1354942159291497
16 14 2.493640329756755
16 15 2.899105437864919
0 16 -2.2248585415383397
2 16 2.493640329756755
4 16 2.899105437864919
8 16 -2.049654452513249
9 16 1.8004931491968095
11 16 2.899105437864919
16 16 2.151891036034698
