0 0 2.2915021665773696
1 0 -0.23383526692847864
2 0 -1.8395688477988261
11 0 1.9773582405833763
18 0 -0.3630042167446994
19 0 -0.33841116112588715
23 0 -1.416404162591261
1 1 1.5939928360311428
2 1 1.491314261499377
3 1 0.29792356650397794
5 1 -0.35885596988509255
6 1 -0.4383957859211761
8 1 -2.1444234688652264
9 1 0.27382601492491754
10 1 0.9505793857091862
12 1 0.7134390104656437
13 1 -1.7939404951744151
15 1 -0.9548394019913901
23 1 1.8020009632802518
1 2 1.5363825469010832
2 2 1.5220067377807767
3 2 -0.19629432086235224
5 2 -0.6524031617892714
6 2 -1.331564100374477
8 2 -3.536582949437515
9 2 -0.14977430522745933
10 2 1.6723826411849667
12 2 0.0913877515894285
13 2 -1.106658434066868
15 2 -0.04441378956963301
16 2 -1.9209144872527788
17 2 -1.9325651044727539
23 2 1.4112900229224252
1 3 -2.099971706294393
2 3 -3.4921311868666813
3 3 2.1648931485673604
4 3 2.3034588370426423
5 3 2.2657185090597953
6 3 0.4153745889716448
7 3 0.8693738120864033
8 3 0.506468318397035
13 3 -0.91233532128815
14 3 0.0809164517221332
20 3 1.244067261527814
3 4 1.3871681051684874
4 4 2.5010478659673856
5 4 2.5173747592548144
6 4 -0.546609370561409
7 4 0.6070095476189123
8 4 -0.26672156983644685
13 4 -2.4011452459336358
14 4 2.1474545885660614
16 4 -0.5969632567070235
17 4 -0.7421452665515215
3 5 1.819431406431376
4 5 2.568668053642365
5 5 2.3155663147873633
6 5 -0.25299256258981334
7 5 0.8693738120864033
8 5 -0.1866788621629102
13 5 -1.627955357700154
14 5 2.1911296520687227
16 5 -2.7141451263697065
17 5 -1.473032775094314
20 5 1.4447379569899652
21 5 -3.199652942151407
1 6 -0.7867024801893919
2 6 -0.41527336850032215
3 6 0.27722425049082783
5 6 -2.412476811943186
6 6 2.1553863216320948
7 6 1.2118641210331795
8 6 1.9408819278611238
20 6 1.458724198964705
21 6 -2.0870544115085576
22 6 -1.2567061094351275
3 7 -2.221668641271912
6 7 0.9107590282492578
7 7 2.5965947601768873
8 7 0.8249220495155696
20 7 2.6611332813144584
21 7 1.8159698934558874
22 7 2.2105477379258245
1 8 -0.22261087138897365
2 8 -0.07084704663778861
3 8 -0.2819890419672351
6 8 1.8569165477437894
7 8 1.42275905027119
8 8 1.675039195672055
13 8 -1.873077815733139
16 8 0.14307442420955754
17 8 -1.495011681813089
20 8 1.8927626795169257
21 8 -1.6530159309563373
22 8 -0.621996933420756
23 8 0.37293692577251236
1 9 -2.339942577741128
2 9 -0.5132262334452156
9 9 2.4340658147036316
10 9 0.6163308590723157
12 9 2.3789620553773467
13 9 0.182694873997455
15 9 1.3094780396322612
16 9 -1.768492332158702
17 9 -0.46675535906687454
1 10 0.1801405308475944
2 10 1.4888627618989032
3 10 -0.621800179853963
5 10 -1.5997844807334576
9 10 0.40072980235670763
10 10 2.2533980246717547
12 10 0.39676940114061054
13 10 0.3179547913551594
15 10 1.2905872771627072
16 10 -0.2842982537647337
17 10 -0.12310605814529796
0 11 1.9237055270910564
1 11 -0.39522361405596734
2 11 -1.9697046514222107
11 11 2.093965903615075
18 11 0.38565650707849086
19 11 0.4007298023567073
23 11 -1.6155328377015967
2 12 0.19674826724725492
9 12 2.411672421682875
10 12 1.0617457047338594
12 12 2.142008854733773
13 12 -0.09402499777419884
15 12 1.089916581700556
16 12 -1.528521460711967
17 12 -0.06426555812236462
3 13 0.6250280531215906
4 13 -2.404226912471044
5 13 -0.589583149409401
8 13 -0.8953302292588209
13 13 2.3913340383594495
14 13 1.3001567281788575
15 13 0.6127075687335503
16 13 0.3775963832911072
17 13 0.18739069207265419
3 14 -0.8353742801520219
4 14 1.077013176864648
5 14 0.40675029013829056
13 14 1.8060318467849923
14 14 2.8749744399663544
16 14 0.47941289051420427
17 14 0.9134338018804339
1 15 -0.1720800627417578
2 15 -0.8710923627541011
3 15 1.5278354346584588
5 15 0.5047306984984942
13 15 1.1407194652184909
15 15 1.2260487560251359
16 15 1.0607686650860326
17 15 1.6404825341160605
1 16 0.01024149405219692
2 16 -0.4328374318229458
8 16 0.37293692577251225
9 16 -2.4628306980888004
10 16 -1.2100677295934326
12 16 -1.4107384250555839
13 16 -0.8595847559026212
15 16 1.0029052047109261
16 16 1.6742091030352355
17 16 1.5924733149297
23 16 0.29400966718284155
1 17 -1.028947374145112
2 17 -0.8917116499568367
8 17 -0.1466735275492111
13 17 -2.2239387898064513
15 17 1.4677937332898914
16 17 1.77746777675638
17 17 1.9012757063515104
23 17 -0.5375398362362228
0 18 -0.14789283712775386
1 18 -2.075191677295906
11 18 0.23537430402915294
18 18 1.8051519995932768
19 18 1.3892433404732172
21 18 -0.10568222901400322
22 18 -0.6793278651598643
0 19 -0.7164772950459369
1 19 -3.999361839714813
11 19 0.422236007577671
18 19 1.4401190111336706
19 19 1.8384727253126398
21 19 -0.7353655795661428
22 19 -1.4736331954065578
7 20 3.3542804618744038
21 20 1.4824782849728124
22 20 2.600508659498024
0 21 -0.004791993487080475
7 21 0.789331104412867
11 21 -0.5428960354367479
18 21 -0.08829048630213408
19 21 -0.3724600858767744
21 21 2.315944666211554
22 21 2.3128265870462426
0 22 0.4447838130685569
7 22 1.4373578496923427
11 22 -0.06671954708393124
18 22 -1.6444087612034515
19 22 -1.6967767467207675
21 22 2.3749583681532487
22 22 2.3193412680674363
1 23 1.754598724385668
2 23 1.208349178925735
3 23 -0.2757584922165991
5 23 -0.6347035846898708
6 23 0.4778949459529788
8 23 -1.5729732232828009
9 23 0.5329015754651907
10 23 0.022075951699199826
12 23 0.4173886883433462
23 23 1.9679861007545132
