0 0 0.2511832377264379
5 0 0.003241493924171023
6 0 -0.2686922215594709
7 0 -2.7771293687576653
0 1 -0.11454154173221245
5 1 1.7443572303334711
6 1 1.1847414423980485
7 1 -0.6305485242402008
10 1 3.1306515914533617
12 1 1.5212136790192612
0 2 0.29092356637595185
0 3 -0.5200066498403769
1 3 3.1306515914533617
5 3 1.7443572303334711
6 3 1.1847414423980485
10 3 3.1306515914533617
0 4 -0.11454154173221245
2 4 4.229263880121471
6 5 2.8429695190015805
7 5 1.720826732923277
9 5 1.7443572303334711
10 5 2.8429695190015805
12 5 1.2335316065674804
7 6 2.259823233655964
0 7 -3.1825944768658294
1 7 1.8543581255477994
3 7 2.259823233655964
5 7 -0.2250834161320365
7 7 1.6341173338915511
11 7 2.259823233655964
12 7 1.6312145742335897
13 7 -0.09155202350751382
7 8 2.259823233655964
7 9 1.8543581255477994
8 9 3.823798772013307
8 10 3.823798772013307
9 10 3.823798772013307
12 10 3.312973148247316
12 11 3.312973148247316
13 11 2.976500911626103
7 12 -0.4482269674462462
8 12 2.2143608595792066
9 12 2.2143608595792066
13 12 3.158822468420058
0 13 -2.7535988713474713
2 13 2.976500911626103
4 13 3.381966019734268
7 13 -0.7846992040674591
8 13 2.571035803517939
9 13 2.976500911626103
13 13 2.534668159347064
