0 0 0.06081356711733249
4 0 0.07061756721395342
5 0 -0.33484754089421115
6 0 -2.4943317902475832
0 1 0.07061756721395342
0 2 -0.33484754089421115
1 2 4.295015257684252
0 3 -0.33484754089421115
1 3 4.295015257684252
5 4 4.295015257684252
6 4 3.52182536945077
6 5 3.9272904775589343
0 6 -2.899796898355748
1 6 2.828678188890825
2 6 3.5218253694507697
6 6 2.7486354812172884
9 6 3.9272904775589343
10 6 3.5218253694507697
11 6 1.730065900222715
1 7 3.6018680771243066
2 7 4.007333185232471
6 7 3.5218253694507697
0 8 -2.126607010122266
1 8 3.196402969016142
2 8 3.6018680771243066
3 8 4.295015257684252
6 8 2.828678188890825
7 8 4.295015257684252
10 9 4.295015257684252
11 9 3.8895501495760874
11 10 4.295015257684252
1 11 2.0977906803480324
3 11 3.8895501495760874
6 11 1.3246007921145506
7 11 3.8895501495760874
8 11 4.295015257684252
11 11 3.196402969016142
