0 0 0.17691523941017473
3 0 0.2009404189971647
4 0 -0.20452468911099989
5 0 -3.0948964470071645
8 0 0.2009404189971647
10 0 -0.20452468911099989
12 0 -3.5367291992862038
0 1 0.2009404189971647
0 2 -0.20452468911099989
1 2 3.536116699561526
4 3 3.823798772013307
5 3 2.319721375237033
5 4 2.725186483345197
0 5 -2.8072143745553837
1 5 2.0320393027852517
2 5 2.0320393027852517
5 5 2.0443093953770664
7 5 0.017136282242987237
9 5 2.725186483345197
11 5 2.319721375237033
12 5 0.08612915372993854
1 6 2.6198259676873707
2 6 3.312973148247316
5 6 2.2143608595792066
2 7 2.6198259676873707
5 7 2.096577823922823
6 7 3.312973148247316
10 8 4.922411060681417
12 8 2.976500911626103
6 9 1.9266787871274256
7 9 1.9266787871274256
11 9 3.536116699561526
12 9 2.6888188391743224
12 10 3.381966019734268
5 11 0.2402798335571969
6 11 1.9266787871274256
7 11 1.9266787871274256
12 11 3.0942839472824866
5 12 0.3738112261817194
6 12 2.7533573603118935
7 12 3.158822468420058
12 12 2.534668159347064
