0 0 0.13115434930892422
5 0 0.1576459647559005
6 0 -0.24781914335226396
7 0 -2.6110288581627445
0 1 0.1576459647559005
0 2 0.1576459647559005
0 3 -0.24781914335226396
1 3 4.089471597480226
0 4 -0.24781914335226396
2 4 4.089471597480226
6 5 3.396324416920281
7 5 2.4194090632296907
7 6 2.7823145569190593
11 6 1.6045649476922257
0 7 -3.30417603872269
1 7 2.4194090632296907
3 7 2.7378627943482257
4 7 -0.3531796590100903
7 7 2.218084559310121
8 7 0.339967521549855
9 7 2.4194090632296907
11 7 2.7677157574979065
12 7 2.419409063229691
13 7 0.6615511456773173
3 8 3.396324416920281
7 8 2.6425526145439004
7 9 2.4194090632296907
8 9 4.782618778040171
7 10 2.4194090632296907
8 10 4.782618778040171
2 11 1.6045649476922257
4 11 1.6045649476922257
7 11 -0.7586447671182546
8 11 2.2977121282521713
9 11 3.6840064893720617
12 11 3.684006489372062
13 11 3.312442932939579
0 12 -3.3388615967105797
2 12 1.6915763246818556
4 12 1.6915763246818556
10 12 2.672405577693582
13 12 3.771017866361692
0 13 -2.3623520048433697
2 13 3.3612330971090105
4 13 3.766698205217175
7 13 -0.5424216586486186
8 13 3.2070824172817525
10 13 3.7824465621853145
13 13 2.766525989362318
