0 0 0.20944649709432966
5 0 -0.1728067371526161
7 0 -0.6836323609186068
8 0 -3.0444863620366283
0 1 0.23265837095554806
5 2 3.196402969016142
7 2 3.091042453358316
8 2 1.4233356328002398
0 3 -0.1728067371526161
1 3 3.6018680771243066
2 4 4.007333185232471
5 4 2.908720896564361
6 4 4.007333185232471
7 4 3.0910424533583156
8 4 0.037041271680349076
7 5 3.0910424533583156
8 5 2.116482813360185
7 6 3.0910424533583156
8 6 2.116482813360185
8 7 2.5219479214683496
0 8 -3.0444863620366283
1 8 2.116482813360185
3 8 2.5219479214683496
8 8 1.6871502238453773
9 8 0.5070449009260847
10 8 2.116482813360185
11 8 0.32472334413212994
12 8 2.5219479214683496
13 8 2.116482813360185
14 8 0.27065612286185425
8 9 2.5219479214683496
8 10 2.116482813360185
9 10 3.784189633918261
8 11 2.116482813360185
9 11 3.784189633918261
8 12 -0.08074176397603439
9 12 2.6855773452501515
10 12 3.196402969016142
11 12 2.0977906803480324
13 12 3.196402969016142
14 12 2.736870639637702
8 13 -0.5225745162550736
9 13 1.8382794848629478
11 13 2.3491051086289385
14 13 3.3936501760267723
2 14 3.142335747745866
4 14 3.547800855854031
5 14 1.3505762785178113
6 14 3.142335747745866
7 14 0.14660347419187544
8 14 -0.8279561658062554
9 14 2.2260450158717116
11 14 3.142335747745866
14 14 2.5492720257429036
