0 0 0.8567936330095101
1 0 -1.0332360576513466
3 0 0.29363488299774315
4 0 -2.3454224466175155
6 0 -0.4736202697159241
7 0 -0.4736202697159241
8 0 1.025152074830657
9 0 -1.726383238211292
11 0 0.3446900537980273
12 0 -1.3209181301031276
13 0 -2.0830581821500243
14 0 0.2195269108440212
17 0 0.2195269108440212
18 0 0.2195269108440212
19 0 -1.5722325583840338
21 0 0.2195269108440212
0 1 0.9398212292843491
1 1 -0.2455004584154864
3 1 0.2340726218464
8 1 0.6017974019717174
11 1 -1.0076405104623831
14 1 1.7004096906398272
17 1 1.7004096906398272
18 1 1.0072625100798818
21 1 1.7004096906398272
22 1 -0.7844969591481733
0 2 1.3217558399823195
0 3 0.43078291609245434
1 3 1.7004096906398272
3 3 0.7136457021082863
8 3 0.521754694298181
9 3 0.23407262184639982
17 3 1.4868355903417678
18 3 1.4868355903417678
0 4 0.22314355131420976
1 4 1.438045426172336
3 4 0.7136457021082863
8 4 -0.8645396668217097
9 4 1.8435105342805003
11 4 0.5705448584676129
12 4 -1.1522217392734908
17 4 1.4868355903417678
19 4 0.38822330167365826
0 5 0.22314355131420976
1 5 1.0072625100798818
9 5 2.1058747987479913
11 5 1.3437347467010947
19 5 1.5668782980153044
10 6 4.051784947803305
11 6 2.03688192726104
12 6 1.4127276181880462
0 7 0.9162907318741551
2 7 4.051784947803305
0 8 -1.0296194171811583
1 8 0.8531118302526234
3 8 1.5333556059766609
4 8 0.521754694298181
6 8 1.0072625100798818
8 8 -0.2455004584154864
9 8 0.4476467221444589
10 8 1.0072625100798818
11 8 1.1895840668738364
12 8 0.4476467221444589
15 8 0.6017974019717174
18 8 1.7004096906398272
19 8 0.3141153295199365
22 8 -0.09134977858822796
23 8 -2.51909801453628
0 9 -0.6241543090729941
1 9 0.8531118302526234
3 9 1.3326849105145098
6 9 2.1058747987479913
11 9 1.4772661393256175
12 9 0.159964649692678
19 9 1.4127276181880462
22 9 1.0072625100798818
4 10 1.4868355903417678
11 10 2.03688192726104
12 10 1.8181927262962105
1 11 -0.3144933299024377
3 11 -0.5280674302004967
4 11 1.4178427188548166
6 11 1.3437347467010947
9 11 1.1895840668738364
10 11 1.3437347467010947
12 11 1.4127276181880462
15 11 0.9382696385929302
19 11 1.3437347467010947
20 11 0.9382696385929302
22 11 0.9382696385929302
23 11 -1.0840134892469568
0 12 -1.3173014896329394
1 12 0.7661004532629936
3 12 -1.1522217392734908
4 12 1.5558284618287193
8 12 -1.631794819535377
9 12 0.159964649692678
11 12 -1.295322582914164
12 12 1.076255381566833
16 12 -0.9851676546103244
19 12 1.4127276181880462
22 12 1.1250455457362651
23 12 -1.1973421745539603
0 13 -2.0794415416798357
1 13 0.09097177820572659
4 13 1.2636920390275583
9 13 1.1895840668738362
11 13 0.42744401482693967
12 13 1.5950491749820006
19 13 1.0560526742493137
22 13 1.0560526742493137
23 13 -1.7771606698069025
4 14 2.179982770901713
9 14 2.7990219793079367
13 14 2.4423470353692043
1 15 0.6017974019717174
4 15 1.0813704822336037
13 15 2.4423470353692043
15 15 2.5477075510270306
19 15 1.16141318990714
20 15 2.5477075510270306
22 15 1.16141318990714
0 16 -2.1747517214841605
1 16 -0.6974855821585435
4 16 0.47523467866328806
5 16 2.3470368555648795
9 16 1.0942738870695115
11 16 -0.3610133455373305
12 16 1.2120569227258948
13 16 2.12389330425067
15 16 1.2484245668967697
19 16 0.5552773863368246
20 16 1.9415717474567151
22 16 -0.1378697942231208
23 16 -1.8724708496112272
2 17 3.3586377672433594
4 17 1.4868355903417678
7 17 3.3586377672433594
13 17 1.7491998548092589
14 17 4.051784947803305
21 17 4.051784947803305
6 18 3.3586377672433594
10 18 3.3586377672433594
11 18 1.3437347467010947
16 18 1.6538896750049341
22 18 1.5668782980153044
23 18 -0.1677227573728021
6 19 1.5668782980153044
10 19 1.5668782980153044
11 19 -0.4480247225269604
13 19 -0.04255961441879601
15 19 1.8545603704670852
16 19 0.5552773863368246
20 19 1.16141318990714
22 19 2.077703921781295
23 19 0.873731117455359
4 20 1.0813704822336037
13 20 2.03688192726104
15 20 3.240854731586976
19 20 1.16141318990714
22 20 1.16141318990714
23 20 0.11995931507897897
0 21 0.22314355131420976
2 21 4.051784947803305
7 21 4.051784947803305
4 22 -0.3049238788862871
5 22 1.5668782980153044
13 22 -0.04255961441879601
16 22 1.2484245668967697
20 22 1.16141318990714
23 22 1.3727222835743471
0 23 -3.996364153861897
1 23 -2.51909801453628
2 23 0.5254244231871432
5 23 0.9308895312953077
7 23 0.9308895312953077
9 23 -1.42048572586817
12 23 -1.0150206177600058
13 23 0.7077459799810979
15 23 -0.5731878654809663
16 23 1.3464049752569736
20 23 0.5254244231871432
22 23 -1.959482226600857
23 23 1.2826504604316111
