0 0 0.1885203763367729
2 0 -2.2541584990885712
3 0 -0.17471695740873536
5 0 -0.17471695740873536
7 0 0.1968465990237478
8 0 -1.561011318528626
10 0 -0.46239902986051623
11 0 -2.4083091789158297
15 0 0.23074815069942906
0 1 0.23074815069942906
0 2 0.1437367737097994
7 2 1.704748092238425
8 3 4.700480365792417
10 3 2.908720896564361
11 3 1.6559579280689933
0 4 -0.3082483500332581
1 4 3.3141860046725258
8 4 2.6210388241125804
10 4 0.8292793548845252
11 4 -0.4234836136108427
0 5 -0.17471695740873536
2 5 4.007333185232471
0 6 -0.46239902986051623
2 6 3.71965111278069
9 6 4.007333185232471
10 6 1.5224265354444706
11 6 0.2696635669491026
3 7 3.0910424533583156
8 7 2.3978952727983702
10 7 2.908720896564361
11 7 2.243744592971112
10 8 2.908720896564361
11 8 2.3491051086289385
10 9 2.908720896564361
11 9 2.3491051086289385
11 10 2.7545702167371027
0 11 -2.813774287023994
1 11 2.19495442880168
4 11 2.466888144285322
11 11 1.6794884254791873
12 11 0.2696635669491026
13 11 2.3491051086289385
16 11 2.7120106023183066
17 11 2.3491051086289385
18 11 0.6061358035703155
0 12 -2.2541584990885712
1 12 2.0614230361771577
4 12 2.6210388241125804
8 12 3.3141860046725258
10 12 1.5224265354444706
11 12 1.879101479383203
16 12 1.927891643552635
11 13 2.3491051086289385
12 13 4.007333185232471
1 14 2.3491051086289385
4 14 2.908720896564361
8 14 3.6018680771243066
11 14 1.250492819960829
12 14 4.007333185232471
0 15 -0.8678641379686807
2 15 4.007333185232471
5 15 5.393627546352362
11 16 -0.4234836136108427
12 16 1.927891643552635
13 16 3.3141860046725258
17 16 3.3141860046725258
18 16 2.9575110607337933
6 17 2.0614230361771577
18 17 3.447717397297048
0 18 -2.764984122854562
2 18 2.803360380906535
4 18 1.0116009116784797
6 18 3.4094961844768505
9 18 3.0910424533583156
10 18 -0.08701137698962981
11 18 -1.339774345484998
12 18 2.803360380906535
14 18 3.4965075614664802
18 18 2.34660197841082
