0 0 0.4066547116678721
3 0 0.4401506660960544
4 0 0.034685557987889894
5 0 -2.8396858585618334
0 1 0.4401506660960543
0 2 0.034685557987889894
1 2 3.447717397297048
4 3 3.447717397297048
5 3 1.9596403418672153
5 4 2.36510544997538
5 5 1.7037069677300147
6 5 -1.1314021114911004
7 5 1.9596403418672153
8 5 0.16788087263916035
9 5 2.182783893181425
11 5 1.5076552181241583
12 5 -0.8267417025049018
5 6 2.046651718856845
9 6 1.203972804325936
11 6 1.003302108863785
12 6 -0.1961148789262905
5 7 1.9596403418672153
6 7 2.995732273553991
5 8 1.1975002898203186
6 8 2.5902671654458267
9 8 0.8938178760220964
10 8 2.6855773452501515
11 8 1.6739764335716716
12 8 0.004555816535860661
5 9 -1.6238785965888947
6 9 1.8971199848858813
7 9 2.5032557884561966
8 9 1.4046434997880872
11 9 2.245426679154097
12 9 1.3908501776557514
8 10 1.0761394328160512
11 10 2.302585092994046
12 10 1.6909547701060894
5 11 -0.21511137961694543
6 11 1.5141277326297755
8 11 1.3862943611198906
10 11 0.6931471805599453
12 11 1.9039459499562812
0 12 -3.003010914665133
1 12 1.7963152857639155
2 12 2.20178039387208
5 12 -2.3308190992811757
6 12 1.0078579253996456
8 12 1.7273224142769643
9 12 -0.6885913640240846
10 12 1.6909547701060894
11 12 -0.378436435720245
12 12 1.6002004068376252
