0 0 0.3889818132440109
1 0 -3.0025940001381386
2 0 -3.530661430338635
8 0 -1.4889602166416462
12 0 -1.3978454280674242
0 1 -3.187038699980171
1 1 1.985148389423654
2 1 -0.28921613592814077
9 1 0.03768664967692151
0 2 -4.631396862054823
2 2 3.1027076089486854
3 2 1.370371560191431
5 2 1.7068437968126442
6 2 2.2176694205786345
12 2 0.6595248025320849
2 3 1.370371560191431
3 3 4.474317418385655
0 4 -2.202579678917866
1 4 -1.6670614425615038
4 4 2.966431124067538
7 4 1.2452892220534362
12 4 0.826578887195251
4 5 1.6507543301616006
5 5 4.741796783519916
7 6 4.5594752267259615
4 7 1.9384364026133816
7 7 4.2493202984221226
0 8 -1.778765432141505
1 8 -1.2432471957851428
4 8 -0.0356446234086283
8 8 3.0272269529829914
9 8 1.2636383607216326
8 9 1.5513204331734138
9 9 4.154010118617798
10 9 2.9500373142918614
11 9 2.0745685769379616
8 10 1.2636383607216326
9 10 2.256890133731916
10 10 4.271793154274181
11 10 4.5594752267259615
10 11 4.677258262382345
11 11 4.49493670558839
0 12 -1.2991923518796187
1 12 -1.3232899034586794
2 12 -0.34727993688290176
4 12 0.6952428851341643
6 12 2.5053514930304157
7 12 0.20276640003637011
12 12 2.524896089103386
