0 0 1.2338915844761722
1 0 -2.2270775404859005
2 0 0.4809726606163094
3 0 -1.4359499515657517
7 0 1.1210100158623064
8 0 -1.128465251817791
10 0 0.23411258268478366
11 0 -2.1782873763164687
14 0 -1.4649374884390038
17 0 0.2578291093020997
18 0 -2.083976696845227
0 1 1.1256194900794207
1 1 -0.7156200364120039
2 1 0.7884573603642703
3 1 -0.84078317936601
7 1 1.1900836921652689
8 1 -0.7156200364120039
10 1 0.4726044109457928
11 1 -1.9195928407379397
14 1 -0.6466271649250525
17 1 0.3829922522561059
0 2 0.3610133455373305
1 2 1.4816045409242156
5 2 2.3978952727983702
7 2 0.4168938039317872
8 2 1.7692866133759966
10 2 1.0116009116784797
11 2 -0.8209805520698302
17 2 1.4816045409242156
18 2 -0.1670540846631662
0 3 0.27221784675419924
1 3 1.6441234704219903
2 3 1.1741198411762548
3 3 -0.9659463223200159
7 3 0.6971957690859454
8 3 1.5571120934323606
10 3 0.7994263917348441
11 3 -1.128465251817791
13 3 1.8672670217362
16 3 1.1741198411762548
17 3 0.950976289862045
18 3 -1.390829516285282
19 3 -0.43531807125784566
21 3 -1.3516088031320006
0 4 0.7540559336469378
1 4 1.5869650565820417
16 4 3.6018680771243066
20 4 4.295015257684252
22 4 -0.5491718287743396
9 5 4.295015257684252
10 5 1.927891643552635
11 5 0.7884573603642703
9 6 4.295015257684252
10 6 1.927891643552635
18 6 2.1355310083308794
0 7 -1.5146276076714267
1 7 0.7045758763835681
2 7 1.803188165051678
3 7 0.6971957690859454
4 7 0.9277194276977776
8 7 1.1100409844917325
10 7 1.6051182512895839
11 7 0.12921173148000625
12 7 -1.2695051496384415
14 7 0.7735687478705193
16 7 1.333184535805942
17 7 1.803188165051678
18 7 -0.13315253298748475
19 7 -0.2762533766281581
21 7 -1.1925441085023132
0 8 -2.241676339907053
1 8 0.3829922522561059
2 8 1.0761394328160512
3 8 0.25782910930209985
5 8 1.9924301646902063
7 8 -0.6817184847363225
8 8 -0.02247285585205863
9 8 1.5869650565820417
10 8 1.6177367152487956
11 8 0.5653138090500605
14 8 0.04652001563489291
17 8 1.7692866133759966
18 8 0.5260930958967792
21 8 0.15984870094189624
22 8 -2.1586097412084397
3 9 1.4618019136280358
5 9 3.6018680771243066
10 9 1.927891643552635
11 9 0.3829922522561057
18 9 1.0369187196627696
0 10 -1.6130676804846793
1 10 0.6061358035703156
2 10 -0.37469344944141086
3 10 1.2347444629926896
5 10 1.2347444629926896
7 10 -1.4394041864338392
8 10 0.8292793548845252
9 10 0.8292793548845252
10 10 -0.8446970786871463
11 10 0.8780695190539572
12 10 -0.6747980418917489
13 10 1.927891643552635
14 10 -0.018018505502678365
15 10 -1.2909841813155656
16 10 1.2347444629926896
18 10 0.8670196828673722
21 10 0.09531017980432493
22 10 -2.916295442905956
0 11 -1.7607036792907438
1 11 0.5455111817538806
2 11 -1.5339303599259553
3 11 0.9311736625658655
7 11 -0.9892031844842831
8 11 0.36318962495992624
10 11 -1.0876432572975359
11 11 1.0613243470309106
12 11 -1.428569844268129
14 11 0.32682198078905117
15 11 -1.7570739112401648
18 11 1.0369187196627698
19 11 -0.84078317936601
21 11 0.4401506660960546
22 11 -1.9960908117106648
1 12 0.488352767913932
3 12 0.9693254285302416
7 12 -1.2695051496384415
8 12 0.08288765980576765
10 12 -1.3679452224516941
11 12 1.076139432816051
12 12 -0.5048990050963513
14 12 0.5573456394008836
15 12 -0.4279379639602229
17 12 0.488352767913932
18 12 1.142279235320596
21 12 0.2652092165997224
22 12 -2.0532492255506134
19 13 3.0910424533583156
21 13 2.174751721484161
22 13 0.5494404598937701
0 14 -2.172683468420102
1 14 -0.6466271649250525
3 14 -0.07864312731911323
4 14 2.3491051086289385
11 14 0.09531017980432493
12 14 1.6559579280689933
14 14 0.11551288712184424
15 14 -0.46430560813109784
16 14 2.0614230361771577
18 14 1.105911591149721
19 14 1.550597412411167
20 14 2.7545702167371027
21 14 1.327453861096957
22 14 -1.3964696891615431
0 15 -2.7525019636730437
1 15 -0.5332984796180491
3 15 0.4401506660960546
4 15 1.7692866133759964
8 15 0.15984870094189624
11 15 0.7050757514252192
12 15 1.8233538346462723
14 15 0.6343066805370119
18 15 -0.3901976359773759
19 15 1.6639260977181702
21 15 0.5653138090500605
22 15 -1.2831410038545399
13 16 4.700480365792417
19 16 2.3978952727983702
20 16 4.700480365792417
21 16 1.4816045409242156
22 16 0.5494404598937701
1 17 0.3829922522561059
4 17 2.6855773452501515
5 17 3.0910424533583156
9 17 2.6855773452501515
10 17 0.3184537311185345
11 17 -0.8209805520698302
12 17 0.488352767913932
14 17 2.243744592971112
15 17 0.5653138090500605
19 17 1.4816045409242156
21 17 1.2584609896100056
22 17 -1.0599974525403302
5 18 1.442383827770934
9 18 1.0369187196627696
10 18 -1.3302048944688472
11 18 -1.0833448165373212
12 18 1.142279235320596
14 18 1.69369825605184
15 18 0.9960967251425147
18 18 -0.023953241022492758
19 18 1.2192402764567245
21 18 1.8070269413588433
22 18 0.23578290103872873
4 19 1.992430164690206
12 19 0.488352767913932
14 19 1.1451323043030024
15 19 0.9707789171582248
16 19 2.3978952727983702
18 19 -0.1670540846631662
21 19 1.951608170169951
22 19 0.7317620166877248
22 20 1.6480527485618799
3 21 -1.3516088031320006
6 21 2.174751721484161
11 21 -1.3318061758358208
12 21 0.9583563971596677
14 21 0.22884157242884745
15 21 1.4407825464039603
19 21 1.2584609896100056
22 21 1.1147542689438308
1 22 -2.851756921768385
3 22 -2.283772884162446
4 22 0.14397535178560578
6 22 1.2425876404537155
9 22 0.14397535178560578
10 22 -2.916295442905956
11 22 -1.7531446331002754
12 22 0.4316574242373867
15 22 1.1372271247958894
18 22 -2.0155088975677664
19 22 0.038614836127779516
21 22 -1.2831410038545399
22 22 1.3400429766044286
