0 0 0.1798146378072615
3 0 0.20391218938632205
4 0 -0.20155291872184225
5 0 -3.091924676618007
8 0 -0.20155291872184225
10 0 -2.504138011715888
0 1 0.20391218938632205
0 2 -0.20155291872184225
1 2 3.536116699561526
4 3 3.536116699561526
5 3 2.0320393027852517
8 3 3.536116699561526
10 3 1.9266787871274256
11 3 0.8970593699462673
5 4 2.725186483345197
0 5 -2.8042426041662263
1 5 2.18618998261251
2 5 2.319721375237033
5 5 1.9683234883991443
7 5 0.017136282242987237
9 5 2.725186483345197
10 5 2.096577823922823
11 5 0.08612915372993854
1 6 1.9266787871274256
2 6 3.0252910757955354
5 6 2.4150315550413577
2 7 1.9266787871274256
5 7 2.2143608595792066
6 7 3.312973148247316
10 8 3.312973148247316
11 8 2.976500911626103
6 9 1.9266787871274256
7 9 1.9266787871274256
10 9 3.312973148247316
11 9 2.6888188391743224
5 10 0.017136282242987237
6 10 1.7035352358132159
7 10 1.7035352358132159
11 10 3.158822468420058
5 11 0.3738112261817194
6 11 2.7533573603118935
7 11 3.158822468420058
11 11 2.534668159347064
