5 0 3.0910424533583156
6 0 -0.042275483148238306
1 1 4.295015257684252
3 1 5.211305989558407
30 1 3.6018680771243066
0 2 5.393627546352362
2 2 4.007333185232471
5 2 3.0910424533583156
6 2 -1.428569844268129
3 3 4.007333185232471
27 3 2.6210388241125804
30 3 5.393627546352362
4 4 2.4470160701333206
6 4 -2.2087284018177042
13 4 1.2347444629926896
5 5 3.832979798087693
6 5 -0.84078317936601
1 6 -0.042275483148238306
4 6 -1.71625191671991
5 6 -1.2462482874741743
6 6 0.33221369706562126
7 6 -1.428569844268129
14 6 0.18086806816597134
17 6 -0.7354226637081837
6 7 -1.140887771816348
7 7 3.5148567001346764
8 7 2.6210388241125804
6 8 -2.8148642053880195
7 8 2.4387172673186255
8 8 3.71965111278069
9 8 3.1600353248452673
8 9 3.1600353248452673
9 9 4.209857449343945
10 10 3.966511190712216
11 10 2.9368917735310576
4 11 -0.4234836136108427
10 11 2.9368917735310576
11 11 3.699031825577954
13 11 2.284566587491367
12 12 4.295015257684252
26 12 4.007333185232471
4 13 0.1361321743245799
6 13 -3.508011385947965
11 13 2.466888144285322
12 13 2.6210388241125804
13 13 3.282437306357945
14 14 4.007333185232471
16 14 4.412798293340635
17 14 5.393627546352362
6 15 0.3631896249599259
16 16 4.412798293340635
19 16 4.007333185232471
20 16 4.923623917106625
16 17 5.10594547390058
6 18 -0.042275483148238306
7 18 2.908720896564361
22 19 5.393627546352362
24 19 5.393627546352362
19 20 5.393627546352362
20 20 4.007333185232471
22 20 5.10594547390058
6 21 -1.428569844268129
7 21 2.908720896564361
18 21 5.393627546352362
21 21 4.007333185232471
22 22 4.007333185232471
24 22 5.393627546352362
31 22 5.393627546352362
33 22 3.6018680771243066
18 23 5.393627546352362
21 23 5.393627546352362
31 24 5.393627546352362
33 24 4.988162438244197
21 25 5.393627546352362
23 25 5.393627546352362
26 26 4.412798293340635
39 26 4.700480365792417
0 27 3.3141860046725258
2 27 4.230476736546681
27 27 4.125116220888854
6 28 -0.042275483148238306
15 28 5.393627546352362
6 29 -0.7354226637081837
15 29 5.393627546352362
28 29 5.393627546352362
27 30 4.230476736546681
30 30 4.007333185232471
33 31 5.393627546352362
21 32 4.700480365792417
23 32 5.393627546352362
25 32 5.393627546352362
33 33 4.295015257684252
36 33 5.393627546352362
37 33 4.700480365792417
25 34 5.393627546352362
32 34 5.393627546352362
35 34 5.393627546352362
23 35 5.393627546352362
25 35 5.393627546352362
32 35 5.393627546352362
37 36 5.393627546352362
38 36 4.007333185232471
37 37 4.007333185232471
38 37 4.923623917106625
32 38 4.007333185232471
34 38 5.10594547390058
35 38 4.700480365792417
38 38 4.412798293340635
39 39 4.295015257684252
41 39 5.393627546352362
43 39 4.700480365792417
15 40 5.393627546352362
28 40 5.393627546352362
29 40 5.393627546352362
43 41 5.393627546352362
45 41 4.700480365792417
28 42 4.700480365792417
29 42 5.393627546352362
40 42 5.393627546352362
42 42 4.007333185232471
43 43 4.007333185232471
45 43 5.393627546352362
46 43 4.700480365792417
40 44 5.393627546352362
42 44 5.393627546352362
45 45 4.007333185232471
46 45 5.393627546352362
49 45 5.393627546352362
50 45 4.700480365792417
49 46 5.393627546352362
50 46 5.393627546352362
51 46 5.393627546352362
42 47 4.700480365792417
44 47 5.393627546352362
48 47 5.393627546352362
42 48 5.393627546352362
44 48 5.393627546352362
50 49 5.393627546352362
51 49 5.393627546352362
52 49 4.700480365792417
51 50 5.393627546352362
52 50 5.393627546352362
47 51 5.393627546352362
52 51 5.393627546352362
44 52 4.700480365792417
47 52 5.393627546352362
48 52 5.393627546352362
52 52 4.007333185232471
