0 0 0.10013822456920926
3 0 0.11381365136888465
4 0 -0.29165145673927995
5 0 -2.894341142183664
0 1 0.11381365136888445
0 2 -0.29165145673927995
1 2 4.007333185232471
4 3 4.007333185232471
5 3 2.790937860907978
5 4 3.196402969016142
0 5 -2.894341142183664
1 5 2.657406468283455
2 5 2.657406468283455
5 5 2.46551546047335
8 5 3.196402969016142
9 5 2.790937860907978
10 5 0.9991783916799226
1 6 2.6210388241125804
2 6 4.007333185232471
5 6 2.657406468283455
2 7 2.6210388241125804
5 7 2.657406468283455
6 7 4.007333185232471
9 8 4.007333185232471
10 8 3.6018680771243066
10 9 4.007333185232471
5 10 0.9991783916799226
6 10 3.6018680771243066
7 10 4.007333185232471
10 10 2.908720896564361
