0 0 1.1654803027833993
3 0 0.13311739965649008
4 0 -2.26477787314188
7 0 1.3783331625164752
8 0 -1.3709599971197841
9 0 0.8262645802164353
10 0 -0.9982847118346102
11 0 -1.8817856208857746
12 0 1.5194117607763806
15 0 1.5194117607763806
17 0 -0.9083364751716709
0 1 1.3533041977172453
3 1 1.0560526742493137
4 1 -0.6486954179891115
7 1 1.202656148441189
9 1 0.5170561735166266
10 1 -2.3779345302358323
15 1 1.7491998548092589
16 1 1.0560526742493137
19 1 -1.084013489246957
0 2 1.8923006984499324
1 3 1.0560526742493137
7 3 1.1073459686368643
8 3 1.8545603704670852
9 3 0.873731117455359
10 3 -0.07534943724178685
16 3 3.3586377672433594
0 4 0.7936884097818228
1 4 1.4307461236907244
3 4 0.9607424944449888
4 4 -1.4371527783533815
7 4 0.5012101650665488
8 4 1.402575246724028
9 4 0.42174599371230176
10 4 -1.0869503489202665
16 4 0.9607424944449888
19 4 -1.1793236690512818
0 5 0.7936884097818225
1 5 1.5260563034950492
7 5 0.8842024173226545
8 5 0.9382696385929302
9 5 0.6505875661411493
10 5 -0.9916401691159419
0 6 1.4868355903417678
2 6 4.74493212836325
1 7 -1.1952391243571814
3 7 1.1073459686368643
4 7 0.655360844893807
8 7 0.7018808605286999
9 7 1.5128110767450285
10 7 0.5065721082079341
13 7 0.41419878807691896
16 7 1.1073459686368643
17 7 0.35357416626048416
19 7 0.06589209380870312
20 7 -2.1115298562313365
1 8 0.2451224580329849
3 8 1.8545603704670852
4 8 0.14981227822866008
7 8 -0.39673142813940976
9 8 1.315563869734398
10 8 0.723158258975985
14 8 -0.3426642068691341
16 8 1.8545603704670852
17 8 -0.2855057930291854
19 8 -0.2855057930291854
0 9 -1.6912182400061777
1 9 0.18058393689541372
4 9 0.6730604219932078
8 9 0.7559480817989755
9 9 -0.9180283517726959
10 9 0.9950919744596266
11 9 -1.1411719030869056
13 9 0.18058393689541372
17 9 0.6795751030144017
19 9 0.11995931507897897
20 9 -1.6519975268528964
0 10 -1.1362213979270495
1 10 0.3301156708663777
2 10 0.6177977433181585
3 10 -0.07534943724178685
4 10 0.8225921559641719
6 10 1.3109449238781037
7 10 -2.326641235848282
8 10 0.21233263520999412
9 10 -1.8671089064698418
10 10 0.7247698628703262
16 10 -0.07534943724178685
17 10 1.0034602241301434
19 10 0.6177977433181585
20 10 -0.9916401691159419
0 11 -1.221214610760442
1 11 0.6505875661411494
4 11 0.8917496229580376
5 11 0.42744401482693967
7 11 -0.9075570519054005
8 11 -0.16034265007517937
9 11 -1.1411719030869056
10 11 0.7429608862721647
13 11 0.6505875661411494
17 11 0.5899629443247145
19 11 0.3022808718729337
20 11 -1.1819938976071607
1 12 1.7491998548092589
4 12 1.6538896750049341
11 12 2.03688192726104
0 13 -0.592605951338068
1 13 0.3629054936893683
4 13 0.2675953138850435
5 13 1.7491998548092589
10 13 0.33011567086637755
11 13 1.7491998548092589
13 13 1.9723434061234688
18 13 2.26002547857525
0 14 -1.4035361675543967
1 14 0.4682660093471947
4 14 0.14981227822866008
5 14 1.6314168191528755
7 14 -1.089878608699355
8 14 0.3504829736908112
9 14 -1.3234934598808603
10 14 0.03001107841603962
11 14 1.6314168191528755
13 14 1.16141318990714
14 14 -1.0358113874290795
17 14 0.4076413875307599
18 14 1.8545603704670852
19 14 0.11995931507897897
4 15 1.6538896750049341
11 15 2.03688192726104
12 15 4.74493212836325
11 16 1.3437347467010947
14 16 1.16141318990714
19 16 1.9117187843070338
20 16 0.8329091229351039
0 17 -2.0395249342743935
1 17 -1.084013489246957
2 17 1.9117187843070338
5 17 0.3022808718729335
6 17 1.9117187843070338
10 17 -2.2154156007380577
11 17 -0.796331416795176
13 17 1.2185716037470886
14 17 -0.2855057930291854
19 17 1.7175627698660767
20 17 1.25779231690037
10 18 -0.48081454534995116
11 18 1.6314168191528755
13 18 3.3586377672433594
14 18 0.7559480817989755
18 18 2.5477075510270306
19 18 0.8131064956389242
10 19 -2.2154156007380577
11 19 0.5899629443247145
14 19 1.2185716037470886
17 19 -0.9214945597491822
20 19 1.583214717334998
1 20 -1.1034315751040586
4 20 -1.1987417549083834
5 20 1.2636920390275583
8 20 -1.4035361675543967
10 20 -1.7240080628291683
11 20 0.9760099665757773
13 20 -0.592605951338068
14 20 1.5668782980153044
17 20 -1.3463777537144481
18 20 1.0813704822336037
19 20 -2.0395249342743935
20 20 1.1443452813949921
