0 0 1.5315701529434225
1 0 -1.1834976208174344
3 0 0.28283944797599286
4 0 -1.8766448013773795
8 0 0.9246933341483876
11 0 0.3759298710420049
12 0 -2.4471896598449927
14 0 -1.2576055929711563
17 0 0.28283944797599286
18 0 -1.6630707010793204
0 1 0.9279951702347806
3 1 1.2588494145517701
4 1 -0.20748765424165685
8 1 1.5953216511729833
11 1 1.3519398376177822
12 1 -1.1834976208174344
16 1 2.35746170321988
17 1 1.2588494145517701
18 1 -0.6870607345035431
20 1 2.35746170321988
21 1 -0.5329100546762848
22 1 -2.343018662572536
0 2 0.8828747349543109
3 2 2.4375044108934163
4 2 0.9711673420999893
8 2 1.9266787871274256
11 2 1.614304102085273
0 3 0.6597311836401012
1 3 2.35746170321988
8 3 1.8088957514710422
11 3 1.208838993977109
0 4 0.29200640351478385
1 4 2.190407618556714
3 4 1.2588494145517701
8 4 1.2588494145517704
9 4 2.069779630768099
11 4 1.3519398376177822
12 4 -1.1834976208174344
16 4 2.35746170321988
17 4 1.2588494145517701
20 4 2.35746170321988
9 5 3.536116699561526
17 5 3.823798772013307
21 5 2.0320393027852517
0 6 -0.4388811050280084
2 6 3.1306515914533617
8 6 1.8088957514710422
10 6 4.922411060681417
11 6 1.901986174537054
12 6 -0.4103077325839525
0 7 1.0651962917482658
2 7 3.536116699561526
8 7 1.5212136790192614
0 8 -2.048319017462109
1 8 1.2588494145517701
3 8 1.8088957514710422
4 8 0.7480237907857799
8 8 -0.4936893415230035
11 8 1.997296354341379
12 8 0.05969589666178318
13 8 -0.7813714139747843
14 8 0.9615978910838386
17 8 1.8088957514710422
18 8 0.7792763342898839
21 8 0.42260139035115163
22 8 -2.4861195062132095
0 9 -0.7265631774797894
1 9 0.9711673420999893
3 9 2.4375044108934163
11 9 1.614304102085273
12 9 0.6883045560841572
17 9 2.4375044108934163
21 9 0.6457449416653613
22 9 -1.16436366623089
11 10 2.3074512826452183
12 10 1.3814517366441026
1 11 0.8170166622727311
4 11 0.8170166622727311
8 11 0.26845071052389335
12 11 0.8824605705251146
14 11 1.03059076257079
15 11 -0.549859612990058
16 11 2.283353731066158
18 11 1.3182728350225708
19 11 1.1847414423980485
21 11 0.49159426183810306
22 11 -2.4171266347262583
0 12 -2.4757630322890485
1 12 -0.49035044025748903
2 12 -0.004842624475788126
4 12 -0.26720688894327904
6 12 1.3814517366441026
8 12 -2.0197456450180526
9 12 -0.6979898050357335
11 12 -1.9266552219520408
12 12 1.2077882425932625
13 12 -0.9211333563499432
14 12 0.5341538762568988
15 12 -2.1449087879720588
18 12 1.1701426429768957
21 12 0.6311461422442085
22 12 -1.932734268028423
0 13 -1.6428539093539443
1 13 1.3076395787212023
3 13 0.8280664984593159
4 13 1.6643145226599347
8 13 -0.7813714139747843
9 13 1.6389967146756448
11 13 -0.6882809909087724
12 13 0.7836147358884822
13 13 -1.0690534864265653
14 13 0.6739158186320575
18 13 0.6739158186320575
21 13 -0.2705457902087937
22 13 -2.0806543981050454
1 14 0.4115515541645665
4 14 1.5101638428326762
9 14 1.5902065505062126
12 14 0.12868876814873442
13 14 1.7725281073001675
14 14 1.03059076257079
18 14 0.6251256544626256
19 14 1.8778886229579936
21 14 0.08612915372993854
22 14 -1.723979454166313
1 15 0.21739553972360903
4 15 1.4701585082189772
5 15 2.0891977166252005
9 15 1.3960505360652553
12 15 0.49414854164319977
13 15 1.7325227726864683
15 15 -0.7440156274310155
17 15 0.9905854279570908
18 15 -0.26217754053827713
19 15 1.683732608517036
21 15 0.5851203198489265
22 15 -2.6112826491672156
15 16 2.0891977166252005
20 16 4.922411060681417
22 16 0.2219306948890005
4 17 1.2588494145517701
13 17 0.8280664984593159
14 17 1.8778886229579936
15 17 0.9905854279570908
21 17 1.6265741946770875
22 17 0.2219306948890005
0 18 -2.384791254083322
2 18 1.1847414423980485
4 18 -0.6870607345035431
6 18 1.8778886229579936
8 18 -0.8301615781442164
12 18 -1.2576055929711563
13 18 0.8280664984593159
14 18 1.7237379431307351
15 18 0.43096964002166815
18 18 -1.1666338147654294
19 18 0.7792763342898839
21 18 1.6265741946770875
22 18 0.17314053071956834
13 19 0.8280664984593159
15 19 0.9905854279570908
21 19 2.0320393027852517
22 19 0.5096127673407813
13 20 1.9266787871274256
15 20 2.0891977166252005
22 20 0.2219306948890005
7 21 1.3388921222253065
12 21 -1.103454913143898
13 21 0.6457449416653613
15 21 1.2782675004088717
19 21 0.9334270141171422
22 21 0.9150778754489458
0 22 -3.3476020015923695
2 22 0.2219306948890005
4 22 -1.2444063739044267
5 22 0.9150778754489458
7 22 1.1382214267631554
9 22 -1.16436366623089
12 22 -2.2204163404802038
13 22 0.1706374005014499
15 22 0.8544532536325109
18 22 -2.129444562274477
19 22 0.2219306948890005
21 22 -1.975293882447219
22 22 1.0389032255612918
