0 0 0.1354837101380337
5 0 0.023689771122404665
6 0 -0.34403500900291273
7 0 -2.0949724837107127
0 1 0.16679061476307797
0 2 -0.23867449334508647
5 2 2.4423470353692043
6 2 2.4423470353692043
0 3 -0.23867449334508647
1 3 3.64631983969514
0 4 -0.5263565657968673
2 4 4.051784947803305
5 4 2.4423470353692043
6 5 3.1354942159291497
7 5 2.665490586683414
7 6 3.0709556947915786
0 7 -2.605798107476703
1 7 2.4831690298894595
3 7 2.819641266510672
7 7 1.9078048849858975
10 7 3.0709556947915786
11 7 2.665490586683414
12 7 0.873731117455359
1 8 3.64631983969514
3 8 3.64631983969514
7 8 1.9723434061234688
3 9 3.64631983969514
7 9 1.9723434061234688
8 9 4.74493212836325
11 10 3.64631983969514
12 10 3.240854731586976
12 11 3.64631983969514
0 12 -2.4358990706813057
2 12 3.240854731586976
4 12 3.64631983969514
7 12 -0.22488117121275064
8 12 3.240854731586976
9 12 3.64631983969514
12 12 2.5477075510270306
