0 0 0.1821945346465651
5 0 -0.05604533505060409
6 0 -0.4307387844920148
7 0 -2.6173249636231786
0 1 -0.1895767276751266
5 1 2.060210179751948
6 1 2.060210179751948
7 1 -0.2133873763688452
0 2 0.21588838043303776
0 3 -0.546251671613859
1 3 3.312973148247316
5 3 2.060210179751948
6 3 1.367062999192003
0 4 -0.1895767276751267
2 4 4.229263880121471
6 5 2.976500911626103
7 5 2.0891977166252005
7 6 2.4946628247333646
0 7 -3.0227900717313427
1 7 2.0891977166252005
3 7 2.494662824733365
5 7 -0.549859612990058
7 7 1.8586740580133683
10 7 2.494662824733365
11 7 2.0891977166252005
12 7 0.19207773173931925
7 8 2.494662824733365
7 9 2.0891977166252005
8 9 4.922411060681417
11 10 3.823798772013307
12 10 3.3129731482473166
12 11 3.7184382563554808
0 12 -2.4921618206691725
2 12 3.312973148247316
4 12 3.7184382563554808
7 12 -0.9065345569287905
8 12 3.312973148247316
9 12 3.7184382563554808
12 12 2.8021475244813256
