0 0 0.12546370215456654
3 0 0.14310084364067324
4 0 -0.262364264467491
5 0 -2.842581094059816
0 1 0.14310084364067324
0 2 -0.262364264467491
1 2 3.784189633918261
4 3 3.784189633918261
5 3 2.5902671654458267
5 4 2.995732273553991
0 5 -2.842581094059816
1 5 2.5902671654458267
2 5 2.5902671654458267
5 5 2.184802057337662
8 5 2.995732273553991
9 5 2.5902671654458267
10 5 0.7985076962177716
2 6 3.784189633918261
5 6 2.5902671654458267
5 7 2.5902671654458267
6 7 3.784189633918261
9 8 3.784189633918261
10 8 3.378724525810097
7 9 2.174751721484161
10 9 3.71519676243131
5 10 0.7985076962177716
6 10 3.378724525810097
7 10 3.71519676243131
10 10 2.7501158663877225
