0 0 0.269742965717242
2 0 -2.361674009364052
5 0 -0.05908891637000644
7 0 0.34637619173815787
9 0 -0.28223246768421634
10 0 -2.2563134937062257
11 0 0.34637619173815787
0 1 0.34637619173815787
0 2 0.3463761917381577
0 3 -0.05908891637000644
1 3 3.3586377672433594
0 4 -1.1577012050381164
1 4 2.9531726591351948
3 4 2.9531726591351948
8 4 2.9531726591351948
9 4 1.3437347467010947
10 4 0.06280090123903023
0 5 -0.05908891637000644
2 5 3.1354942159291497
0 6 -0.05908891637000644
2 6 3.1354942159291497
9 7 2.4423470353692043
10 7 1.8545603704670852
0 8 -1.4453832774898971
1 8 2.665490586683414
3 8 3.3586377672433594
4 8 2.26002547857525
9 8 1.7491998548092589
10 8 0.4682660093471947
4 9 1.3437347467010947
8 9 1.7491998548092589
10 9 2.116924634934576
0 10 -3.6426078548261165
1 10 1.16141318990714
3 10 1.16141318990714
4 10 2.0087110502943437
8 10 1.5668782980153044
9 10 -0.4480247225269604
10 10 1.5668782980153044
12 10 2.26002547857525
13 10 1.8545603704670852
14 10 0.06280090123903023
0 11 -0.7522360969299517
2 11 3.1354942159291497
5 11 4.74493212836325
13 12 3.3586377672433594
14 12 2.9531726591351948
14 13 3.3586377672433594
0 14 -1.8508483855980615
2 14 2.730029107820985
6 14 3.3586377672433594
14 14 2.26002547857525
