0 0 0.17122054321115
3 0 0.03756588402252652
5 0 -0.4368920955725892
6 0 -3.037109591871584
0 1 0.03756588402252674
3 1 1.5839456604894901
5 1 1.514952789002539
6 1 -0.3921175267365106
0 2 -0.4368920955725892
1 2 3.460862938057852
3 2 1.514952789002539
4 2 3.460862938057852
5 2 1.8514250256237519
6 2 -1.1542575787834073
5 3 3.460862938057852
6 3 2.246939802878748
5 4 3.460862938057852
6 4 2.246939802878748
6 5 2.6524049109869123
0 6 -3.037109591871584
1 6 2.133611117571745
2 6 2.3114783240163193
3 6 -0.3921175267365106
4 6 2.246939802878748
5 6 -1.1542575787834073
6 6 1.9559519422924676
9 6 2.6524049109869123
10 6 2.246939802878748
11 6 0.48115582005395363
1 7 2.0635187407513764
2 7 3.198498673590361
6 7 2.246939802878748
2 8 1.994525869264425
6 8 2.1243374807864157
7 8 3.6039637816985253
8 9 1.0390144242369885
10 9 3.6039637816985253
11 9 3.18525344684034
7 10 1.0390144242369885
8 10 1.732161604796934
11 10 3.5498965604282495
6 11 0.48115582005395363
7 11 3.18525344684034
8 11 3.5498965604282495
11 11 2.582620273821227
