0 0 1.499243495297359
1 0 -3.005385461468855
3 0 0.5246447920362689
4 0 -1.7949817668126287
8 0 1.5595412663182708
9 0 -1.3567268358814732
11 0 0.8615979134948326
12 0 -1.7170315478707843
13 0 -2.5635527091898154
14 0 1.3231524882540404
15 0 -1.1512828616666646
16 0 -3.119498768236276
17 0 1.9754776742937306
18 0 0.0013966482717210399
20 0 0.9569080932991575
21 0 -1.790362820956334
22 0 -1.9910335164184854
23 0 0.6945438288316663
24 0 -2.0060713937830257
25 0 -4.136433025890119
0 1 1.6016077232865589
1 1 -2.0473551234219345
3 1 0.6717449138668603
4 1 -1.1246335012174893
8 1 1.5472136512207604
9 1 -0.8041616059427174
11 1 0.8128235121267658
12 1 -1.9041335141268667
14 1 0.6717449138668603
17 1 1.1417485431125958
20 1 0.0431362544444861
21 1 -1.525479663469359
24 1 -1.45350616384427
0 2 1.5575124034213348
8 2 1.5637429531719707
11 2 0.3698204846995363
20 2 2.5445722061836973
24 2 0.3547826073349956
0 3 0.3943615936156539
1 3 1.4881545958478146
3 3 0.6237356946804996
8 3 1.093739323926235
9 3 1.7868865044861806
11 3 0.9984291441219103
12 3 -0.9023206088145497
14 3 2.01003005580039
18 3 2.2977121282521713
20 3 1.3814213963780162
21 3 -0.8803417020957744
22 3 0.305281963561965
0 4 1.001741952418174
1 4 1.7048849323273112
3 4 0.8976244449999448
8 4 0.5566978580293516
9 4 1.5011594668702029
11 4 0.8668527863331911
12 4 -1.6317339673588893
15 4 -0.6605201730466052
16 4 -2.341054007164436
17 4 0.2690157855775706
18 4 1.4729885899035067
20 4 0.7798414093435613
21 4 -1.2996001323362747
23 4 0.7798414093435613
24 4 -1.6330917408193497
25 4 -3.357988264818278
0 5 0.17121804230144422
1 5 1.552693116985386
3 5 1.7868865044861804
4 5 0.27819016185361184
8 5 0.8705957726120255
9 5 1.9204178971107033
11 5 1.468432773367646
12 5 -1.348607711442969
0 6 1.310652325489809
2 6 4.271793154274181
8 6 0.6882742158180709
16 6 0.5631110728640647
19 6 4.089471597480226
23 6 2.9908593088121163
0 7 -0.5219291382585011
1 7 0.4540808283172761
2 7 3.643184494851807
3 7 2.4800336850461258
8 7 1.1582778450638065
9 7 1.0041271652365482
10 7 4.5594752267259615
16 7 0.339967521549855
19 7 3.866328046166016
20 7 1.8514250256237519
23 7 2.7677157574979065
0 8 -3.0068357880465015
1 8 -0.0849156724154108
3 8 1.3814213963780162
4 8 0.09586860505965739
8 8 -2.0197759852841393
9 8 0.46513066450386137
11 8 1.7350614366215946
12 8 0.03768664967692151
13 8 -1.1835279610835205
14 8 0.6882742158180709
15 8 0.3828925662668889
16 8 -2.1449391282381454
18 8 0.9759562882698517
20 8 1.6691034688297972
21 8 0.36285181538344286
22 8 -1.0164738764203542
24 8 0.06710053488321466
25 8 -1.5524354734578873
0 9 -1.0815449261939236
1 9 0.11760859169606348
3 9 1.6327358246589223
4 9 -0.5691076985335917
8 9 -1.480779484551452
9 9 0.1568293048493447
11 9 1.6427861605124239
12 9 0.17121804230144422
13 9 -1.0499965684589978
15 9 0.5854168303783631
16 9 -0.9127954469455128
20 9 1.514952789002539
21 9 0.28280910770990636
22 9 -0.47747737568766724
24 9 -0.20483318060042685
0 10 0.3943615936156539
1 10 1.370371560191431
3 10 3.8017895250284455
9 10 1.920417897110703
0 11 -1.7158516067309355
1 11 -0.5166980888409485
4 11 0.47056205450106814
8 11 -2.115086165088464
9 11 0.3698204846995365
11 11 -1.5172491643328434
12 11 0.7059044471943416
13 11 -0.7680125171218546
15 11 0.1334317066353059
16 11 -1.1416370193743604
18 11 0.880646108465527
20 11 -0.03564462340862795
21 11 0.9984291441219105
24 11 0.41362310735792923
25 11 -2.564036385136367
0 12 -1.4220904882027725
1 12 0.2958568231023822
3 12 -1.1281778660003556
4 12 0.7304216213535496
5 12 -2.044468597874511
8 12 -1.8903179180472525
9 12 -0.07835574150167791
11 12 -1.6289531539128448
12 12 0.7216454041824604
13 12 -1.700697058771686
15 12 0.02172771705530442
16 12 -1.881949668376736
18 12 -0.14734861298862947
20 12 -1.7567865254227297
21 12 0.7605738692150091
22 12 -1.4466315971188903
23 12 -0.8404957935485748
24 12 0.16429773990188026
25 12 -1.6824886017060852
0 13 -2.576052871954047
1 13 0.47939863630156615
4 13 0.9321166292602762
6 13 0.42590995135057985
8 13 -0.8958458886317395
9 13 0.2027664000363703
11 13 -1.6843032489960097
12 13 0.7793186975026912
13 13 -1.1582101530992304
15 13 -0.215943934821815
16 13 -2.407303392705636
18 13 0.7135920238023608
19 13 1.1190571319105251
20 13 -0.8958458886317395
21 13 0.36875153751063117
24 13 -0.6007288376924406
25 13 -1.8147997379253784
4 14 0.5013337131678216
12 14 -0.02685187146064986
13 14 1.5245222400186895
15 14 1.1450326183137856
22 14 2.384723505241801
24 14 0.5779261586492054
25 14 -0.45382318478977773
0 15 -2.550077385550787
1 15 -0.18777305785511864
4 15 0.32948345624116243
5 15 1.3273541751077405
9 15 0.07459120661237233
11 15 -1.658327762592749
12 15 0.2608302009911312
13 15 1.608605357229231
15 15 0.5031787321413909
16 15 -0.995033545182485
21 15 -0.13590122714827862
22 15 1.2320439953034157
24 15 -0.06392772752318948
25 15 -2.0119678028363275
0 16 -3.1319989310005076
1 16 -0.2100788153694169
2 16 1.4385798102179648
3 16 -0.8231832882558259
4 16 0.3761705702138158
5 16 1.7262618826697456
6 16 1.9494054339839553
7 16 0.339967521549855
8 16 -1.0463268395700356
9 16 0.003495284928642142
11 16 -1.1416370193743604
12 16 0.11885993972074409
13 16 1.4845169054049905
15 16 -0.30188636462253965
16 16 -1.5769550906322058
21 16 -0.38135053597678664
22 16 1.497420310240898
24 16 0.30966217205452606
25 16 -1.6775986164118937
12 17 -0.6554605308830238
13 17 1.3013786887044798
14 17 4.271793154274181
16 17 0.339967521549855
22 17 1.468432773367646
23 17 3.460862938057852
24 17 0.3547826073349956
25 17 0.016180444455957746
14 18 3.6840064893720617
15 18 1.4327146907655668
16 18 1.5439403258757909
22 18 2.672405577693582
23 18 3.971688561823843
25 18 -0.16614111233799683
13 19 1.8122043124704705
16 19 1.9494054339839553
23 19 4.377153669932007
4 20 -0.8204221268144978
5 20 1.1582778450638065
12 20 -1.0609256389911883
13 20 1.050064260423574
15 20 1.7691869273867795
16 20 0.627649594001636
22 20 1.0629676652594817
24 20 1.5587554116609317
25 20 0.4216455525641221
4 21 -1.0027436836084525
5 21 0.9759562882698517
6 21 0.5059526590241161
7 21 0.28280910770990636
9 21 -1.6631010413454068
12 21 -1.3767785884096653
13 21 0.7936347314758974
15 21 1.5504977264219502
16 21 0.668471588521891
19 21 1.1990998395840615
21 21 -1.6912719183121032
22 21 0.7471147158410041
23 21 0.10048755091595182
24 21 1.5587554116609317
25 21 0.7333425012197771
0 22 -0.9049213905146068
1 22 -1.0275237126069392
2 22 2.8547271344875367
5 22 0.7752855928077007
6 22 2.7901886133499656
7 22 2.1615799539275913
12 22 -1.7315999636990749
13 22 0.667072008167468
15 22 1.2320439953034157
16 22 0.9378045223054756
21 22 -0.5056482526543639
22 22 0.6799754130033758
24 22 1.4381274238723167
25 22 0.23932399577016758
5 23 2.0745685769379616
12 23 -0.43231697956881415
13 23 1.1190571319105251
16 23 1.7670838771900006
22 23 1.2861112165736912
24 23 0.172461050541041
25 23 0.5270060682219485
0 24 -3.117183845215367
1 24 -1.4480266980796441
2 24 1.047929787894941
5 24 1.4533948960031053
6 24 1.2710733392091507
7 24 1.4533948960031053
9 24 -0.8979803611603722
10 24 1.2710733392091507
12 24 -1.7466378410636156
13 24 0.6032439666334953
15 24 -1.6733656399572898
16 24 1.3822989743193752
21 24 -2.3124455992469595
22 24 0.6649375356388352
24 24 -1.5473249190619247
25 24 1.3817389070966701
1 25 -2.4797760415186274
2 25 -0.6769667361039876
3 25 -1.146970365349723
4 25 -1.9625195274223461
5 25 0.23932399577016758
6 25 -0.45382318478977773
7 25 1.4024748055758485
8 25 -3.1618733858919876
9 25 -1.9297297045993553
10 25 1.3379362844382774
12 25 -1.8401175459096684
13 25 0.6011140403756706
15 25 -2.0119678028363275
16 25 1.3280839879952657
19 25 0.9324711763301129
21 25 -1.5524354734578873
22 25 0.5494789240740073
23 25 -0.8592882928979422
24 25 -1.6627835306267529
25 25 1.476772729292493
