0 0 0.23179090562300436
3 0 0.25360995301764405
4 0 -0.15185515509052036
5 0 -2.8487320555946054
0 1 0.2536099530176439
0 2 -0.15185515509052036
1 2 3.6840064893720617
4 3 3.6840064893720617
5 3 2.3734239499878678
5 4 2.778889058096032
5 5 2.208920236510707
6 5 0.7639860375537673
7 5 2.132261893170979
9 5 2.6322855839041566
10 5 0.9871295888679771
11 5 2.068042300436686
12 5 -0.42559802932006924
5 6 2.4222141141572995
7 6 1.920417897110703
9 6 2.1615799539275913
11 6 1.6150362475595212
12 6 -0.18545690163728826
5 7 1.9315911977088283
6 7 3.712177366338758
7 7 2.2770928410494355
9 7 1.1319605367464332
10 7 3.5298558095448036
11 7 1.2785640109383083
12 7 -0.5219291382585013
5 8 1.5261260896006639
6 8 3.5298558095448036
9 8 1.8251077173063783
10 8 3.5298558095448036
11 8 2.664858372058199
12 8 0.17121804230144402
5 9 -0.02447132281050291
6 9 2.1615799539275913
7 9 3.0778706858017464
10 9 2.384723505241801
11 9 2.966645050691522
12 9 1.7986744602382227
5 10 0.2939824083080318
6 10 2.4800336850461258
7 10 2.836708628984858
11 10 2.936792087541841
12 10 1.8294461189049764
8 11 1.2785640109383083
12 11 2.5048937223655208
0 12 -3.1050278142257155
1 12 2.1171281913567572
2 12 2.522593299464922
5 12 -1.966043070267218
6 12 1.423981010796812
8 12 2.4738031352954897
9 12 -0.9739142620015584
10 12 1.423981010796812
11 12 -0.8273107878096831
12 12 2.125786254099872
