0 0 0.14745962598968793
5 0 0.18621261228692126
6 0 -0.2192524958212432
7 0 -2.065079186319574
9 0 -0.9123996763811885
11 0 -0.9123996763811885
13 0 -0.9123996763811885
0 1 0.0038910554929665006
9 1 3.536116699561526
11 1 3.536116699561526
0 2 0.18621261228692126
0 3 -0.3527838884457658
1 3 3.536116699561526
11 3 3.536116699561526
0 4 -0.2192524958212432
2 4 3.823798772013307
3 5 1.7443572303334711
6 5 3.1306515914533617
7 5 2.5841078850852917
1 6 1.7443572303334711
3 6 1.7443572303334711
7 6 2.9588013345267026
0 7 -2.4705442944277385
1 7 2.5375878694503986
3 7 2.894262813389131
7 7 1.9239048602447002
10 7 1.2848249009550308
12 7 2.788902297731305
14 7 2.160293638308931
15 7 0.4738946847387021
7 8 2.3834371896231406
12 8 2.8429695190015805
14 8 2.6198259676873707
15 8 2.0320393027852517
10 9 4.229263880121471
13 9 4.922411060681417
14 9 3.312973148247316
7 10 1.9779720815149762
8 10 4.229263880121471
12 10 2.8429695190015805
14 10 2.6198259676873707
9 11 4.922411060681417
13 11 4.922411060681417
14 11 3.312973148247316
8 12 2.8429695190015805
10 12 2.8429695190015805
14 12 3.312973148247316
15 12 3.1306515914533617
8 13 4.229263880121471
10 13 4.229263880121471
14 13 3.312973148247316
7 14 0.3685341690808759
8 14 3.312973148247316
10 14 3.312973148247316
12 14 1.9266787871274256
15 14 3.312973148247316
0 15 -2.011011965049298
2 15 3.4183336639051425
4 15 3.823798772013307
15 15 2.725186483345197
