0 0 0.41349638135260924
3 0 0.44723452098445937
4 0 0.04176941287629493
5 0 -2.9101602380193032
0 1 0.44723452098445937
0 2 0.04176941287629493
1 2 3.447717397297048
4 3 3.447717397297048
5 3 1.8820821075213408
5 4 2.287547215629505
5 5 1.7204407559649249
6 5 -0.19735943415849522
7 5 1.5944000350695597
8 5 -0.2774021418320315
9 5 2.0056960634885175
11 5 1.328696869336554
12 5 -0.8623357377517442
5 6 1.795070730531711
9 6 1.573719829832021
11 6 1.5224265354444706
12 6 0.04652001563489291
5 7 1.7485507148968182
6 7 2.908720896564361
9 7 1.0628942060660302
5 8 0.7034271111796948
6 8 2.540996116439044
7 8 1.442383827770934
8 8 0.2637288314292879
9 8 1.2705335708442749
10 8 2.828678188890825
11 8 1.9123874570166697
12 8 -0.3212047644904245
5 9 -0.6568917635369355
6 9 1.573719829832021
7 9 2.16150649473414
8 9 0.982851498392494
10 9 0.8397506547518208
11 9 2.2260450158717116
12 9 1.458789863158044
5 10 -0.42050298547270487
6 10 1.992430164690206
7 10 2.3978952727983702
8 10 1.2192402764567245
11 10 2.174751721484161
12 10 1.3274538610969573
5 11 -0.7081850579244858
6 11 1.0116009116784797
7 11 1.0116009116784797
8 11 1.2192402764567245
10 11 0.7884573603642703
12 11 2.0206010416569025
0 12 -2.9539628606776955
1 12 1.8382794848629478
2 12 2.243744592971112
5 12 -3.0595603150879636
6 12 0.962810747509048
8 12 1.876019812845795
9 12 -0.4130123137435472
10 12 1.615135933548738
11 12 -0.46430560813109784
12 12 1.6328355106481391
