0 0 1.101266922560482
3 0 0.3321338350226147
4 0 -1.513692855475716
7 0 1.3485080254537523
8 0 -0.3610133455373306
9 0 0.9001178726285541
10 0 -1.1532514287415068
11 0 -2.258133330423212
12 0 0.7375989431307791
15 0 1.8362112317988888
17 0 1.1430640512389434
18 0 -2.2068400360356613
20 0 -1.4596256342054403
0 1 1.4197206536790166
3 1 -0.04255961441879601
4 1 -1.1952391243571814
7 1 1.1073459686368643
8 1 -0.04255961441879601
9 1 0.3022808718729335
10 1 -2.2210920587428626
17 1 1.0560526742493137
3 2 2.9531726591351948
7 2 1.8004931491968095
8 2 2.9531726591351948
0 3 0.008733679968754631
1 3 1.0560526742493137
3 3 1.16141318990714
4 3 0.008733679968754631
7 3 0.008733679968754631
8 3 2.5477075510270306
9 3 1.2185716037470886
10 3 -1.0171192544169267
18 3 0.008733679968754631
0 4 0.9763177062304601
1 4 1.6379742196990346
3 4 0.7018808605286999
5 4 1.1073459686368643
7 4 0.2423485311502598
8 4 0.7018808605286999
9 4 0.06589209380870312
10 4 -2.169798764355312
12 4 1.1073459686368643
16 4 1.8004931491968095
0 5 1.1073459686368643
1 5 1.7491998548092589
7 5 1.1073459686368643
2 6 4.74493212836325
3 6 2.9531726591351948
7 6 1.8004931491968095
1 7 -0.5020919437972361
3 7 1.6181715924028548
4 7 0.46549208246446944
8 7 1.6181715924028548
9 7 1.7398685273803747
10 7 0.4692585652599465
14 7 -0.3395730142994612
17 7 1.8004931491968095
18 7 -0.0453335413015213
20 7 0.008733679968754631
0 8 -0.39673142813940976
1 8 1.0560526742493137
3 8 1.8545603704670852
4 8 0.7018808605286999
9 8 1.5062536761988696
10 8 0.08149303425118301
13 8 1.16141318990714
18 8 0.008733679968754631
0 9 -1.4381853029675709
1 9 0.7077459799810979
3 9 0.11995931507897897
4 9 0.9131899541959067
7 9 -1.0327201948594065
8 9 0.11995931507897897
10 9 0.8858658499213526
11 9 -1.084013489246957
13 9 0.11995931507897897
18 9 1.0467213468204295
20 9 0.11995931507897897
21 9 -2.095614400925437
0 10 -1.1082277473675517
1 10 0.6322384274729529
4 10 0.9712137943122843
7 10 -1.513692855475716
10 10 0.8103582974132076
11 10 -2.258133330423212
12 10 0.044451762570833796
13 10 0.044451762570833796
14 10 -2.095614400925437
16 10 1.4307461236907244
18 10 0.8376824016877616
19 10 -0.3610133455373306
20 10 0.6198159074743955
21 10 -1.0725096647654724
0 11 -1.6007042324653458
1 11 -0.1479201300766222
4 11 0.8842024173226545
8 11 -0.04255961441879601
9 11 -1.084013489246957
10 11 0.914402157186287
13 11 0.6505875661411493
18 11 1.001985452979038
19 11 0.6505875661411493
20 11 0.6505875661411493
21 11 -0.8718389693033213
0 12 0.008733679968754631
1 12 1.0560526742493137
5 12 3.3586377672433594
10 12 0.7746402148111283
11 12 1.0560526742493137
4 13 0.008733679968754631
10 13 0.08149303425118301
11 13 1.5668782980153044
13 13 1.8545603704670852
18 13 0.7018808605286999
19 13 2.5477075510270306
20 13 0.7559480817989755
21 13 -1.054160526097276
0 14 -2.1313324835275163
1 14 0.014598799421152631
4 14 0.06589209380870312
5 14 1.2185716037470886
8 14 0.11995931507897897
10 14 0.6494770718571223
11 14 1.688575232992824
13 14 0.11995931507897897
18 14 0.7590392743686484
19 14 0.8131064956389242
20 14 0.11995931507897897
10 15 0.7746402148111283
11 15 1.7491998548092589
12 15 4.051784947803305
1 16 1.7491998548092589
5 16 4.051784947803305
12 16 4.051784947803305
11 17 1.0560526742493137
14 17 1.9117187843070338
19 17 2.9531726591351948
20 17 1.8545603704670852
10 18 -2.169798764355312
11 18 -0.09662683568907164
13 18 1.6181715924028548
14 18 0.35357416626048416
18 18 -1.1439458299696308
19 18 1.3950280410886453
20 18 1.682710113540426
21 18 1.0120357888325395
10 19 -0.3239720738569815
11 19 1.3437347467010947
13 19 2.5477075510270306
18 19 0.7018808605286999
20 19 0.7559480817989755
21 19 0.3321338350226147
5 20 1.16141318990714
10 20 -1.4225843625250911
11 20 0.2451224580329849
13 20 0.06280090123903023
14 20 1.4192422992092397
19 20 0.7559480817989755
21 20 1.3735877098507758
1 21 -2.258133330423212
2 21 1.4307461236907244
4 21 -1.1082277473675517
5 21 0.044451762570833796
6 21 1.8362112317988888
7 21 -2.2068400360356613
10 21 -1.2867828213660293
11 21 0.9199204999247338
14 21 1.3383728035597093
18 21 -1.1082277473675517
21 21 1.2189021276304481
