0 0 0.13235595995947944
3 0 0.15011841629931988
4 0 -0.25534669180884456
5 0 -2.8654164845508507
0 1 0.15011841629931988
0 2 -0.2553466918088447
1 2 3.784189633918261
4 3 3.784189633918261
5 3 2.5604142022961454
5 4 2.96587931040431
0 5 -2.8654164845508507
1 5 2.049588578530155
2 5 2.203739258357413
5 5 2.329890543684313
8 5 2.96587931040431
9 5 2.5604142022961454
10 5 0.5863331762741357
1 6 3.5610460826040513
2 6 3.5610460826040513
5 6 2.203739258357413
2 7 3.5610460826040513
5 7 2.049588578530155
6 7 3.784189633918261
9 8 3.784189633918261
10 8 3.196402969016142
10 9 3.6018680771243066
5 10 0.5863331762741357
6 10 3.196402969016142
7 10 3.6018680771243066
10 10 2.790937860907978
