0 0 0.1911581385944527
1 0 -3.057425842559331
3 0 -0.8602012652231115
4 0 -2.9396428069029477
7 0 0.23841102344499815
9 0 -0.2724146003209926
10 0 -2.444321369672922
11 0 -2.6519607344511664
12 0 -0.1670540846631662
14 0 -2.469639177657212
15 0 0.23841102344499815
17 0 -0.1670540846631662
0 1 0.23841102344499815
0 2 0.23841102344499815
0 3 -0.1670540846631662
1 3 3.196402969016142
0 4 -0.4547361571149472
1 4 3.0628715763916197
3 4 2.6210388241125804
8 4 3.3141860046725258
9 4 1.0116009116784797
10 4 -0.34937564145712074
0 5 -0.1670540846631662
1 5 3.196402969016142
0 6 -0.1670540846631662
2 6 4.295015257684252
0 7 -3.162786358217157
1 7 1.5869650565820417
3 7 2.3978952727983702
4 7 1.0116009116784797
9 7 2.9856819377004897
10 7 2.200069529468451
0 8 -1.5533484457830569
1 8 2.5032557884561966
3 8 4.007333185232471
4 8 2.6210388241125804
9 8 2.3978952727983702
10 8 1.0369187196627698
0 9 -3.162786358217157
1 9 0.8938178760220964
4 9 1.704748092238425
8 9 2.3978952727983702
10 9 2.6463566320968703
0 10 -3.137468550232867
1 10 1.6122828645663316
3 10 1.0369187196627698
4 10 2.1355310083308794
8 10 1.0369187196627698
10 10 1.8277043697866313
11 10 -0.06169356900533978
13 10 2.4232130807826606
16 10 2.828678188890825
18 10 2.4232130807826606
19 10 0.5849335959197127
0 11 -2.6519607344511664
1 11 1.404643499788087
4 11 2.6210388241125804
8 11 2.908720896564361
9 11 1.2992829841302609
10 11 2.3362017037930305
10 12 2.4232130807826606
11 12 3.6018680771243066
10 13 2.4232130807826606
11 13 3.6018680771243066
0 14 -2.469639177657212
1 14 2.280112237141987
4 14 2.3978952727983702
5 14 3.784189633918261
8 14 3.0910424533583156
10 14 1.5069223489085055
11 14 3.378724525810097
10 15 1.0369187196627698
11 15 3.6018680771243066
12 15 4.700480365792417
14 15 3.0910424533583156
17 15 4.700480365792417
10 16 -0.34937564145712074
11 16 1.5224265354444706
13 16 3.3141860046725258
18 16 3.3141860046725258
19 16 2.8622008809294686
10 17 1.7300659002227152
11 17 3.6018680771243066
14 17 3.784189633918261
19 18 3.4011973816621555
0 19 -2.8526314299133175
1 19 0.10536051565782614
2 19 2.995732273553991
4 19 0.9162907318741551
5 19 2.995732273553991
6 19 3.4011973816621555
10 19 -1.3609765531356006
11 19 2.302585092994046
14 19 3.1780538303479458
19 19 2.3895964699836756
