0 0 3.418818983011975
1 0 3.5729696628392333
2 0 4.33510971488613
5 0 4.33510971488613
6 0 4.33510971488613
22 0 4.33510971488613
23 0 2.0325246218920845
24 0 4.192008871245457
0 1 3.706501055463756
1 1 3.2364974262180204
2 1 4.33510971488613
5 1 4.33510971488613
6 1 4.33510971488613
22 1 4.33510971488613
23 1 1.914741586235701
24 1 4.217326679229746
2 2 3.2364974262180204
5 2 3.929644606777966
22 2 4.33510971488613
23 2 3.1675045547310687
24 2 4.33510971488613
4 3 4.33510971488613
7 3 4.33510971488613
8 3 4.33510971488613
9 3 3.747323049984011
12 3 3.7160705064799067
7 4 4.33510971488613
8 4 4.33510971488613
9 4 3.929644606777966
12 4 3.7160705064799067
2 5 3.2364974262180204
22 5 4.33510971488613
23 5 3.2364974262180204
24 5 4.33510971488613
2 6 4.33510971488613
5 6 4.33510971488613
22 6 4.33510971488613
23 6 2.879822482279288
24 6 4.33510971488613
8 7 4.33510971488613
9 7 4.083795286605224
12 7 3.561919826652648
13 7 3.2364974262180204
9 8 4.33510971488613
12 8 3.3795982698586937
13 8 3.2364974262180204
9 9 3.524179498669801
10 9 4.277951301046182
11 9 4.185577980915166
12 9 2.974133161750529
13 9 3.747323049984011
14 9 3.747323049984011
21 9 2.1378851375499104
10 10 2.948815353766239
11 10 4.047427642434349
12 10 3.3795982698586937
13 10 3.929644606777966
14 10 4.33510971488613
16 10 2.543350245658075
18 10 3.2364974262180204
20 10 4.33510971488613
21 10 4.33510971488613
10 11 2.948815353766239
11 11 3.3542804618744038
12 11 3.328304975471143
13 11 3.929644606777966
14 11 4.33510971488613
15 11 1.0770131768646478
16 11 2.948815353766239
18 11 3.929644606777966
20 11 4.33510971488613
21 11 4.33510971488613
7 12 2.4633075379845386
8 12 2.8687726460927028
9 12 3.561919826652648
10 12 3.1564547185444836
11 12 2.948815353766239
12 12 2.942880618246425
13 12 3.2364974262180204
14 12 2.4633075379845386
15 12 2.4633075379845386
16 12 2.617458217811797
18 12 3.3795982698586937
20 12 3.3795982698586937
21 12 3.3795982698586937
9 13 2.1378851375499104
10 13 3.2364974262180204
11 13 3.2364974262180204
12 13 2.8687726460927028
13 13 2.831032318109856
14 13 3.929644606777966
15 13 2.974133161750529
16 13 3.2364974262180204
18 13 3.929644606777966
20 13 3.929644606777966
21 13 3.929644606777966
12 14 3.1564547185444836
13 14 3.2364974262180204
15 14 3.1564547185444836
16 14 3.2364974262180204
18 14 4.33510971488613
20 14 4.33510971488613
21 14 4.33510971488613
15 15 3.5359443402493875
16 15 3.3795982698586937
17 15 3.7160705064799067
19 15 4.072745450418639
46 15 2.9228398673629785
50 15 2.6864510892987483
54 15 2.4633075379845386
15 16 3.7160705064799067
16 16 3.2364974262180204
17 16 3.6419625343261846
18 16 2.831032318109856
19 16 3.929644606777966
46 16 2.1378851375499104
50 16 2.543350245658075
17 17 3.3542804618744038
46 17 4.33510971488613
50 17 4.33510971488613
51 17 4.33510971488613
54 17 4.33510971488613
55 17 2.948815353766239
56 17 4.33510971488613
57 17 3.171958905080449
15 18 4.10553527324163
16 18 4.083795286605224
18 18 3.2364974262180204
19 18 3.0133538749038107
15 19 2.106632594045806
16 19 1.62705951378392
17 19 4.33510971488613
19 19 3.418818983011975
46 19 4.11196616357192
50 19 3.9784347709473975
51 19 3.131136910560194
54 19 3.8242840911201395
15 20 3.9673849347608128
16 20 3.929644606777966
18 20 4.33510971488613
19 20 2.7256718024520294
15 21 3.9673849347608128
16 21 3.929644606777966
18 21 4.33510971488613
20 21 4.33510971488613
23 22 3.4988616906855112
24 22 3.929644606777966
3 23 3.4988616906855112
4 23 3.418818983011975
7 23 3.131136910560194
8 23 2.879822482279288
9 23 0.8161292975675911
12 23 2.130163091456
22 23 0.9339123332239745
23 23 3.3165401338915568
24 23 0.9339123332239745
25 23 3.6080609826505032
22 24 3.2364974262180204
23 24 3.5488721112601724
24 24 3.2364974262180204
3 25 4.33510971488613
4 25 4.33510971488613
7 25 4.33510971488613
8 25 4.33510971488613
9 25 3.3906481060452784
12 25 3.6419625343261846
23 25 0.2407651526640292
25 25 2.948815353766239
28 26 4.134439019423978
29 26 4.33510971488613
31 26 4.33510971488613
26 27 4.33510971488613
27 27 3.2364974262180204
28 27 3.8831245911430727
29 27 4.33510971488613
31 27 4.33510971488613
0 28 4.088976645347222
1 28 4.096698691441132
2 28 3.4035515108811865
5 28 3.32350880320765
6 28 3.7289739113158142
23 28 -0.7708357590144506
24 28 0.8386021534196499
28 28 3.528303215853663
29 28 1.9372144420877595
31 28 3.035826730755869
0 29 2.7256718024520294
28 29 4.239799535081805
31 29 4.11196616357192
26 30 4.33510971488613
27 30 4.33510971488613
28 30 3.6419625343261846
29 30 4.33510971488613
30 30 2.948815353766239
31 30 4.11196616357192
0 31 3.681183247479466
1 31 3.8242840911201395
2 31 1.62705951378392
6 31 2.7256718024520294
28 31 4.0166559837675955
29 31 2.7256718024520294
31 31 3.418818983011975
30 32 2.2556681732062938
32 32 3.3542804618744038
33 32 4.047427642434349
68 32 3.6419625343261846
69 32 4.33510971488613
70 32 4.047427642434349
71 32 2.948815353766239
32 33 2.948815353766239
33 33 2.948815353766239
68 33 4.047427642434349
69 33 4.33510971488613
70 33 4.33510971488613
71 33 4.33510971488613
34 34 3.4878118544989265
35 34 3.8932769626070907
36 34 3.2364974262180204
41 34 3.9055470551989053
42 34 2.3891995658308165
43 34 3.344711010858253
34 35 3.305490297704972
35 35 3.3542804618744038
36 35 2.543350245658075
41 35 4.118886606416494
42 35 2.7256718024520294
43 35 3.536602018668358
34 36 3.929644606777966
35 36 4.152788158092175
36 36 3.2364974262180204
41 36 3.6783301784970597
42 36 1.62705951378392
43 36 2.7256718024520294
37 37 3.418818983011975
38 37 3.2364974262180204
39 37 4.11196616357192
52 37 4.33510971488613
53 37 4.33510971488613
58 37 2.4743573741711233
60 37 4.33510971488613
62 37 4.33510971488613
63 37 4.33510971488613
64 37 4.33510971488613
37 38 3.929644606777966
38 38 3.2364974262180204
39 38 3.929644606777966
52 38 4.33510971488613
53 38 4.33510971488613
58 38 2.1378851375499104
60 38 4.33510971488613
62 38 4.33510971488613
63 38 4.33510971488613
64 38 4.33510971488613
37 39 2.7256718024520294
38 39 3.2364974262180204
52 39 4.33510971488613
53 39 4.33510971488613
58 39 2.831032318109856
60 39 4.33510971488613
62 39 4.33510971488613
63 39 4.33510971488613
64 39 4.33510971488613
34 40 4.235026256329148
35 40 4.2480983378965
36 40 4.33510971488613
40 40 3.2364974262180204
41 40 1.0392728488818008
43 40 2.3202066943438653
41 41 3.524179498669801
42 41 4.217326679229746
43 41 3.7065010554637556
61 41 3.929644606777966
82 41 3.4371681216801715
83 41 2.4633075379845386
41 42 1.2215944056757555
42 42 3.418818983011975
43 42 2.7256718024520294
61 42 4.33510971488613
82 42 3.929644606777966
83 42 3.921922560684055
34 43 2.72567180245203
35 43 2.7256718024520294
36 43 2.7256718024520294
40 43 1.62705951378392
41 43 3.0133538749038107
42 43 3.8242840911201395
43 43 2.9079933592459843
61 43 4.11196616357192
82 43 3.418818983011975
83 43 2.993935789046709
37 44 4.207276343376245
38 44 4.266116843399178
39 44 4.11196616357192
44 44 3.418818983011975
45 44 3.5141291628163
49 44 3.418818983011975
53 44 3.6419625343261846
60 44 2.7256718024520294
62 44 3.418818983011975
63 44 3.418818983011975
64 44 3.418818983011975
37 45 4.251728105947079
38 45 4.192008871245457
39 45 4.11196616357192
44 45 3.755291219633188
45 45 3.418818983011975
49 45 3.418818983011975
53 45 3.8242840911201395
62 45 3.418818983011975
63 45 2.7256718024520294
44 46 0.9339123332239747
46 46 3.45964097753223
47 46 3.2364974262180204
48 46 4.047427642434349
50 46 3.796113214153443
51 46 4.33510971488613
54 46 4.152788158092175
55 46 4.33510971488613
56 46 4.33510971488613
57 46 4.292550100467334
37 47 3.0133538749038107
38 47 3.747323049984011
44 47 4.33510971488613
45 47 4.33510971488613
47 47 3.2364974262180204
49 47 4.33510971488613
38 48 2.543350245658075
44 48 4.33510971488613
45 48 4.33510971488613
47 48 4.33510971488613
48 48 2.948815353766239
49 48 4.33510971488613
37 49 4.33510971488613
38 49 4.33510971488613
39 49 4.33510971488613
44 49 3.824284091120139
45 49 3.824284091120139
44 50 2.0325246218920845
45 50 2.0325246218920845
46 50 3.45964097753223
47 50 3.6419625343261846
48 50 3.6419625343261846
50 50 2.948815353766239
51 50 4.33510971488613
54 50 3.6419625343261846
55 50 4.33510971488613
56 50 4.33510971488613
57 50 4.33510971488613
44 51 3.131136910560194
45 51 3.418818983011975
47 51 4.33510971488613
48 51 4.33510971488613
51 51 2.948815353766239
55 51 4.33510971488613
56 51 4.33510971488613
57 51 4.33510971488613
58 52 3.747323049984011
52 53 4.33510971488613
53 53 2.948815353766239
58 53 3.290564647488296
60 53 4.33510971488613
62 53 4.33510971488613
63 53 4.33510971488613
64 53 4.33510971488613
46 54 2.543350245658075
47 54 4.33510971488613
48 54 4.33510971488613
50 54 3.6419625343261846
51 54 4.33510971488613
55 54 4.33510971488613
56 54 4.33510971488613
57 54 4.33510971488613
44 55 3.824284091120139
45 55 4.11196616357192
47 55 4.33510971488613
48 55 4.33510971488613
49 55 4.33510971488613
57 55 3.6419625343261846
44 56 3.418818983011975
45 56 3.418818983011975
47 56 4.33510971488613
48 56 4.33510971488613
49 56 4.33510971488613
55 56 4.33510971488613
57 56 4.33510971488613
44 57 3.904326798793676
45 57 4.047427642434349
47 57 4.33510971488613
48 57 4.33510971488613
49 57 4.33510971488613
55 57 3.6419625343261846
57 57 3.3542804618744038
34 58 2.2714165301744336
35 58 1.4447379569899652
36 58 2.6487107613159013
40 58 3.496008621703105
43 58 1.827730209246071
58 58 3.3959251631461225
59 58 3.7134214983083296
34 59 3.998637478264917
35 59 3.8651060856403943
36 59 4.33510971488613
40 59 4.33510971488613
43 59 2.7256718024520294
59 59 2.948815353766239
52 60 4.33510971488613
58 60 3.6783301784970592
82 61 3.929644606777966
83 61 4.33510971488613
52 62 4.33510971488613
58 62 3.4371681216801715
60 62 4.33510971488613
63 62 4.33510971488613
64 62 4.33510971488613
52 63 4.33510971488613
58 63 3.524179498669801
60 63 4.33510971488613
64 63 4.33510971488613
52 64 4.33510971488613
58 64 3.6042222063433376
60 64 4.33510971488613
65 65 3.524179498669801
66 65 4.33510971488613
72 65 2.831032318109856
73 65 4.038843898742957
76 65 1.0392728488818008
72 66 4.33510971488613
73 66 4.33510971488613
76 66 3.2364974262180204
65 67 4.33510971488613
66 67 4.33510971488613
67 67 3.2364974262180204
73 67 3.156454718544484
26 68 4.33510971488613
27 68 4.33510971488613
28 68 3.1899774105831273
29 68 4.33510971488613
30 68 4.33510971488613
31 68 3.824284091120139
68 68 2.948815353766239
70 68 2.948815353766239
71 68 3.6419625343261846
26 69 3.929644606777966
27 69 4.1747670648109505
28 69 1.5317493339795951
29 69 3.2364974262180204
30 69 4.33510971488613
31 69 2.3202066943438653
68 69 4.33510971488613
69 69 3.524179498669801
70 69 3.747323049984011
71 69 4.33510971488613
26 70 3.6419625343261846
27 70 3.929644606777966
28 70 2.342679550195924
29 70 3.6419625343261846
30 70 4.33510971488613
31 70 3.131136910560194
68 70 4.047427642434349
69 70 3.524179498669801
70 70 2.948815353766239
71 70 4.33510971488613
26 71 4.33510971488613
27 71 4.33510971488613
28 71 3.32350880320765
29 71 4.33510971488613
30 71 4.33510971488613
31 71 3.824284091120139
68 71 3.6419625343261846
73 72 1.7701603574245932
74 72 4.33510971488613
75 72 4.33510971488613
76 72 4.33510971488613
79 72 4.33510971488613
80 72 4.33510971488613
81 72 4.33510971488613
93 72 4.33510971488613
72 73 4.255067007212594
73 73 3.561919826652648
74 73 4.255067007212594
75 73 4.33510971488613
76 73 4.168055630222963
79 73 3.910226520920864
80 73 3.2742377542008674
81 73 3.2742377542008674
93 73 1.7701603574245932
94 73 1.0770131768646478
95 73 1.7701603574245932
76 74 3.929644606777966
79 74 4.33510971488613
80 74 4.33510971488613
81 74 4.33510971488613
93 74 4.33510971488613
94 74 3.6419625343261846
95 74 4.33510971488613
99 74 3.418818983011975
74 75 4.33510971488613
76 75 3.929644606777966
79 75 4.33510971488613
80 75 4.33510971488613
81 75 4.33510971488613
93 75 4.33510971488613
94 75 3.6419625343261846
95 75 4.33510971488613
99 75 2.7256718024520294
73 76 0.6715480687564837
74 76 3.2364974262180204
75 76 3.2364974262180204
76 76 3.2364974262180204
79 76 4.33510971488613
80 76 4.33510971488613
81 76 4.33510971488613
93 76 4.33510971488613
94 76 3.6419625343261846
95 76 4.33510971488613
99 76 3.418818983011975
65 77 4.33510971488613
66 77 3.929644606777966
67 77 4.33510971488613
73 77 1.7701603574245934
77 77 3.2364974262180204
78 77 3.2364974262180204
65 78 4.33510971488613
66 78 4.33510971488613
67 78 4.33510971488613
77 78 3.929644606777966
79 79 2.948815353766239
80 79 4.33510971488613
81 79 4.33510971488613
93 79 4.33510971488613
94 79 4.33510971488613
95 79 4.33510971488613
99 79 3.9784347709473975
100 79 4.33510971488613
80 80 3.3542804618744038
81 80 3.6419625343261846
93 80 4.33510971488613
94 80 4.33510971488613
95 80 4.33510971488613
98 80 3.2001297820471453
99 80 4.28381642049858
100 80 4.33510971488613
104 80 1.8502030650981298
80 81 3.6419625343261846
81 81 2.948815353766239
93 81 4.33510971488613
94 81 4.33510971488613
95 81 4.33510971488613
98 81 3.082346746390762
99 81 4.33510971488613
100 81 4.33510971488613
104 81 1.8502030650981298
82 82 2.1378851375499104
83 82 3.929644606777966
84 82 3.929644606777966
85 82 2.831032318109856
86 82 2.6659525677504075
88 82 1.2905872771627072
83 83 3.561919826652648
84 83 4.33510971488613
87 83 3.4315580087894046
88 83 3.0431260332374808
87 84 3.929644606777966
88 84 3.998637478264917
65 85 2.6487107613159013
67 85 3.2364974262180204
77 85 3.2364974262180204
78 85 3.2364974262180204
85 85 2.1378851375499104
86 85 3.3198790351570713
89 85 3.524179498669801
90 85 3.2364974262180204
65 86 0.6118288340548612
67 86 2.29822778762509
77 86 3.045442189455311
78 86 3.1455256480122937
82 86 0.1010032102888706
85 86 3.502200591951026
86 86 3.391997451817412
89 86 3.7385893700152564
90 86 3.502200591951026
82 87 2.7256718024520294
85 87 2.7256718024520294
86 87 2.634700024246303
87 87 3.418818983011975
88 87 3.670133411292881
82 88 2.9000251895968074
86 88 2.7800658745178284
87 88 3.509790761217702
88 88 3.439021690329495
65 89 2.6487107613159013
67 89 4.33510971488613
77 89 4.33510971488613
78 89 4.33510971488613
85 89 3.2364974262180204
86 89 1.4872975714087613
89 89 3.2364974262180204
90 89 4.33510971488613
65 90 4.083795286605224
67 90 4.33510971488613
77 90 4.33510971488613
78 90 4.33510971488613
90 90 3.2364974262180204
32 91 4.33510971488613
33 91 4.33510971488613
69 91 3.1675045547310687
70 91 3.418818983011975
91 91 3.418818983011975
92 91 4.11196616357192
124 91 4.33510971488613
125 91 4.11196616357192
32 92 4.33510971488613
33 92 4.33510971488613
69 92 3.524179498669801
70 92 3.6419625343261846
91 92 2.7256718024520294
124 92 4.33510971488613
125 92 4.33510971488613
94 93 4.33510971488613
95 93 4.33510971488613
98 93 3.7754939269507073
99 93 4.33510971488613
100 93 4.33510971488613
104 93 3.2364974262180204
94 94 2.948815353766239
98 94 4.180959035058872
99 94 3.9784347709473975
100 94 4.33510971488613
104 94 3.796113214153443
105 94 3.6419625343261846
94 95 4.33510971488613
98 95 3.998637478264917
99 95 4.33510971488613
100 95 4.33510971488613
104 95 3.2364974262180204
96 96 3.2364974262180204
97 96 3.929644606777966
101 96 4.33510971488613
102 96 4.33510971488613
103 96 4.33510971488613
104 96 3.2364974262180204
106 96 2.831032318109856
107 96 3.45964097753223
96 97 3.2364974262180204
97 97 2.948815353766239
101 97 4.33510971488613
102 97 4.33510971488613
103 97 4.33510971488613
104 97 3.2364974262180204
106 97 2.948815353766239
107 97 3.6419625343261846
96 98 4.286319550716698
97 98 4.261001742732408
98 98 3.4878118544989265
99 98 0.7797616533967164
101 98 3.7754939269507073
102 98 3.3054902977049716
103 98 3.3054902977049716
104 98 3.8932769626070907
105 98 4.33510971488613
106 98 0.19197498849459743
94 99 3.131136910560194
96 99 3.0133538749038107
97 99 2.7256718024520294
98 99 4.245497556196443
99 99 3.418818983011975
100 99 3.8242840911201395
104 99 3.878351312390415
105 99 3.418818983011975
96 100 3.2364974262180204
98 100 4.33510971488613
99 100 3.418818983011975
104 100 3.929644606777966
105 100 4.33510971488613
102 101 4.33510971488613
103 101 4.33510971488613
106 101 3.2364974262180204
107 101 4.047427642434349
109 101 2.948815353766239
102 102 2.948815353766239
103 102 3.6419625343261846
106 102 3.3906481060452784
107 102 4.33510971488613
109 102 3.171958905080449
102 103 3.6419625343261846
103 103 2.948815353766239
106 103 3.3906481060452784
107 103 4.33510971488613
109 103 3.171958905080449
96 104 3.929644606777966
97 104 3.929644606777966
98 104 2.995335369401132
101 104 4.152788158092175
102 104 3.929644606777966
103 104 3.929644606777966
104 104 3.3906481060452784
105 104 3.929644606777966
106 104 2.2179278452234468
107 104 2.543350245658075
109 104 1.5625209926463486
96 105 4.33510971488613
97 105 4.33510971488613
101 105 4.33510971488613
102 105 4.33510971488613
103 105 4.33510971488613
104 105 3.2364974262180204
106 105 2.543350245658075
106 106 3.2457140813229444
107 106 2.948815353766239
108 106 3.747323049984011
109 106 3.5396836852057665
116 106 3.3906481060452784
118 106 1.3906707357196897
119 106 3.747323049984011
120 106 1.6454086524521165
121 106 3.524179498669801
106 107 3.6960297555964603
107 107 3.3542804618744038
109 107 3.6419625343261846
116 108 4.33510971488613
118 108 3.4701122773995254
119 108 4.33510971488613
120 108 2.831032318109856
121 108 4.33510971488613
106 109 3.2773194207382756
107 109 2.2556681732062938
108 109 3.8651060856403943
109 109 3.3542804618744038
116 109 3.554951157336555
118 109 1.7961358438278539
119 109 3.6419625343261846
120 109 1.8502030650981298
121 109 3.6419625343261846
110 110 3.3542804618744038
112 110 4.152788158092175
114 110 3.759745569982568
122 110 4.33510971488613
126 110 3.2852875903874525
127 110 4.201578322261607
111 111 3.2364974262180204
113 111 4.33510971488613
115 111 4.33510971488613
128 111 1.1570558845381844
129 111 2.3202066943438653
112 112 3.2364974262180204
114 112 1.8502030650981298
122 112 3.747323049984011
126 112 4.33510971488613
127 112 3.929644606777966
137 112 3.842633229788336
138 112 3.929644606777966
219 112 3.2364974262180204
220 112 2.543350245658075
222 112 3.2364974262180204
113 113 3.5366020186683587
115 113 3.2364974262180204
128 113 4.013526090758668
129 113 3.9494472340741456
139 113 1.5216989981260935
110 114 3.5084311417016623
112 114 4.152788158092175
114 114 3.5084311417016623
122 114 4.201578322261607
126 114 3.536602018668358
127 114 4.047427642434349
137 114 2.2556681732062938
138 114 2.2556681732062938
113 115 3.929644606777966
115 115 3.2364974262180204
128 115 3.8651060856403943
129 115 3.5729696628392333
116 116 3.2364974262180204
118 116 3.8184189716677412
120 116 2.9851829979371143
121 116 3.2364974262180204
111 117 4.33510971488613
113 117 3.9784347709473975
115 117 4.152788158092175
117 117 2.948815353766239
118 117 1.3906707357196897
120 117 2.1378851375499104
111 118 3.287790720605571
113 118 2.346182180747126
115 118 2.857007804513117
117 118 3.587895313055909
118 118 3.3365808847750027
120 118 3.5109342719197807
116 119 4.33510971488613
118 119 3.587895313055909
120 119 2.831032318109856
121 119 4.33510971488613
111 120 3.811861571121582
113 120 2.543350245658075
115 120 2.6487107613159013
116 120 1.7324200294417462
117 120 3.8426332297883357
118 120 3.2709836022891894
120 120 3.2364974262180204
116 121 3.929644606777966
118 121 3.693255828713735
120 121 3.2364974262180204
112 122 3.524179498669801
114 122 1.8502030650981298
122 122 3.2364974262180204
126 122 4.33510971488613
127 122 4.33510971488613
137 122 4.009687314451502
138 122 3.929644606777966
110 123 3.418818983011975
112 123 1.8093810705778746
114 123 3.2852875903874525
122 123 1.4039159624697102
123 123 3.824284091120139
32 124 4.33510971488613
33 124 4.33510971488613
69 124 4.217326679229746
70 124 3.6419625343261846
32 125 4.33510971488613
33 125 4.33510971488613
69 125 3.842633229788336
70 125 3.6419625343261846
91 125 2.7256718024520294
124 125 4.33510971488613
125 125 2.948815353766239
91 126 1.1162338900179294
126 126 3.418818983011975
137 126 4.33510971488613
138 126 4.33510971488613
219 126 4.33510971488613
220 126 4.229749199228304
221 126 4.33510971488613
222 126 4.33510971488613
247 126 3.6419625343261846
112 127 3.2364974262180204
126 127 4.33510971488613
127 127 2.948815353766239
137 127 4.33510971488613
138 127 4.33510971488613
219 127 3.6419625343261846
220 127 3.6419625343261846
128 128 3.5084311417016623
129 128 3.7372727141305093
130 128 2.948815353766239
132 128 1.5625209926463486
133 128 3.6419625343261846
134 128 3.3542804618744038
135 128 3.8651060856403943
136 128 3.6419625343261846
139 128 4.229749199228304
140 128 4.270571193748559
128 129 3.536602018668358
129 129 3.418818983011975
130 129 3.418818983011975
131 129 2.7256718024520294
132 129 3.418818983011975
133 129 3.418818983011975
134 129 3.418818983011975
135 129 3.8242840911201395
136 129 3.8242840911201395
139 129 4.160756327741352
140 129 4.229749199228304
131 130 4.33510971488613
132 130 4.33510971488613
141 130 4.0166559837675955
143 130 2.3202066943438653
144 130 4.33510971488613
141 131 4.134439019423978
143 131 3.0133538749038102
144 131 4.33510971488613
131 132 4.33510971488613
132 132 2.948815353766239
141 132 4.134439019423978
143 132 2.543350245658075
144 132 4.33510971488613
130 133 4.33510971488613
131 133 4.33510971488613
132 133 4.33510971488613
134 133 4.33510971488613
141 133 3.7289739113158142
143 133 2.3202066943438653
144 133 4.33510971488613
130 134 4.33510971488613
131 134 4.33510971488613
132 134 4.33510971488613
141 134 3.8831245911430727
143 134 2.3202066943438653
144 134 4.33510971488613
130 135 4.33510971488613
131 135 4.33510971488613
132 135 4.33510971488613
133 135 4.33510971488613
134 135 4.33510971488613
136 135 4.33510971488613
141 135 3.54665235452186
143 135 1.6270595137839199
144 135 4.33510971488613
130 136 4.33510971488613
131 136 4.33510971488613
132 136 4.33510971488613
133 136 4.33510971488613
134 136 4.33510971488613
141 136 3.54665235452186
143 136 2.3202066943438653
144 136 4.33510971488613
91 137 4.02495478658229
92 137 3.6419625343261846
125 137 3.45964097753223
137 137 3.45964097753223
138 137 3.6419625343261846
219 137 4.33510971488613
220 137 4.33510971488613
221 137 4.33510971488613
222 137 4.33510971488613
247 137 4.33510971488613
91 138 4.11196616357192
92 138 4.33510971488613
137 138 3.6419625343261846
219 138 4.33510971488613
220 138 4.33510971488613
221 138 4.33510971488613
222 138 4.33510971488613
247 138 4.33510971488613
130 139 4.33510971488613
131 139 4.33510971488613
132 139 4.33510971488613
133 139 4.33510971488613
134 139 4.33510971488613
135 139 4.33510971488613
136 139 4.33510971488613
139 139 3.418818983011975
140 139 3.6419625343261846
141 139 3.0358267307558693
143 139 0.7107687819097649
144 139 3.131136910560194
130 140 4.33510971488613
131 140 4.33510971488613
132 140 4.33510971488613
133 140 4.33510971488613
134 140 4.33510971488613
135 140 4.33510971488613
136 140 4.33510971488613
139 140 3.6419625343261846
140 140 2.948815353766239
141 140 3.1899774105831273
144 140 2.948815353766239
141 141 3.4311394674000155
142 141 3.258970282070079
143 141 3.7065010554637556
144 141 3.32350880320765
145 141 2.6303616226477047
150 141 0.32777652965365905
142 142 3.3542804618744038
143 142 2.543350245658075
145 142 4.33510971488613
146 142 4.33510971488613
147 142 2.815283961141717
148 142 2.1015174933790357
149 142 2.2556681732062938
150 142 4.172590785388355
141 143 2.364658456914699
142 143 3.904326798793676
143 143 3.42986881919856
144 143 0.9339123332239745
145 143 3.7671256772801907
146 143 3.6419625343261846
147 143 1.8502030650981296
148 143 1.0674437258484972
150 143 3.2364974262180204
141 144 3.8090166189893506
143 144 3.7065010554637556
144 144 2.948815353766239
145 145 2.948815353766239
146 145 4.33510971488613
147 145 3.8651060856403943
148 145 2.3891995658308165
149 145 3.6419625343261846
150 145 4.33510971488613
151 145 1.5625209926463486
146 146 2.948815353766239
147 146 4.047427642434349
148 146 2.3891995658308165
149 146 3.6419625343261846
150 146 4.11196616357192
151 146 3.171958905080449
147 147 3.5084311417016623
148 147 3.60559489015531
149 147 3.5084311417016623
150 147 1.7448425494403033
151 147 4.088249636954604
152 147 0.8693738120864033
154 147 2.2556681732062938
147 148 2.3891995658308165
148 148 3.2158781390152846
149 148 3.6419625343261846
150 148 0.7797616533967164
151 148 2.6123431171450266
152 148 4.093947658069242
153 148 3.7754939269507073
154 148 3.4878118544989265
157 148 3.662165241643704
147 149 2.948815353766239
148 149 2.794664673938981
151 149 3.6419625343261846
152 149 3.6419625343261846
153 149 3.6419625343261846
154 149 2.948815353766239
157 149 3.6419625343261846
158 149 2.948815353766239
146 150 2.7256718024520294
147 150 4.142737822238674
148 150 2.72567180245203
149 150 3.6419625343261846
150 150 3.418818983011975
151 150 3.536602018668358
147 151 2.2556681732062938
148 151 4.023330090855288
149 151 3.3542804618744038
151 151 3.5084311417016623
152 151 3.8138127912528437
154 151 3.267269084884774
157 151 2.255668173206294
152 152 3.3542804618744038
153 152 4.33510971488613
154 152 3.6419625343261846
155 152 4.33510971488613
156 152 3.6419625343261846
157 152 4.33510971488613
158 152 4.047427642434349
154 153 3.6419625343261846
155 153 4.33510971488613
156 153 4.33510971488613
157 153 3.4878118544989265
158 153 4.33510971488613
182 153 3.418818983011975
183 153 4.33510971488613
152 154 3.6419625343261846
153 154 3.6419625343261846
154 154 3.171958905080449
155 154 3.6419625343261846
156 154 3.6419625343261846
157 154 3.6419625343261846
158 154 3.6419625343261846
182 154 3.3542804618744038
183 154 3.6419625343261846
184 154 3.6419625343261846
156 155 4.33510971488613
158 155 3.6419625343261846
182 155 4.229749199228304
183 155 4.33510971488613
184 155 4.33510971488613
156 156 2.948815353766239
158 156 2.948815353766239
177 156 3.6419625343261846
178 156 3.6419625343261846
182 156 4.33510971488613
183 156 4.33510971488613
184 156 4.33510971488613
153 157 3.7754939269507073
154 157 3.6419625343261846
155 157 4.33510971488613
156 157 4.33510971488613
157 157 3.4878118544989265
158 157 4.33510971488613
182 157 3.264668303184717
183 157 4.33510971488613
154 158 2.948815353766239
155 158 3.6419625343261846
156 158 4.047427642434349
158 158 2.948815353766239
178 158 3.6419625343261846
182 158 4.172590785388355
183 158 4.33510971488613
184 158 4.047427642434349
159 159 3.2364974262180204
160 159 4.192008871245457
161 159 4.33510971488613
192 159 4.33510971488613
193 159 3.929644606777966
206 159 3.929644606777966
207 159 3.929644606777966
209 159 3.2364974262180204
159 160 2.3202066943438653
160 160 3.5366020186683587
161 160 3.9784347709473975
192 160 4.33510971488613
193 160 4.33510971488613
194 160 3.9784347709473975
196 160 4.11196616357192
200 160 1.339377441332139
201 160 1.4729088339566616
204 160 3.6419625343261846
205 160 1.5216989981260935
206 160 4.11196616357192
207 160 4.229749199228304
209 160 4.11196616357192
160 161 3.131136910560194
192 161 4.33510971488613
193 161 4.33510971488613
194 161 4.33510971488613
196 161 4.33510971488613
200 161 1.4447379569899652
201 161 2.3891995658308165
204 161 4.33510971488613
205 161 2.0325246218920845
206 161 4.33510971488613
207 161 4.33510971488613
209 161 4.33510971488613
159 162 4.33510971488613
160 162 4.33510971488613
161 162 4.33510971488613
192 162 3.6419625343261846
159 163 4.33510971488613
160 163 4.11196616357192
161 163 3.6419625343261846
162 163 4.33510971488613
163 163 3.3542804618744038
164 163 3.6419625343261846
159 164 4.33510971488613
160 164 4.047427642434349
161 164 4.33510971488613
162 164 4.33510971488613
163 164 3.6419625343261846
164 164 2.948815353766239
159 165 4.33510971488613
160 165 3.536602018668358
162 165 4.33510971488613
163 165 4.33510971488613
164 165 4.33510971488613
165 165 2.948815353766239
159 166 4.217326679229746
160 166 2.879822482279288
162 166 4.33510971488613
163 166 4.33510971488613
164 166 4.33510971488613
165 166 4.33510971488613
166 166 3.2364974262180204
159 167 3.2364974262180204
160 167 2.7256718024520294
162 167 4.33510971488613
163 167 4.33510971488613
164 167 4.33510971488613
165 167 4.33510971488613
166 167 4.33510971488613
159 168 2.1378851375499104
160 168 0.9339123332239747
162 168 3.929644606777966
163 168 4.33510971488613
164 168 4.33510971488613
165 168 4.33510971488613
166 168 4.33510971488613
167 168 4.33510971488613
168 168 3.2364974262180204
172 168 3.2364974262180204
163 169 3.6419625343261846
164 169 3.6419625343261846
165 169 4.33510971488613
166 169 4.33510971488613
167 169 4.33510971488613
168 169 4.33510971488613
170 169 4.33510971488613
172 169 4.33510971488613
163 170 4.047427642434349
164 170 4.33510971488613
165 170 4.33510971488613
166 170 4.33510971488613
167 170 4.33510971488613
168 170 4.33510971488613
172 170 3.6419625343261846
163 171 2.948815353766239
165 171 4.33510971488613
166 171 4.33510971488613
167 171 4.33510971488613
168 171 4.33510971488613
169 171 4.33510971488613
170 171 4.33510971488613
172 171 4.33510971488613
175 171 4.33510971488613
159 172 2.543350245658075
162 172 3.6419625343261846
163 172 4.047427642434349
164 172 4.33510971488613
165 172 4.33510971488613
166 172 4.33510971488613
167 172 4.33510971488613
168 172 3.929644606777966
170 172 3.6419625343261846
172 172 2.948815353766239
166 173 2.7256718024520294
167 173 3.418818983011975
168 173 4.024954786582291
169 173 4.33510971488613
170 173 4.33510971488613
171 173 4.33510971488613
172 173 4.11196616357192
173 173 3.418818983011975
174 173 3.8242840911201395
175 173 4.33510971488613
165 174 2.794664673938981
166 174 3.4878118544989265
167 174 3.7754939269507073
168 174 3.998637478264917
169 174 4.33510971488613
170 174 4.180959035058872
171 174 4.33510971488613
172 174 4.180959035058872
173 174 3.418818983011975
174 174 3.4878118544989265
175 174 4.33510971488613
163 175 3.6419625343261846
165 175 4.33510971488613
166 175 4.33510971488613
167 175 4.33510971488613
168 175 4.33510971488613
169 175 4.33510971488613
170 175 4.33510971488613
172 175 4.33510971488613
169 176 3.6419625343261846
171 176 4.33510971488613
173 176 4.33510971488613
174 176 4.33510971488613
175 176 4.33510971488613
176 176 2.948815353766239
179 177 4.33510971488613
180 177 3.8932769626070907
181 177 3.0001086481537897
177 178 4.33510971488613
179 178 4.33510971488613
180 178 3.7754939269507073
181 178 3.0001086481537897
180 179 3.998637478264917
181 179 3.0001086481537897
180 180 3.4878118544989265
181 180 3.5222980305700955
186 180 1.6960523852708713
190 180 2.6123431171450266
191 180 1.6960523852708713
180 181 2.8120564166508504
181 181 3.191163884916499
185 181 2.9412681481308565
186 181 3.7420459928831673
187 181 3.587895313055909
188 181 1.796135843827854
189 181 3.693255828713735
190 181 3.87557738550769
191 181 3.87557738550769
177 182 4.33510971488613
178 182 4.33510971488613
179 182 4.33510971488613
180 182 2.859203195076552
181 182 2.455381472712118
182 182 3.5366020186683587
184 182 3.9784347709473975
177 183 4.33510971488613
178 183 4.33510971488613
179 183 4.33510971488613
182 183 4.33510971488613
184 183 4.33510971488613
177 184 4.33510971488613
178 184 4.33510971488613
179 184 4.33510971488613
180 184 3.2001297820471453
181 184 2.77696509683958
182 184 3.131136910560194
184 184 2.948815353766239
173 185 4.075598519401046
174 185 3.8772766212606498
176 185 4.33510971488613
185 185 3.4878118544989265
188 185 4.180959035058872
173 186 2.0325246218920845
174 186 2.3891995658308165
176 186 4.33510971488613
185 186 4.33510971488613
186 186 2.948815353766239
187 186 4.33510971488613
188 186 4.33510971488613
189 186 4.33510971488613
173 187 3.418818983011975
174 187 3.082346746390762
176 187 4.33510971488613
185 187 4.33510971488613
188 187 4.33510971488613
171 188 3.6419625343261846
173 188 4.33510971488613
174 188 4.180959035058872
176 188 4.33510971488613
185 188 2.3891995658308165
188 188 2.948815353766239
173 189 2.7256718024520294
174 189 3.082346746390762
176 189 4.33510971488613
185 189 4.33510971488613
187 189 4.33510971488613
188 189 4.33510971488613
176 190 2.948815353766239
185 190 4.33510971488613
186 190 4.33510971488613
187 190 4.33510971488613
188 190 4.33510971488613
189 190 4.33510971488613
190 190 2.948815353766239
191 190 4.33510971488613
176 191 4.33510971488613
185 191 4.33510971488613
186 191 4.33510971488613
187 191 4.33510971488613
188 191 4.33510971488613
189 191 4.33510971488613
192 192 2.948815353766239
193 192 4.33510971488613
194 192 4.33510971488613
196 192 4.33510971488613
200 192 2.6975009254853335
201 192 3.4878118544989265
204 192 4.33510971488613
205 192 2.0325246218920845
206 192 4.33510971488613
207 192 4.33510971488613
209 192 4.33510971488613
194 193 4.33510971488613
196 193 4.33510971488613
200 193 3.0541758694240655
201 193 3.4878118544989265
204 193 4.33510971488613
205 193 2.0325246218920845
206 193 4.33510971488613
207 193 4.33510971488613
209 193 4.33510971488613
200 194 3.6419625343261846
201 194 3.7754939269507073
204 194 4.33510971488613
205 194 2.0325246218920845
197 195 2.948815353766239
198 195 3.7754939269507073
199 195 2.948815353766239
203 195 2.948815353766239
194 196 4.33510971488613
200 196 3.6419625343261846
201 196 3.4878118544989265
204 196 4.33510971488613
205 196 2.0325246218920845
197 197 3.3542804618744038
198 197 3.2715887460292903
199 197 3.759745569982568
203 197 4.047427642434349
211 197 3.6419625343261846
212 197 2.948815353766239
197 198 3.5931723701567524
198 198 3.263344676254208
199 198 3.4306534406589777
203 198 3.4306534406589777
208 198 2.166056014516607
211 198 3.2364974262180204
212 198 3.1623894540642983
197 199 2.948815353766239
198 199 2.302188188841187
199 199 2.6611332813144584
203 199 3.3542804618744038
208 199 3.536602018668358
211 199 4.047427642434349
212 199 4.047427642434349
195 200 3.2364974262180204
197 200 0.05844359587007458
198 200 1.9265760438827038
199 200 0.7515907764300199
200 200 3.254846564886217
201 200 3.2830174418529134
203 200 0.05844359587007458
205 200 3.418818983011975
200 201 3.5418790757692022
201 201 3.4878118544989265
205 201 3.3824513388411
223 202 4.33510971488613
224 202 4.33510971488613
225 202 4.33510971488613
226 202 3.3795982698586937
227 202 3.9784347709473975
197 203 2.6611332813144584
198 203 2.995335369401132
199 203 3.3542804618744038
203 203 3.171958905080449
208 203 2.879822482279288
210 203 2.948815353766239
211 203 4.047427642434349
212 203 4.047427642434349
200 204 3.747323049984011
201 204 3.998637478264917
195 205 4.229749199228304
197 205 2.2556681732062938
198 205 3.0133538749038107
199 205 2.2556681732062938
200 205 2.607888766795646
201 205 1.6960523852708715
203 205 0.6462302607721937
204 205 2.0325246218920845
205 205 3.313458467354149
194 206 4.33510971488613
196 206 4.33510971488613
200 206 3.3906481060452784
201 206 3.4878118544989265
204 206 4.33510971488613
205 206 2.0325246218920845
209 206 4.33510971488613
194 207 4.33510971488613
196 207 4.33510971488613
200 207 3.2364974262180204
201 207 3.4878118544989265
204 207 4.33510971488613
205 207 2.0325246218920845
206 207 4.33510971488613
209 207 4.33510971488613
208 208 3.5729696628392333
210 208 4.02495478658229
213 208 2.0325246218920845
214 208 2.9263424979141806
215 208 4.11196616357192
216 208 3.2364974262180204
217 208 4.266116843399178
218 208 3.9296446067779653
194 209 4.33510971488613
196 209 4.33510971488613
200 209 3.524179498669801
201 209 3.4878118544989265
204 209 4.33510971488613
205 209 2.0325246218920845
208 210 3.0133538749038102
214 210 3.2364974262180204
215 210 4.33510971488613
216 210 3.998637478264917
217 210 4.33510971488613
218 210 4.33510971488613
208 211 4.11196616357192
210 211 4.33510971488613
212 211 4.33510971488613
208 212 4.229749199228304
210 212 4.33510971488613
212 212 2.948815353766239
202 213 4.33510971488613
213 213 2.948815353766239
214 213 3.2364974262180204
216 213 1.6960523852708713
223 213 4.33510971488613
224 213 4.33510971488613
225 213 4.33510971488613
226 213 3.0229233259199613
227 213 3.7372727141305093
202 214 4.33510971488613
213 214 3.929644606777966
214 214 3.2364974262180204
216 214 3.370028818842543
223 214 4.33510971488613
224 214 4.33510971488613
225 214 4.33510971488613
226 214 2.2809859811905837
227 214 3.4988616906855112
202 215 3.929644606777966
213 215 4.33510971488613
214 215 4.33510971488613
215 215 3.2364974262180204
216 215 4.33510971488613
218 215 4.33510971488613
223 215 3.2364974262180204
202 216 4.33510971488613
213 216 4.261001742732408
214 216 3.855536634624244
216 216 3.4878118544989265
223 216 4.33510971488613
224 216 4.33510971488613
225 216 4.33510971488613
226 216 2.1268353013633257
227 216 3.082346746390762
213 217 3.6419625343261846
214 217 4.33510971488613
215 217 4.33510971488613
216 217 4.33510971488613
218 217 4.33510971488613
202 218 4.33510971488613
213 218 4.33510971488613
214 218 4.33510971488613
216 218 4.33510971488613
223 218 4.33510971488613
225 218 4.33510971488613
32 219 2.948815353766239
91 219 4.33510971488613
92 219 4.33510971488613
124 219 4.33510971488613
125 219 4.33510971488613
220 219 3.6419625343261846
221 219 4.33510971488613
222 219 4.33510971488613
247 219 4.33510971488613
32 220 3.3542804618744038
33 220 2.948815353766239
91 220 4.33510971488613
92 220 4.33510971488613
124 220 4.33510971488613
125 220 4.33510971488613
219 220 3.6419625343261846
220 220 2.948815353766239
221 220 3.6419625343261846
222 220 3.6419625343261846
247 220 4.33510971488613
32 221 4.047427642434349
91 221 4.33510971488613
92 221 4.33510971488613
124 221 4.33510971488613
125 221 4.33510971488613
220 221 3.6419625343261846
247 221 4.33510971488613
32 222 3.6419625343261846
91 222 4.33510971488613
92 222 4.33510971488613
124 222 4.33510971488613
125 222 4.33510971488613
220 222 3.6419625343261846
221 222 4.33510971488613
247 222 4.33510971488613
224 223 4.33510971488613
225 223 4.33510971488613
226 223 3.3795982698586937
227 223 4.11196616357192
226 224 3.7160705064799067
227 224 4.11196616357192
224 225 4.33510971488613
226 225 3.561919826652648
227 225 4.11196616357192
226 226 3.4537062420124154
227 226 3.0229233259199613
228 226 3.9673849347608128
229 226 2.4633075379845386
230 226 0.020960502615334206
231 226 3.4749084496630185
232 226 4.072745450418639
233 226 0.16072244499049287
236 226 3.3795982698586937
237 226 3.849601899104429
226 227 3.8113806862842314
227 227 3.418818983011975
228 227 3.418818983011975
229 227 2.0325246218920845
230 227 -1.1029695940370654
231 227 2.7256718024520294
232 227 3.6419625343261846
236 227 2.3202066943438653
237 227 3.131136910560194
226 228 1.7701603574245932
229 228 4.33510971488613
230 228 2.585909860076871
231 228 4.33510971488613
236 228 3.929644606777966
237 228 3.6419625343261846
230 229 3.6845221487449806
233 229 3.418818983011975
234 229 3.6419625343261846
230 230 3.2231765822423597
233 230 3.418818983011975
234 230 3.3968400762932
235 230 3.30982869930357
236 230 2.29822778762509
238 230 3.597510771755351
239 230 3.502200591951026
241 230 1.8927626795169257
242 230 2.9913749681850352
229 231 4.33510971488613
230 231 3.3198790351570713
231 231 3.45964097753223
233 231 3.131136910560194
234 231 3.2364974262180204
236 231 2.831032318109856
237 231 2.543350245658075
226 232 1.7701603574245932
228 232 4.33510971488613
229 232 4.33510971488613
230 232 1.8927626795169257
231 232 4.33510971488613
236 232 3.929644606777966
237 232 4.33510971488613
230 233 3.502200591951026
233 233 3.313458467354149
234 233 3.6419625343261846
235 233 1.339377441332139
236 233 1.62705951378392
238 233 3.8242840911201395
239 233 3.418818983011975
230 234 3.4509072975634756
233 234 3.6419625343261846
234 234 2.948815353766239
236 234 2.543350245658075
238 234 3.6419625343261846
239 234 3.6419625343261846
235 235 3.3542804618744038
240 235 3.6419625343261846
241 235 4.33510971488613
242 235 4.33510971488613
244 235 2.948815353766239
229 236 3.929644606777966
230 236 2.8090534113910803
231 236 3.524179498669801
233 236 2.3202066943438653
235 236 3.2364974262180204
236 236 2.1378851375499104
237 236 3.2364974262180204
241 236 3.2364974262180204
242 236 3.2364974262180204
244 236 1.8502030650981298
226 237 1.0770131768646478
228 237 3.6419625343261846
229 237 4.33510971488613
230 237 2.9043635911954055
231 237 4.152788158092175
233 237 2.0325246218920845
234 237 2.948815353766239
236 237 3.2364974262180204
237 237 2.948815353766239
230 238 2.29822778762509
235 238 4.33510971488613
236 238 3.2364974262180204
239 238 4.33510971488613
241 238 3.2364974262180204
242 238 4.33510971488613
235 239 4.33510971488613
236 239 3.2364974262180204
239 239 3.2364974262180204
241 239 4.1747670648109505
242 239 4.33510971488613
244 239 1.8502030650981298
240 240 3.418818983011975
243 240 4.301208163210449
244 240 3.8242840911201395
245 240 3.8242840911201395
246 240 4.266116843399178
248 240 2.7256718024520294
250 240 2.7256718024520294
251 240 2.7256718024520294
252 240 2.7256718024520294
253 240 3.418818983011975
254 240 2.7256718024520294
240 241 4.266116843399178
241 241 3.524179498669801
243 241 3.4371681216801715
244 241 4.277951301046182
246 241 1.0392728488818008
240 242 4.11196616357192
241 242 4.33510971488613
244 242 3.6419625343261846
240 243 0.9339123332239747
243 243 3.45964097753223
245 243 4.33510971488613
246 243 4.33510971488613
248 243 4.33510971488613
249 243 4.047427642434349
250 243 4.152788158092175
251 243 4.33510971488613
252 243 4.33510971488613
253 243 4.33510971488613
254 243 4.33510971488613
262 243 1.4447379569899652
263 243 3.054175869424066
240 244 3.418818983011975
241 244 0.7515907764300199
243 244 4.33510971488613
244 244 3.3542804618744038
245 244 4.047427642434349
246 244 4.047427642434349
248 244 3.6419625343261846
251 244 2.948815353766239
252 244 4.047427642434349
253 244 4.047427642434349
248 245 4.33510971488613
249 245 4.33510971488613
250 245 4.33510971488613
251 245 4.33510971488613
252 245 4.33510971488613
253 245 4.33510971488613
254 245 4.33510971488613
262 245 4.33510971488613
263 245 4.33510971488613
264 245 3.2364974262180204
245 246 4.33510971488613
246 246 3.2364974262180204
248 246 4.33510971488613
249 246 4.33510971488613
250 246 4.33510971488613
251 246 4.33510971488613
252 246 4.33510971488613
253 246 4.33510971488613
254 246 4.33510971488613
262 246 3.524179498669801
263 246 4.217326679229746
264 246 3.2364974262180204
32 247 4.201578322261607
33 247 4.33510971488613
91 247 4.33510971488613
92 247 4.33510971488613
124 247 4.33510971488613
125 247 4.33510971488613
247 247 2.948815353766239
249 248 4.33510971488613
250 248 4.33510971488613
251 248 4.33510971488613
254 248 4.33510971488613
262 248 4.33510971488613
263 248 4.33510971488613
264 248 4.33510971488613
271 248 2.543350245658075
249 249 2.948815353766239
262 249 4.33510971488613
263 249 4.33510971488613
264 249 4.33510971488613
271 249 3.6419625343261846
272 249 2.3891995658308165
273 249 3.6419625343261846
249 250 4.33510971488613
262 250 4.33510971488613
263 250 4.33510971488613
264 250 4.33510971488613
271 250 3.2364974262180204
272 250 2.3891995658308165
249 251 4.33510971488613
250 251 4.33510971488613
254 251 4.33510971488613
262 251 4.33510971488613
263 251 4.33510971488613
264 251 4.33510971488613
271 251 2.543350245658075
272 251 1.6960523852708713
248 252 4.33510971488613
249 252 4.33510971488613
250 252 4.33510971488613
251 252 4.33510971488613
254 252 4.33510971488613
262 252 4.33510971488613
263 252 4.33510971488613
264 252 4.33510971488613
248 253 4.33510971488613
249 253 4.33510971488613
250 253 4.33510971488613
251 253 4.33510971488613
252 253 4.33510971488613
254 253 4.33510971488613
262 253 4.33510971488613
263 253 4.33510971488613
264 253 3.929644606777966
249 254 4.33510971488613
250 254 4.33510971488613
262 254 4.33510971488613
263 254 4.33510971488613
264 254 4.33510971488613
271 254 2.543350245658075
272 254 2.3891995658308165
274 255 4.33510971488613
277 255 4.33510971488613
280 255 4.33510971488613
283 255 4.047427642434349
284 255 4.33510971488613
255 256 4.33510971488613
256 256 3.2364974262180204
258 256 1.4447379569899652
274 256 4.33510971488613
277 256 4.33510971488613
280 256 4.277951301046182
283 256 2.948815353766239
284 256 4.33510971488613
255 257 4.33510971488613
256 257 4.33510971488613
258 257 4.33510971488613
259 257 4.33510971488613
265 257 4.33510971488613
280 257 2.543350245658075
284 257 4.33510971488613
255 258 4.33510971488613
256 258 4.277951301046182
258 258 3.45964097753223
259 258 3.2364974262180204
265 258 4.152788158092175
274 258 3.7220052419997214
277 258 3.6419625343261846
280 258 3.796113214153443
284 258 4.33510971488613
255 259 4.33510971488613
256 259 4.33510971488613
258 259 3.929644606777966
259 259 2.948815353766239
265 259 4.33510971488613
274 259 3.3542804618744038
277 259 3.6419625343261846
280 259 3.45964097753223
284 259 4.33510971488613
256 260 2.831032318109856
257 260 4.33510971488613
258 260 4.217326679229746
259 260 4.33510971488613
260 260 3.2364974262180204
265 260 3.929644606777966
266 260 4.33510971488613
268 260 4.33510971488613
269 260 1.2905872771627072
257 261 4.33510971488613
258 261 3.929644606777966
259 261 4.33510971488613
260 261 4.33510971488613
266 261 4.33510971488613
268 261 4.33510971488613
269 261 2.3891995658308165
262 262 3.2364974262180204
263 262 2.1378851375499104
264 262 4.083795286605224
271 262 4.152788158092175
272 262 3.370028818842543
273 262 4.33510971488613
262 263 4.217326679229746
263 263 3.2364974262180204
264 263 4.217326679229746
271 263 4.083795286605224
272 263 2.794664673938981
273 263 4.33510971488613
262 264 2.831032318109856
263 264 2.1378851375499104
264 264 3.2364974262180204
271 264 4.152788158092175
272 264 3.6419625343261846
273 264 4.33510971488613
255 265 4.33510971488613
256 265 4.33510971488613
258 265 2.543350245658075
274 265 4.33510971488613
277 265 4.33510971488613
280 265 3.929644606777966
284 265 4.33510971488613
255 266 3.6419625343261846
256 266 4.152788158092175
257 266 4.33510971488613
258 266 4.33510971488613
259 266 4.33510971488613
265 266 4.33510971488613
266 266 2.948815353766239
268 266 4.047427642434349
257 267 3.6419625343261846
258 267 2.3610286888641205
259 267 2.948815353766239
260 267 4.33510971488613
261 267 4.33510971488613
266 267 4.152788158092175
267 267 3.45964097753223
268 267 3.929644606777966
269 267 3.5418790757692022
270 267 3.6419625343261846
255 268 3.6419625343261846
256 268 4.33510971488613
257 268 4.33510971488613
258 268 4.33510971488613
259 268 4.33510971488613
265 268 4.33510971488613
266 268 2.948815353766239
268 268 2.948815353766239
280 268 1.8502030650981298
257 269 3.7754939269507073
258 269 2.9000251895968074
259 269 3.082346746390762
260 269 4.1238006212189235
261 269 4.180959035058872
265 269 2.3891995658308165
266 269 3.7754939269507073
267 269 3.7329343125319117
268 269 3.7754939269507073
269 269 3.4878118544989265
270 269 3.4878118544989265
260 270 4.33510971488613
261 270 4.33510971488613
266 270 4.33510971488613
267 270 3.6419625343261846
268 270 4.33510971488613
269 270 3.7754939269507073
271 271 3.054175869424066
272 271 3.929644606777966
273 271 3.6419625343261846
275 271 2.7256718024520294
276 271 3.2364974262180204
278 271 2.543350245658075
279 271 2.543350245658075
281 271 1.2905872771627072
282 271 1.8502030650981298
271 272 2.848731895209257
272 272 3.5113423519091205
273 272 2.3891995658308165
275 272 4.056906386388893
276 272 4.093947658069242
278 272 3.8932769626070907
279 272 3.305490297704972
281 272 -0.24985776378444186
282 272 1.9584166497383624
271 273 3.2364974262180204
272 273 4.093947658069242
275 273 2.7256718024520294
276 273 4.33510971488613
274 274 3.8651060856403943
277 274 4.152788158092175
280 274 4.152788158092175
283 274 4.8459353386521204
271 275 2.0325246218920845
272 275 0.08661447283677108
275 275 3.418818983011975
276 275 2.7256718024520294
278 275 4.11196616357192
279 275 4.33510971488613
281 275 3.0310534520032117
282 275 3.5141291628163
271 276 2.543350245658075
272 276 1.6960523852708713
275 276 4.11196616357192
278 276 4.33510971488613
279 276 4.33510971488613
281 276 2.3891995658308165
282 276 3.131136910560194
274 277 4.152788158092175
280 277 4.152788158092175
283 277 4.8459353386521204
275 278 2.7256718024520294
279 278 4.33510971488613
281 278 3.4878118544989265
282 278 3.6419625343261846
279 279 3.2364974262180204
281 279 3.8555366346242437
282 279 3.706501055463756
274 280 4.134439019423978
277 280 4.134439019423978
280 280 3.9521174626300244
283 280 4.827586199983924
284 280 3.035826730755869
261 281 1.6960523852708713
267 281 3.305490297704972
269 281 3.361060148859783
270 281 3.3054902977049716
281 281 3.4996463121459294
282 281 3.344711010858253
260 282 0.9339123332239747
261 282 2.0325246218920845
267 282 3.18520413183047
269 282 3.177656926195087
270 282 3.418818983011975
279 282 2.0325246218920845
281 282 3.5831220343032513
282 282 3.2563000535142
283 283 5.65686555486845
274 284 4.404102586373082
277 284 4.404102586373082
280 284 4.221781029579127
283 284 4.404102586373082
