4 0 2.7256718024520294
10 0 4.33510971488613
23 0 2.3891995658308165
83 0 2.0325246218920845
85 0 1.6050806070651444
1 1 2.948815353766239
3 1 1.8502030650981298
8 1 2.342679550195924
78 1 2.2556681732062938
79 1 3.1206656106928983
17 2 3.005973767606188
73 2 0.38386599630470253
80 2 2.7256718024520294
83 2 1.339377441332139
2 3 2.543350245658075
3 3 0.7515907764300199
4 3 -0.4523820278959159
5 3 2.2556681732062938
6 3 0.7515907764300199
7 3 1.8502030650981298
8 3 1.3982179413550726
9 3 0.8516742349870025
12 3 1.339377441332139
14 3 1.8502030650981298
17 3 0.8887918979435051
19 3 -1.040168692798035
20 3 0.40328408216180434
21 3 1.339377441332139
22 3 -0.19287083241083153
26 3 1.0029052047109261
27 3 -0.19996809428159298
31 3 1.955563580755956
62 3 1.8502030650981298
63 3 0.9339123332239747
73 3 0.3838659963047028
75 3 2.543350245658075
77 3 1.1570558845381844
78 3 1.8502030650981298
79 3 1.7517629922848772
80 3 1.687684135600355
82 3 0.7515907764300199
83 3 -0.4523820278959159
3 4 0.2407651526640294
4 4 0.8285518175661483
5 4 1.7448425494403035
6 4 0.9339123332239747
8 4 -0.36537065090628623
9 4 0.879845111953699
10 4 2.7256718024520294
12 4 1.1162338900179294
13 4 0.7797616533967164
16 4 0.6462302607721937
19 4 0.7515907764300199
21 4 1.5216989981260935
22 4 0.3461256683218556
23 4 0.7797616533967164
27 4 -0.38537131761295573
29 4 2.7256718024520294
41 4 -0.31885063527139346
42 4 2.7256718024520294
62 4 2.0325246218920845
74 4 -0.5324247355694525
78 4 1.5625209926463486
79 4 0.17622663152645804
82 4 2.3202066943438653
83 4 0.6462302607721937
84 4 0.05844359587007458
85 4 1.0660841063324578
3 5 0.4639087039782391
5 5 3.3542804618744038
8 5 1.6495323696359785
9 5 3.048898812323222
14 5 4.33510971488613
22 5 1.5988886368172235
78 5 2.948815353766239
1 6 3.929644606777966
3 6 1.4447379569899652
6 6 2.1378851375499104
8 6 1.9372144420877595
9 6 1.3906707357196897
62 6 3.2364974262180204
73 6 0.6715480687564837
78 6 2.7664937969722847
79 6 2.715200502584734
8 7 2.342679550195924
20 7 2.195043551389859
22 7 2.6487107613159013
3 8 1.1570558845381844
4 8 1.339377441332139
5 8 0.5509200809678688
6 8 1.9372144420877595
7 8 1.9372144420877595
8 8 2.1233167217216202
9 8 1.9372144420877595
12 8 1.9372144420877595
14 8 1.9372144420877595
16 8 1.6495323696359785
20 8 0.7134390104656437
21 8 2.679151786817137
22 8 1.332620658869259
23 8 0.3967694011406107
62 8 2.8535051739619144
78 8 2.4227222578694603
79 8 1.4919034254323953
81 8 2.6303616226477047
3 9 1.1029886632679087
4 9 1.7271429723409024
5 9 0.6975235551597443
6 9 1.6783528081714705
8 9 1.8259888069775352
9 9 2.3974754751346765
12 9 1.3906707357196897
16 9 2.201600951936018
20 9 -1.4425426083365267
21 9 1.9784574006218085
22 9 2.1021670549478313
62 9 2.4892830243877992
78 9 1.3906707357196897
79 9 0.4098414827079634
81 9 2.4892830243877992
10 10 3.3542804618744038
23 10 2.1015174933790357
27 10 -0.5676928744069105
73 10 -0.30928118425524276
83 10 2.2556681732062938
85 10 2.010545715173309
11 11 3.3542804618744038
23 11 2.794664673938981
27 11 -0.28001080195512945
73 11 0.09618392385292175
74 11 0.38386599630470253
84 11 1.4447379569899652
85 11 1.8927626795169257
3 12 1.7071022214574565
4 12 0.423086709457984
5 12 3.45964097753223
6 12 0.5284472251158102
8 12 1.244067261527814
9 12 1.4552092568572608
12 12 2.3847452154814364
14 12 3.0133538749038102
16 12 0.9339123332239745
17 12 -0.1075415416041866
21 12 2.6566789309650782
22 12 -2.3619245327803546
26 12 0.08661447283677108
31 12 0.5284472251158102
62 12 1.6270595137839199
73 12 1.3134019549288782
76 12 1.6270595137839199
78 12 2.0325246218920845
79 12 1.339377441332139
80 12 1.0292225130282993
4 13 0.08661447283677108
11 13 2.3891995658308165
13 13 2.0014340348220534
23 13 2.5227309584553392
27 13 -1.127308662342333
63 13 0.7797616533967164
73 13 -1.5620441527506106
74 13 1.2105445694891708
82 13 2.3891995658308165
84 13 1.7760950929444081
85 13 1.7992366215061022
4 14 2.0325246218920845
9 14 3.3365808847750027
22 14 2.292035817377169
19 15 3.0541758694240655
20 15 3.5813379125097495
22 15 1.0392728488818008
3 16 1.5625209926463486
4 16 1.7448425494403033
5 16 2.6611332813144584
7 16 2.948815353766239
8 16 0.5509200809678688
12 16 2.032524621892084
13 16 1.4083703128190905
15 16 2.948815353766239
19 16 1.8502030650981298
20 16 1.214214298378133
21 16 2.4379897300002487
22 16 1.732420029441746
82 16 2.543350245658075
84 16 -0.6347035846898708
85 16 0.37293692577251225
2 17 1.9073614789380784
3 17 0.7217378132803389
12 17 0.498594261966129
17 17 2.165190588240178
26 17 2.0615121587653364
31 17 1.747018828862899
73 17 2.115000843716323
75 17 1.9073614789380784
76 17 0.8087491902699684
77 17 0.9628998700972267
79 17 -0.17208006274175752
80 17 1.6631645184260362
83 17 0.757455895882418
18 18 2.948815353766239
19 18 2.543350245658075
30 18 4.33510971488613
41 18 3.3054902977049716
43 18 3.8651060856403943
44 18 2.948815353766239
4 19 0.5284472251158102
7 19 1.4447379569899652
8 19 -0.03686658393425025
15 19 2.543350245658075
18 19 2.831032318109856
19 19 2.486191831818126
20 19 2.754659339325282
22 19 1.0666718230699153
29 19 2.1378851375499104
30 19 3.2364974262180204
33 19 0.7515907764300199
41 19 2.206878009036862
42 19 2.4002494020174017
43 19 2.6233929533316114
44 19 2.1378851375499104
4 20 0.9910707470639233
7 20 2.195043551389859
8 20 0.7134390104656437
15 20 1.5018963708299138
16 20 0.8087491902699684
19 20 1.83040043780195
20 20 2.7462204706794173
22 20 2.3649425881852566
23 20 0.24913340233454595
41 20 -0.44401377822539934
42 20 2.0325246218920845
3 21 2.0325246218920845
4 21 1.1162338900179294
5 21 3.904326798793676
8 21 1.4263888183217686
9 21 0.879845111953699
12 21 3.2364974262180204
14 21 3.418818983011975
16 21 2.0325246218920845
21 21 3.418818983011975
78 21 2.4379897300002487
3 22 0.3461256683218555
4 22 1.3016371133492919
7 22 2.425567210001691
8 22 0.9439626690774761
9 22 1.3137096945835611
15 22 2.6487107613159013
16 22 2.004353744925388
19 22 2.128582744887597
20 22 2.1476413124952756
22 22 2.305176610938227
23 22 0.7028006122605881
41 22 -0.752486620346254
42 22 1.54004813679429
10 23 1.0029052047109261
11 23 1.6960523852708713
13 23 1.541901705443613
16 23 1.0029052047109261
20 23 0.24913340233454595
22 23 0.8851221690545428
23 23 1.829583777895394
27 23 -0.8396265898905522
73 23 0.5173973889292254
74 23 1.2105445694891708
83 23 0.4920795809449355
84 23 1.5782693496144882
85 23 1.6050806070651449
24 24 3.561919826652648
25 24 4.478210558526803
28 24 4.478210558526803
25 25 4.740574822994295
3 26 1.1570558845381844
12 26 1.878373942064826
17 26 2.1399837742068315
26 26 2.988820688379939
73 26 1.8556825308627554
76 26 1.6960523852708713
80 26 0.6462302607721938
83 26 1.1852267615048808
0 27 1.723203374336822
3 27 -0.133094616028804
4 27 0.38569917738636356
10 27 0.6553627443354659
11 27 -1.7425325284629045
13 27 0.5012120645082079
16 27 -1.7425325284629045
17 27 -1.9366885429038618
23 27 -0.9158539552784364
26 27 -0.6927104039642266
27 27 2.0335233055285866
63 27 1.3301607862272151
73 27 -2.0048967929303956
74 27 0.5753200366619298
83 27 0.3616016258073032
84 27 0.3507023353492673
85 27 0.5942439292794206
25 28 4.740574822994295
18 29 4.33510971488613
19 29 3.0541758694240655
30 29 4.33510971488613
41 29 3.2364974262180204
33 30 2.948815353766239
41 30 3.4878118544989265
43 30 4.047427642434349
44 30 4.33510971488613
1 31 3.524179498669801
2 31 3.2364974262180204
3 31 0.7515907764300199
6 31 3.118714390561637
17 31 1.6072568864877401
31 31 2.2432456532077367
73 31 1.5539372489549572
75 31 3.2364974262180204
77 31 1.7324200294417462
79 31 2.004353744925388
80 31 1.4447379569899652
83 31 1.339377441332139
33 32 2.948815353766239
37 32 3.418818983011975
39 32 3.8651060856403943
32 33 2.948815353766239
33 33 2.2556681732062938
35 33 1.9679861007545132
37 33 3.131136910560194
38 33 1.8502030650981298
39 33 2.884276832628668
40 33 1.5625209926463486
41 33 2.3891995658308165
43 33 1.5625209926463486
44 33 2.2556681732062938
45 33 2.543350245658075
56 33 1.8502030650981298
57 33 1.9679861007545132
59 33 1.1570558845381844
61 33 2.2556681732062938
36 34 2.9137240339549693
45 34 3.2364974262180204
48 34 4.33510971488613
51 34 3.4878118544989265
34 35 4.047427642434349
35 35 3.5084311417016623
36 35 3.3191891420631334
48 35 2.948815353766239
34 36 3.1650384622358754
36 36 2.9087857523143863
45 36 2.434150953693083
46 36 3.452720534687656
48 36 3.452720534687656
49 36 0.27466670433971063
51 36 3.140940910656815
53 36 0.9678138848996559
55 36 0.9678138848996559
32 37 3.418818983011975
33 37 2.4379897300002487
37 37 2.8654337448271883
38 37 2.7256718024520294
39 37 3.230227813204425
41 37 2.794664673938981
43 37 1.7448425494403035
56 37 1.339377441332139
59 37 1.62705951378392
33 38 2.543350245658075
38 38 2.1378851375499104
39 38 2.2556681732062938
40 38 3.929644606777966
45 38 3.524179498669801
56 38 3.3906481060452784
57 38 3.1029660335934977
59 38 1.4447379569899652
61 38 3.2364974262180204
33 39 2.4788117245205035
37 39 3.3374733435580226
38 39 1.8502030650981298
39 39 2.979587012432993
41 39 1.7760950929444077
56 39 2.815283961141717
57 39 2.1911296520687227
58 39 2.948815353766239
59 39 1.5625209926463486
33 40 2.6611332813144584
35 40 3.066598389422623
40 40 3.3542804618744038
45 40 3.6419625343261846
56 40 3.2364974262180204
57 40 3.3542804618744038
59 40 2.543350245658075
61 40 3.6419625343261846
18 41 0.5974400966027616
19 41 -0.21349011961356704
29 41 1.290587277162707
32 41 3.3700288188425427
33 41 2.6768816382825977
37 41 2.5143627087848226
38 41 1.5782693496144882
39 41 2.900025189596807
41 41 2.7119729580938676
42 41 1.1852267615048806
43 41 3.3054902977049716
44 41 3.3054902977049716
56 41 1.8014129009286977
57 41 -0.09570708395718366
59 41 0.8851221690545428
18 42 4.229749199228304
19 42 3.1494860492283907
29 42 4.33510971488613
30 42 3.8242840911201395
41 42 1.7605909064084424
42 42 3.5366020186683587
32 43 2.948815353766239
33 43 3.171958905080449
37 43 3.0441255335705644
39 43 2.4788117245205035
41 43 3.082346746390762
43 43 2.6611332813144584
44 43 4.047427642434349
32 44 3.6419625343261846
33 44 2.948815353766239
37 44 3.2852875903874525
41 44 3.4306534406589777
43 44 2.948815353766239
44 44 2.948815353766239
35 45 3.3542804618744038
36 45 1.8151117452868595
40 45 2.543350245658075
45 45 2.1378851375499104
51 45 2.6768816382825977
56 45 2.831032318109856
57 45 2.948815353766239
59 45 2.1378851375499104
61 45 3.2364974262180204
36 46 2.0664261735677654
46 46 2.948815353766239
51 46 3.4878118544989265
53 46 2.1686567962166645
49 47 3.6419625343261846
52 47 4.33510971488613
53 47 2.6611332813144584
54 47 3.929644606777966
55 47 3.929644606777966
36 48 3.047255426579492
45 48 3.2364974262180204
51 48 3.4878118544989265
47 49 3.6419625343261846
53 49 2.948815353766239
54 49 3.2364974262180204
55 49 2.543350245658075
68 49 0.9011225104009837
53 50 1.8502030650981298
68 50 3.0983470877372032
69 50 3.2364974262180204
70 50 2.3891995658308165
36 51 2.8613560484376532
46 51 2.6123431171450266
51 51 3.064328240888084
53 51 1.8502030650981298
55 51 0.5974400966027618
49 52 3.6419625343261846
53 52 2.7664937969722847
54 52 3.2364974262180204
55 52 3.929644606777966
68 52 0.9011225104009837
47 53 3.028858061439776
49 53 2.9062557393474435
50 53 2.543350245658075
52 53 2.948815353766239
53 53 2.6233929533316114
54 53 2.976214327954354
55 53 2.7992836197952755
68 53 1.88195176341271
69 53 2.4563388686684453
70 53 1.9191959365850813
47 54 3.2364974262180204
49 54 3.2364974262180204
52 54 3.929644606777966
53 54 2.831032318109856
54 54 2.831032318109856
55 54 3.524179498669801
68 54 0.49565740229281946
49 55 3.2364974262180204
53 55 2.8618039767766095
54 55 2.1378851375499104
55 55 2.1378851375499104
68 55 1.7484203707881874
70 55 1.2905872771627072
33 56 0.4639087039782391
35 56 3.2364974262180204
36 56 1.1909574362138657
38 56 1.4447379569899652
40 56 1.8502030650981298
45 56 1.4447379569899652
56 56 2.7325922452966034
57 56 3.4083476831446795
58 56 3.796113214153443
59 56 2.2556681732062938
60 56 3.18520413183047
61 56 3.2364974262180204
35 57 3.3117208474556077
36 57 0.27466670433971063
38 57 2.948815353766239
40 57 1.9679861007545132
56 57 2.478811724520504
57 57 2.7411759889879947
58 57 2.948815353766239
59 57 3.45964097753223
60 57 3.7817244767013434
61 57 3.5084311417016623
38 58 2.1378851375499104
56 58 1.4447379569899652
57 58 3.3542804618744038
58 58 3.2364974262180204
59 58 3.929644606777966
60 58 4.33510971488613
61 58 3.6419625343261846
33 59 2.543350245658075
35 59 2.543350245658075
36 59 1.1219645647269143
38 59 3.524179498669801
40 59 3.929644606777966
45 59 3.524179498669801
56 59 2.6233929533316114
57 59 2.948815353766239
58 59 2.543350245658075
59 59 2.543350245658075
60 59 2.3202066943438653
61 59 1.8502030650981298
33 60 2.7256718024520294
38 60 3.929644606777966
40 60 4.172590785388355
45 60 3.5729696628392333
56 60 2.1866753017193425
57 60 1.339377441332139
59 60 3.706501055463756
60 60 3.418818983011975
61 60 2.7256718024520294
33 61 2.2556681732062938
35 61 3.6419625343261846
36 61 0.9678138848996559
38 61 3.2364974262180204
40 61 3.3542804618744038
56 61 2.543350245658075
57 61 1.5625209926463486
59 61 3.45964097753223
60 61 3.418818983011975
8 62 2.6303616226477047
9 62 2.4892830243877992
78 62 3.6419625343261846
79 62 1.9679861007545132
81 62 4.33510971488613
3 63 0.2407651526640294
12 63 0.01762160134981963
13 63 2.0325246218920845
17 63 -0.10754154160418647
27 63 1.6070588470772504
63 63 1.8093810705778748
80 63 1.9271641062342582
83 63 0.42308670945798416
85 63 1.0942549832991542
64 64 2.451112710163471
66 64 2.1134936844257513
67 64 0.5668566732306817
70 64 -0.08373089291046773
64 65 1.1779210230021462
65 65 3.2147789022633773
66 65 1.9679861007545132
64 66 1.9610250907814781
65 66 2.383501544716179
66 66 1.7365437466256082
67 66 1.0617457047338594
70 66 -0.008695706967553821
67 67 2.977902092068074
68 67 0.07444393721651586
70 67 0.46390870397823925
71 67 3.028858061439776
72 67 1.7930446512581812
24 68 2.95524624409653
25 68 0.9011225104009837
28 68 2.510560422835084
50 68 1.9997347990690935
53 68 0.7188009536070291
65 68 1.7120527266173124
66 68 1.2112774387048233
68 68 2.6261906051303665
69 68 2.367459579194411
70 68 2.847032659456297
72 68 2.510560422835084
50 69 3.929644606777966
53 69 2.3610286888641205
68 69 2.6357235657890903
69 69 3.2364974262180204
70 69 2.389199565830817
50 70 3.082346746390762
53 70 1.351211898979142
65 70 2.1015174933790357
66 70 2.1885288703686654
67 70 1.2260487560251359
68 70 2.213308899367153
69 70 3.082346746390762
70 70 2.2350488860035584
68 71 3.0293542162502516
71 71 3.418818983011975
72 71 3.66394144104496
24 72 3.7865437631372925
25 72 3.3906481060452784
28 72 3.747323049984011
68 72 2.2874168715208745
72 72 3.4371681216801715
1 73 1.7701603574245932
2 73 1.0770131768646478
3 73 0.9900017998750182
6 73 0.6715480687564837
8 73 -1.097738544619513
12 73 0.5661875530986573
17 73 1.7403073942749119
26 73 1.7701603574245934
27 73 -1.5921971909212982
31 73 1.405517243836684
63 73 1.2593347336586027
73 73 1.7701603574245932
74 73 0.21681191164153638
75 73 1.0770131768646478
76 73 2.781761269103073
77 73 2.5994397123091186
79 73 0.44449061812113744
80 73 1.7056218362870221
82 73 1.2311638566919063
83 73 1.4824782849728124
84 73 -0.427064219911626
85 73 -3.039310292076228
0 74 3.1564547185444836
4 74 1.6647998417667669
10 74 2.329776145360016
27 74 0.939229474501595
74 74 2.149649979129497
83 74 1.339377441332139
84 74 2.2470844295149024
85 74 0.9619438470798608
2 75 4.33510971488613
17 75 2.888190731949804
73 75 0.38386599630470253
80 75 2.7256718024520294
83 75 1.339377441332139
3 76 1.8502030650981298
12 76 1.6270595137839199
17 76 1.5018963708299138
63 76 2.7256718024520294
73 76 0.38386599630470253
80 76 3.2852875903874525
83 76 2.0325246218920845
3 77 1.8502030650981298
12 77 2.1378851375499104
17 77 1.414884993840284
31 77 1.0392728488818008
73 77 0.3838659963047028
77 77 3.054175869424066
79 77 2.6039748674745096
82 77 2.831032318109856
83 77 1.4935281211593971
8 78 2.6303616226477047
9 78 2.8077367555063337
12 78 1.1570558845381844
14 78 2.948815353766239
21 78 2.0325246218920845
22 78 0.9057414562572781
62 78 2.2556681732062938
78 78 2.5741219043248287
79 78 1.428989600021826
81 78 3.6419625343261846
1 79 2.3734512088626776
3 79 1.0925173634006131
4 79 -0.0469169197877516
6 79 2.715200502584734
8 79 2.220982615218404
9 79 1.7315973226902828
12 79 0.8003809405994519
21 79 0.3585481883204127
31 79 2.3357108808798306
62 79 1.5625209926463486
73 79 0.501649031961086
78 79 2.0088080952747682
79 79 2.6021349405525025
81 79 1.9679861007545132
2 80 2.7256718024520294
3 80 1.8502030650981298
12 80 0.5772373892852423
17 80 2.0325246218920845
31 80 2.1866753017193425
63 80 0.42308670945798416
73 80 1.5312684491422444
75 80 2.948815353766239
76 80 1.339377441332139
77 80 -0.4523820278959159
80 80 2.854504674294998
83 80 1.1768585118343642
3 81 1.8502030650981298
4 81 2.0325246218920845
8 81 1.9372144420877595
9 81 1.3906707357196897
12 81 3.0133538749038102
16 81 2.948815353766239
21 81 4.33510971488613
3 82 0.7515907764300199
12 82 1.2215944056757555
13 82 1.6960523852708715
17 82 -0.28986309839814095
27 82 -0.6854759100632938
77 82 1.4447379569899652
79 82 2.0733466164123393
82 82 2.1378851375499104
84 82 2.1378851375499104
85 82 1.1996154989569805
0 83 1.339377441332139
3 83 1.339377441332139
4 83 -0.27006047110196113
10 83 2.0325246218920845
12 83 1.0292225130282995
17 83 1.5018963708299138
23 83 0.4920795809449355
26 83 1.8358143276460301
27 83 0.250617449107041
31 83 -0.16469995544413504
73 83 1.12580334103408
74 83 0.8538696255504382
77 83 1.7448425494403035
79 83 0.5816917396346226
80 83 1.2340169256743128
82 83 1.339377441332139
83 83 1.5216989981260935
85 83 0.6242513540534185
4 84 1.1570558845381844
11 84 2.6611332813144584
13 84 1.4083703128190905
16 84 1.667881508304175
23 84 1.2035759001730775
27 84 0.45395837312507104
73 84 -1.1202114004715713
74 84 1.6523773217682098
82 84 0.7515907764300199
83 84 -0.4523820278959161
84 84 2.2679382657981084
85 84 1.3173985346133636
0 85 0.506468318397035
4 85 0.506468318397035
10 85 1.135076977819409
11 85 1.1996154989569803
13 85 1.856395035346051
16 85 -0.18667886216291033
17 85 -1.9212799175510167
23 85 1.5562904428957127
26 85 -0.34082954199016857
27 85 0.3456950978092833
63 85 1.4997200914073183
73 85 -0.16763066719221606
74 85 1.6050806070651444
82 85 1.3537661787842385
83 85 0.9764719476427706
84 85 1.2270144731450947
85 85 1.690127495323257
