0 0 1.4990505593497947
1 0 -2.051131958838724
2 0 -0.5470545620624494
5 0 1.42702646395956
6 0 -1.4633452939366045
7 0 1.1075037856521206
8 0 -1.4120519995490541
11 0 -1.5586554737409295
15 0 0.14609261849749589
16 0 -0.8953612563306652
0 1 1.3071534016105675
1 1 -0.14649314153881487
2 1 1.357584255237459
4 1 0.25897196656934934
5 1 1.5399058120314137
7 1 -0.5142179216641322
10 1 0.9521191471292947
11 1 -0.347163837000966
12 1 -1.1273223945505413
13 1 2.0507314357974042
15 1 0.6644370746775138
18 1 1.357584255237459
0 2 0.11839001594816007
1 2 1.3388921222253065
2 2 1.45667515788169
3 2 0.009756174945364656
5 2 0.8280664984593161
6 2 1.6389967146756448
7 2 0.9711673420999893
8 2 -1.2000817488329694
10 2 1.7443572303334711
14 2 2.4375044108934163
15 2 1.45667515788169
17 2 0.3580628692135805
0 3 0.92276283161833
1 3 1.7637753161905727
2 3 0.7029033555053099
5 3 0.7674418766428811
6 3 1.1729069847510454
7 3 -0.47575164083633625
8 3 -1.9538535512093496
9 3 -0.9065345569287905
10 3 0.9905854279570908
11 3 -0.3086975561731698
13 3 1.3960505360652553
14 3 0.9905854279570908
15 3 0.7029033555053099
18 3 1.3960505360652553
1 4 0.9334270141171422
2 4 1.7443572303334711
6 4 2.4375044108934163
7 4 0.5657022339918248
8 4 -0.9123996763811885
10 4 2.0320393027852517
13 4 2.4375044108934163
14 4 2.0320393027852517
15 4 1.7443572303334711
18 4 2.4375044108934163
19 4 0.03960913809504588
20 4 -1.3352565272012222
0 5 -1.2033658240341594
1 5 0.42260139035115163
2 5 1.5212136790192614
5 5 -0.4936893415230035
6 5 -0.08822423341483891
7 5 1.9519965951117155
8 5 0.2507511334244924
9 5 -0.7813714139747843
11 5 1.2027599479007267
15 5 1.5212136790192614
16 5 1.3270576645783039
17 5 -0.2705457902087937
19 5 -0.8766815937791091
1 6 0.42260139035115163
2 6 2.1498223384416355
3 6 -0.2133873763688452
4 6 0.8280664984593159
5 6 -0.08822423341483891
6 6 1.0103880552532707
7 6 1.6643145226599347
8 6 0.18621261228692126
10 6 1.5212136790192612
11 6 0.2219306948890005
14 6 1.5212136790192612
15 6 1.9266787871274256
16 6 -0.2133873763688452
19 6 -0.4712164856709448
20 6 -1.8460821509672127
0 7 -1.7534121609534314
1 7 -0.5329100546762848
3 7 0.21739553972360903
8 7 1.0869991576251108
9 7 -0.638270570334111
11 7 1.0581787190896192
16 7 1.6036899008434997
17 7 -0.1274449465681205
19 7 0.8758571622956646
20 7 -2.108446415434704
0 8 -1.3200900983423007
1 8 0.7877152029357486
2 8 -1.2345679249041388
3 8 1.3438647828946853
5 8 -1.863176584326513
6 8 -0.0714171150984578
8 8 1.1058874421453169
9 8 -2.150858656778294
11 8 -1.553021656022673
12 8 -1.6400330330123032
13 8 0.15172643621575188
15 8 -0.5414207443441934
16 8 0.9020320306156459
19 8 0.3928884930326399
20 8 -1.675124352823573
0 9 -1.0855827883777758
1 9 0.42260139035115163
3 9 1.1729069847510454
6 9 -0.37590630586662
7 9 -0.638270570334111
8 9 1.1794643852972047
9 9 -1.0690534864265653
10 9 0.8280664984593159
11 9 -0.4712164856709448
14 9 0.8280664984593159
16 9 0.8852249122992646
19 9 -0.06575137756278042
20 9 -1.4406170428590483
4 10 2.0320393027852517
6 10 1.5212136790192612
8 10 0.4738946847387021
9 10 0.8280664984593159
15 10 2.4375044108934163
17 10 1.3388921222253065
19 10 0.7327563186549911
20 10 -0.6421093466412768
1 11 -0.3658559700131186
2 11 0.4450742462032102
3 11 -0.3086975561731698
4 11 1.8313686073231008
6 11 0.2219306948890005
8 11 -0.13224111883161346
9 11 1.3205429835571103
11 11 1.2252328037527853
12 11 0.03960913809504588
14 11 1.4259034992149364
16 11 0.3844496243867755
17 11 1.4259034992149364
18 11 1.8313686073231008
19 11 0.53208562319284
1 12 -0.047402238894584024
2 12 -0.33508431134636485
3 12 0.5205817987113552
4 12 1.0512100497735257
6 12 0.5403844260075351
7 12 -0.8205921271280658
8 12 0.409356163601131
9 12 1.3876822863947387
11 12 0.03960913809504588
12 12 -0.7405494194545293
13 12 1.0512100497735257
14 12 0.6457449416653613
16 12 -0.39570893316279976
17 12 1.45667515788169
19 12 0.5992249260304685
20 12 -1.622938599653003
4 13 2.4375044108934163
6 13 1.9266787871274256
10 13 3.1306515914533617
12 13 1.0512100497735257
17 13 1.7443572303334711
18 13 3.536116699561526
8 14 -0.2192524958212432
9 14 0.8280664984593159
10 14 3.4183336639051425
12 14 0.6457449416653613
17 14 1.3388921222253065
18 14 3.1306515914533617
19 14 0.7327563186549911
20 14 -0.6421093466412768
4 15 1.7443572303334711
8 15 -0.5069345682730241
9 15 0.540384426007535
11 15 2.236833715431265
12 15 0.3580628692135805
14 15 2.4375044108934163
17 15 1.0512100497735257
19 15 1.1382214267631554
20 15 -0.9297914190930577
3 16 -0.7440156274310155
8 16 -1.9538535512093496
9 16 0.19207773173931925
11 16 1.0775968049467208
12 16 0.5205817987113553
16 16 -0.7440156274310155
17 16 0.7029033555053099
19 16 1.6372125928821433
20 16 0.5677285771370574
4 17 0.6457449416653613
6 17 0.13491931789937064
9 17 0.8280664984593159
11 17 1.8313686073231008
12 17 0.868888492979571
16 17 -0.39570893316279976
17 17 1.0512100497735257
19 17 1.4259034992149364
20 17 -0.08249355870585423
4 18 2.4375044108934163
11 18 1.8313686073231008
12 18 1.7443572303334711
17 18 1.7443572303334711
20 18 -0.23664423853311248
8 19 -1.1130703718433397
9 19 0.627395802997165
12 19 1.3613649780773653
17 19 0.9558998699692008
19 19 -0.16106155736710526
20 19 0.8918210132846786
1 20 -2.433868815869332
3 20 -0.9904160409094925
4 20 0.27418138523287827
6 20 -1.1529349704072676
8 20 -1.9771104133736168
9 20 0.40520964763928236
11 20 -1.9413923307715375
12 20 0.8337971731683009
16 20 -1.6835632214694378
17 20 -0.6421093466412768
19 20 -1.9413923307715375
20 20 1.1890918546380749
