0 0 0.4226918479321088
3 0 0.4567584024957149
4 0 0.05129329438755048
5 0 -2.915451442293188
0 1 0.4567584024957149
0 2 0.05129329438755048
1 2 3.447717397297048
4 3 3.447717397297048
5 3 1.8672670217362002
5 4 2.272732129844364
5 5 1.6459600182292917
6 5 -0.29221722761717217
7 5 1.8672670217362
8 5 -0.2121745199436359
9 5 2.0285351693323226
10 5 0.0755075525081451
11 5 1.40773469235776
12 5 -0.9461436950238362
5 6 1.8672670217362
9 6 1.442383827770934
11 6 1.2705335708442749
12 6 -0.102515563525595
5 7 1.5795849492844192
6 7 2.540996116439044
10 7 2.908720896564361
11 7 1.0628942060660302
12 7 -0.3101549283038396
5 8 1.1741198411762548
6 8 2.64635663209687
8 8 0.42381424677636087
9 8 1.2992829841302609
10 8 2.5032557884561966
11 8 1.7560413866259756
12 8 -1.4087672169719492
5 9 -0.7230001437096265
6 9 1.6247053845648887
7 9 2.3978952727983702
8 9 1.0116009116784797
10 9 1.2992829841302609
11 9 2.286669637688146
12 9 1.338503697283542
6 10 1.730065900222715
8 10 1.8101086078962514
11 10 2.449188567185921
12 10 1.363821505267832
5 11 -0.384024776870295
6 11 1.2705335708442749
8 11 1.3505762785178113
12 11 1.9383629434199305
0 12 -3.013431850653392
1 12 1.7692866133759964
2 12 2.174751721484161
5 12 -2.45022109180011
6 12 0.9960967251425147
8 12 1.7692866133759964
9 12 -0.5332984796180493
10 12 1.363821505267832
11 12 -1.1751523657904441
12 12 1.6639260977181702
