0 0 0.10895749659868577
5 0 0.1382278788987989
6 0 -0.26723722920936543
7 0 -2.1475500957788656
0 1 0.1382278788987989
0 2 0.1382278788987989
0 3 -0.26723722920936543
1 3 3.866328046166016
0 4 -0.26723722920936543
2 4 4.089471597480226
6 5 3.2785413812638975
7 5 2.7563519988475917
10 5 0.9759562882698517
7 6 3.0511515390682367
10 6 2.767715757497907
11 6 0.9759562882698517
0 7 -2.840697276338811
1 7 2.679162360156462
3 7 3.0846274682646264
7 7 2.276518128389939
10 7 2.9242848181894465
11 7 2.7332295814267376
12 7 0.9927634065862332
0 8 -1.653531590329256
1 8 3.173180865606071
3 8 3.173180865606071
7 8 2.496840803362507
1 9 3.173180865606071
3 9 3.173180865606071
7 9 2.0913756952543427
8 9 5.475765958600117
11 10 3.866328046166016
12 10 3.460862938057852
12 11 3.8663280461660166
0 12 -2.28214024975163
2 12 3.460862938057852
3 12 0.4651306645038612
4 12 3.8663280461660166
7 12 -1.3098216864078127
8 12 3.460862938057852
9 12 3.8663280461660166
12 12 2.767715757497907
