0 0 0.08422169638370695
3 0 0.09817541115757233
4 0 -0.3072896969505921
5 0 -2.631853696663413
0 1 0.09817541115757233
0 2 -0.3072896969505921
1 2 3.971688561823843
4 3 3.971688561823843
5 3 3.0334189232309123
5 4 3.438884031339077
0 5 -3.0373188047715773
1 5 2.088957314390061
2 5 2.088957314390061
5 5 2.6705134295415442
8 5 3.438884031339077
9 5 3.0334189232309123
10 5 1.7649075977674054
0 6 -2.0990491661786472
1 6 3.853905526167459
2 6 3.971688561823843
5 6 2.0889573143900613
1 7 2.873076273155733
2 7 3.853905526167459
5 7 2.0889573143900613
6 7 3.971688561823843
7 8 2.4676111650475687
9 8 3.971688561823843
10 8 3.971688561823843
6 9 2.4676111650475687
7 9 3.971688561823843
10 9 3.971688561823843
2 10 2.2977121282521713
5 10 1.3594424896592407
6 10 3.971688561823843
7 10 3.971688561823843
10 10 2.5696458437358127
