0 0 1.3025126154165576
1 0 -2.7725305674899756
3 0 -0.1927347019114444
4 0 -2.4233462952804006
8 0 1.2608118862176134
9 0 -2.3129982381115357
11 0 0.6533201502361621
12 0 -1.6843895786891614
13 0 -3.5219585839485106
14 0 0.6827340354424555
15 0 -1.0751238821099183
16 0 -3.4761490479172164
17 0 0.9704161078942363
19 0 1.0622236571473591
20 0 -2.1650781080349133
22 0 -0.7035603256774352
23 0 -1.9705079291647598
0 1 1.2096891785009578
1 1 -1.0397694390238765
3 1 1.1345613184464904
4 1 -1.5015153830306305
7 1 -0.38786521699798027
8 1 1.3312716126925446
9 1 -0.9857022177536009
11 1 0.7716558247571219
12 1 -1.5610663626571626
17 1 1.6045649476922257
19 1 -0.5549193016611466
20 1 -1.530929268236924
22 1 1.316882875240445
0 2 1.5134724038321046
1 2 -0.1389828936856866
3 2 1.5245222400186895
8 2 0.4684695657693757
11 2 -0.2246776147905696
12 2 -1.7588921059870823
0 3 0.49490282283753123
1 3 1.7328192832159046
8 3 0.548512273442912
9 3 1.7868865044861806
11 3 1.0593378972089027
12 3 -1.3911673258617652
17 3 3.2785413812638975
20 3 -0.5501000152251975
22 3 2.2977121282521713
0 4 0.616599757815051
1 4 1.7712855640437006
3 4 1.25625825342401
4 4 -1.156674896738901
7 4 -0.44848983881441495
8 4 0.8507931453158456
9 4 1.6617233615321745
11 4 0.8507931453158456
12 4 -1.8730054127545035
13 4 -2.2552871854070107
14 4 1.25625825342401
18 4 1.5439403258757909
19 4 -0.6155439234775814
20 4 -1.5915538900533586
22 4 0.5631110728640647
23 4 -2.31327444305736
0 5 0.8107557722560086
1 5 1.460885567732263
4 5 0.018310370713782744
7 5 1.8251077173063783
9 5 1.920417897110703
11 5 -0.011103514492510675
18 5 3.124390701436639
19 5 1.658053632643212
22 5 2.836708628984858
23 5 -0.03967688693656664
0 6 0.9649064520832669
1 6 0.9218890669995758
2 6 3.5662234537156783
3 6 2.585394200703952
10 6 3.460862938057852
0 7 0.5819141998271611
2 7 3.5197034380807852
3 7 1.9792583971336366
4 7 -0.43367475302927455
8 7 0.2300585423243775
9 7 0.7752855928077007
10 7 3.547874315047482
11 7 0.6355236504325419
12 7 -1.9973031294320804
19 7 1.2060685089001548
23 7 -0.4916620106796237
0 8 -1.9474442125316733
1 8 0.08897994406447193
3 8 1.5293415264546384
4 8 0.032699108165882285
9 8 0.03768664967692151
11 8 1.6709920435176648
12 8 0.4705507319732003
13 8 -0.8835916237082728
15 8 0.513420953631642
16 8 -1.530929268236924
17 8 0.8361943458946931
19 8 1.6724423700953117
20 8 -0.35338972097914334
21 8 -1.1097158031606202
23 8 -0.13064866514229334
24 8 -2.2083280918287302
1 9 0.6342069945477949
3 9 1.381421396378016
4 9 0.9143983952704183
8 9 -0.36777845843124307
9 9 0.1774485920520801
11 9 1.7116630832485928
12 9 -0.03019077272616426
15 9 0.49903221617954246
19 9 1.3013786887044796
20 9 0.5485122734429121
23 9 0.009113277232865313
24 9 -1.3754189688936258
0 10 -0.9322135328026145
1 10 0.4110634432335853
3 10 2.7677157574979065
4 10 1.047929787894941
9 10 2.256890133731916
11 10 1.4239810107968118
12 10 -1.2088457690678105
16 10 0.40059214336628973
19 10 1.994525869264425
23 10 0.2967953496846464
0 11 -1.7651226557377184
1 11 0.27130150085842675
3 11 -0.5501000152251975
4 11 0.7746364528952596
5 11 -0.011103514492510675
8 11 -2.299299870034457
9 11 0.8849845100641252
11 11 -1.6061526894745113
12 11 0.9371702632346951
13 11 -1.576738804268218
15 11 -0.04619483430378074
16 11 -1.530929268236924
20 11 0.5910718878617081
21 11 -1.1097158031606202
23 11 -0.24843170079867669
24 11 -2.2083280918287302
0 12 -1.9130427858143406
1 12 0.3465249220960141
3 12 -2.0843145064217103
4 12 0.8306285122049597
5 12 -1.5453180056890234
7 12 -1.9973031294320804
8 12 -1.435619088432599
9 12 0.1774485920520801
11 12 -1.7540728195511337
12 12 0.832780321615208
13 12 -2.7054881873565666
14 12 -0.29255503719365555
15 12 -0.32764635700492556
16 12 -1.6788493983135462
18 12 -0.004872964741874548
19 12 -2.1643572140952467
20 12 0.8486168658932502
21 12 -1.0344923819230327
23 12 0.37201877092223395
24 12 -1.4071676672082063
0 13 -1.9180303273253798
1 13 0.3807580937382564
4 13 0.8040503381015531
8 13 -1.1712736961600536
9 13 -0.33836457322494967
11 13 -1.576738804268218
12 13 0.7284990171285798
15 13 0.38868415901067693
16 13 -1.5015153830306305
18 13 0.8656082311009863
20 13 0.9882105531933189
21 13 -0.3871547373943818
22 13 0.5779261586492054
23 13 0.5347539867839968
24 13 -1.331616346235233
12 14 0.40059214336628973
13 14 1.964220519769096
20 14 1.2416594540028574
23 14 1.2130860815588014
0 15 -2.690071450354988
1 15 -0.653647293758843
2 15 1.297539912397314
4 15 -1.4030753102173779
5 15 1.54885434067822
6 15 2.3961522010654237
9 15 -0.19411496438040288
12 15 0.1243387667381316
13 15 1.6414471275060452
15 15 0.5329337678552237
19 15 0.23666795171205135
20 15 0.7647353819125481
21 15 1.9543194487863844
23 15 0.48484758118758603
24 15 -1.0538353447661637
0 16 -2.3830464150600763
1 16 0.1642033653020595
4 16 0.5133876375116342
5 16 1.6735578191791773
6 16 0.9114177671322805
7 16 -0.38786521699798027
9 16 0.11291007091450908
10 16 0.40059214336628973
11 16 -2.224076448796869
12 16 0.13352935811724465
13 16 1.775629349961546
15 16 0.7221757674937521
16 16 -2.1488530275592814
18 16 1.6045649476922257
20 16 0.34087290866466763
21 16 1.4504142678649676
22 16 0.6237356946804996
23 16 0.04993527175312036
24 16 -2.1331046705911425
2 17 2.873076273155733
7 17 2.672405577693582
13 17 1.5587554116609317
14 17 4.377153669932007
16 17 0.9114177671322805
20 17 0.8361943458946931
22 17 4.377153669932007
2 18 2.873076273155733
7 18 3.365552758253527
10 18 3.460862938057852
12 18 -0.6980201453018199
13 18 0.8656082311009863
14 18 4.377153669932007
22 18 4.377153669932007
12 19 -0.7780628529753563
13 19 1.1910306315356143
15 19 2.028427420940106
16 19 0.831375059458744
21 19 1.2525885245350477
23 19 1.420725446337046
24 19 0.5594413439751025
1 20 -2.213605148929574
5 20 0.6820436660674346
6 20 1.5293415264546384
7 20 0.2300585423243775
9 20 -1.0609256389911883
10 20 0.3253687221287022
12 20 -2.7349020725628597
13 20 0.43816421627404667
15 20 1.4007241486325448
16 20 0.8669660045614467
20 20 -1.6061526894745113
21 20 1.1928692898334254
23 20 1.7325697680679066
24 20 0.9557394965444757
0 21 -1.6741508775319918
2 21 1.6203133046603648
3 21 0.6394840516486388
4 21 -1.080301917954327
6 21 3.124390701436639
7 21 0.7264954286382685
10 21 2.208099969562484
12 21 -0.6980201453018199
13 21 1.1169226593818924
15 21 1.9543194487863844
16 21 0.06411990674507703
20 21 -1.1097158031606202
21 21 0.079868263713216
23 21 1.058935401731543
24 21 0.3675503361649971
0 22 -0.7090699814884048
2 22 3.2785413812638975
7 22 3.4833357939099105
8 22 0.548512273442912
10 22 3.173180865606071
11 22 0.548512273442912
12 22 -0.9857022177536009
13 22 0.5779261586492054
16 22 0.6237356946804996
2 23 -0.2909913152174727
3 23 -0.5786733876692537
4 23 -1.1998470686041096
5 23 -0.03967688693656664
7 23 0.6069502779884859
10 23 0.9899425302445917
12 23 -2.252649821240925
13 23 0.7460630804512035
15 23 -0.36245027919961753
16 23 1.5085502944526374
19 23 -0.65871609534279
20 23 -0.941578881358622
21 23 0.8076209734506369
23 23 -2.3564466149225685
24 23 1.4266601818568605
0 24 -3.1782282743082657
1 24 -2.122633370723847
2 24 0.9271661241004195
4 24 -1.3316163462352328
5 24 1.1784805523813258
6 24 -0.17144616456769007
7 24 1.3018595735418306
8 24 -3.30694038049684
9 24 -2.0685661494535714
10 24 0.010875392226264725
11 24 -3.30694038049684
12 24 -1.6631010413454068
13 24 0.800010948615173
15 24 -1.3415174172179445
16 24 1.3834035575820072
18 24 -0.17144616456769007
20 24 -2.2083280918287302
21 24 0.4475930438385334
23 24 -1.949219391821005
24 24 1.405730885648189
