0 0 1.2196102680488723
1 0 -1.6932077954995592
3 0 0.16309019486606693
5 0 -0.712378542487833
7 0 0.9203162321105345
8 0 -1.2232041662538238
9 0 0.32560912436384193
10 0 -1.4745185945347294
12 0 1.079380926740222
15 0 1.4848460348483865
18 0 -2.321816454921933
0 1 0.9494273554635835
1 1 0.0703807967617994
3 1 1.6389967146756448
4 1 -0.4892349911736233
7 1 1.2625191434407328
9 1 0.7029033555053099
10 1 -0.5582278626605744
0 2 0.97759823243028
3 2 2.8021475244813256
7 2 1.5783720928592098
0 3 0.16666801621395097
1 3 1.9266787871274256
3 3 2.396682416373161
7 3 1.1729069847510454
8 3 1.7035352358132159
9 3 0.47975980419110015
10 3 -0.4936893415230035
0 4 0.315703595374439
1 4 1.9086602816247473
7 4 1.0595782994440424
8 4 1.7725281073001675
9 4 1.3960505360652553
10 4 -0.424696470036052
0 5 -0.01565354058000358
1 5 1.0512100497735257
4 5 1.1847414423980485
8 5 2.2143608595792066
9 5 0.9905854279570908
14 5 1.115748570911097
16 5 3.823798772013307
20 5 3.1306515914533617
0 6 0.3898115675281607
2 6 3.823798772013307
7 6 0.9905854279570908
17 6 3.823798772013307
20 6 3.1306515914533617
22 6 -0.9211333563499431
0 7 -1.75025459596811
1 7 0.7029033555053099
3 7 2.0891977166252005
4 7 0.5487526756780516
7 7 -0.05086844687107017
8 7 1.1729069847510454
9 7 1.820933730030521
10 7 0.990585427957091
18 7 0.7674418766428811
21 7 -0.6833910056145807
1 8 0.540384426007535
4 8 1.367062999192003
9 8 2.0891977166252005
10 8 1.2980701277050517
18 8 0.6049229471451064
1 9 0.415221283053529
4 9 1.3960505360652553
7 9 -0.7440156274310155
8 9 1.1729069847510454
9 9 -0.7440156274310155
10 9 1.4180294427840305
18 9 1.4605890572028264
21 9 0.9260469068195195
22 9 -2.6557344117380492
0 10 -1.6250914530141038
1 10 0.9081092061328525
4 10 1.4211302204622787
5 10 0.017136282242987237
7 10 -1.0243175925851737
8 10 0.6049229471451064
9 10 -1.0243175925851737
10 10 0.8644341426301909
11 10 -1.3691580788769033
13 10 1.115748570911097
14 10 -0.20600726907122247
18 10 1.5431925857380369
19 10 -0.8301615781442164
21 10 0.9822171782865742
22 10 -2.0197456450180526
0 11 -2.0950950822598395
1 11 0.7635279773217447
4 11 1.1847414423980485
7 11 -0.39570893316279976
10 11 1.5752809002895372
14 11 -0.2705457902087937
18 11 1.115748570911097
21 11 0.3580628692135805
22 11 -2.307427717469834
5 12 3.823798772013307
8 12 3.312973148247316
9 12 2.0891977166252005
1 13 0.3580628692135805
4 13 0.49159426183810306
5 13 2.0320393027852517
10 13 0.7102834628029325
11 13 2.255182854099462
13 13 2.0320393027852517
16 13 3.1306515914533617
19 13 1.8778886229579936
20 13 2.4375044108934163
0 14 -2.3182386335740492
1 14 0.13491931789937084
4 14 0.26845071052389335
5 14 1.115748570911097
10 14 0.8055936426072575
11 14 1.9266787871274258
13 14 0.42260139035115163
14 14 -0.4936893415230035
18 14 0.19945783903694184
19 14 2.060210179751948
21 14 1.2335316065674804
22 14 -1.4319589801159336
5 15 3.823798772013307
8 15 3.312973148247316
12 15 4.922411060681417
5 16 3.823798772013307
14 16 2.2143608595792066
20 16 4.229263880121471
20 17 4.229263880121471
22 17 0.870626112878112
4 18 -0.424696470036052
5 18 1.115748570911097
11 18 0.8280664984593161
13 18 1.8088957514710422
14 18 1.45222080753231
16 18 2.2143608595792066
19 18 1.654745071643784
21 18 1.9266787871274258
22 18 -0.045664618996042954
10 19 -0.13701439758427109
11 19 1.1847414423980485
13 19 2.571035803517939
14 19 0.26845071052389335
19 19 1.7237379431307351
21 19 1.5902065505062126
22 19 0.02332825249090835
1 20 1.45667515788169
5 20 3.1306515914533617
14 20 1.5212136790192614
22 20 0.5829440404263311
10 21 -1.6568401513286843
11 21 0.7635279773217447
14 21 1.5212136790192614
18 21 -0.5582278626605744
19 21 1.8133501018204226
21 21 0.7635279773217447
22 21 0.6629867480998674
0 22 -3.661973380275144
2 22 0.870626112878112
4 22 -2.461578397297092
6 22 1.2760912209862765
10 22 -2.0197456450180526
11 22 0.25752163999170297
13 22 -1.6142805369098883
14 22 0.46516100476994754
17 22 0.870626112878112
18 22 -2.530571268784043
19 22 -1.7684312167371468
20 22 -0.5156682482417786
22 22 1.085035984223567
