0 0 4.295015257684252
44 0 5.211305989558407
48 0 4.295015257684252
3 1 5.393627546352362
4 1 5.393627546352362
12 1 5.393627546352362
6 2 5.393627546352362
7 2 5.393627546352362
10 2 4.700480365792417
2 3 5.393627546352362
12 3 5.393627546352362
13 3 5.393627546352362
3 4 5.393627546352362
12 4 5.393627546352362
13 4 5.393627546352362
1 5 5.393627546352362
3 5 5.393627546352362
4 5 5.393627546352362
8 6 5.393627546352362
10 6 5.393627546352362
6 7 5.393627546352362
10 7 5.393627546352362
116 8 5.393627546352362
117 8 5.393627546352362
1 9 5.393627546352362
4 9 5.393627546352362
5 9 5.393627546352362
8 10 5.393627546352362
10 10 4.007333185232471
117 10 5.10594547390058
1 11 5.393627546352362
5 11 5.393627546352362
9 11 5.393627546352362
2 12 5.393627546352362
7 12 5.393627546352362
13 12 5.393627546352362
2 13 5.393627546352362
6 13 5.393627546352362
7 13 5.393627546352362
34 14 5.393627546352362
79 14 4.700480365792417
96 14 5.393627546352362
25 15 4.882801922586371
15 16 5.393627546352362
16 16 4.007333185232471
25 16 4.189654742026425
26 17 5.393627546352362
94 17 5.393627546352362
23 18 5.393627546352362
71 18 5.393627546352362
37 19 5.393627546352362
41 19 5.393627546352362
18 20 5.393627546352362
20 20 4.007333185232471
23 20 5.10594547390058
22 21 5.393627546352362
25 21 3.784189633918261
16 22 5.10594547390058
22 22 4.007333185232471
25 22 3.784189633918261
23 23 4.007333185232471
71 23 5.393627546352362
72 23 3.447717397297048
78 23 -1.353958980476954
63 24 4.700480365792417
64 24 4.700480365792417
74 24 4.700480365792417
15 25 3.784189633918261
16 25 3.784189633918261
24 25 4.882801922586371
25 25 3.966511190712216
63 25 3.784189633918261
64 25 3.0910424533583156
26 26 4.007333185232471
78 26 -1.353958980476954
79 26 4.700480365792417
94 26 5.393627546352362
19 27 5.393627546352362
28 27 5.393627546352362
37 27 5.393627546352362
19 28 5.393627546352362
37 28 5.393627546352362
41 28 4.700480365792417
35 29 5.393627546352362
59 29 5.393627546352362
60 29 4.295015257684252
29 30 5.393627546352362
35 30 5.393627546352362
59 30 5.393627546352362
29 31 4.295015257684252
30 31 4.988162438244197
31 31 4.295015257684252
32 31 5.393627546352362
29 32 5.393627546352362
30 32 5.393627546352362
35 32 5.393627546352362
19 33 5.393627546352362
27 33 5.393627546352362
28 33 5.393627546352362
79 34 4.700480365792417
80 34 5.393627546352362
96 34 5.393627546352362
59 35 5.393627546352362
60 35 4.988162438244197
65 36 5.393627546352362
66 36 5.393627546352362
40 37 4.295015257684252
41 37 5.393627546352362
18 38 4.295015257684252
20 38 5.211305989558407
38 38 4.295015257684252
38 39 5.393627546352362
38 40 4.295015257684252
39 40 5.393627546352362
40 40 4.295015257684252
40 41 5.211305989558407
41 41 4.007333185232471
36 42 5.10594547390058
42 42 4.412798293340635
66 42 4.412798293340635
42 43 5.10594547390058
44 44 4.007333185232471
47 44 5.10594547390058
48 44 5.393627546352362
78 45 0.03233538064293645
128 45 5.393627546352362
45 46 5.393627546352362
78 46 -0.6608117999170089
128 46 5.393627546352362
47 47 4.007333185232471
51 47 5.393627546352362
52 47 4.700480365792417
47 48 5.393627546352362
51 48 4.700480365792417
45 49 5.393627546352362
46 49 5.393627546352362
128 49 5.393627546352362
45 50 5.393627546352362
46 50 5.393627546352362
49 50 5.393627546352362
51 51 4.007333185232471
52 51 5.393627546352362
75 51 5.393627546352362
87 51 4.700480365792417
75 52 5.393627546352362
86 52 5.393627546352362
87 52 5.393627546352362
49 53 5.393627546352362
50 53 5.393627546352362
54 53 5.393627546352362
46 54 5.393627546352362
49 54 5.393627546352362
50 54 5.393627546352362
14 55 5.393627546352362
34 55 5.393627546352362
56 55 5.393627546352362
14 56 5.393627546352362
34 56 5.393627546352362
96 56 5.393627546352362
14 57 5.393627546352362
55 57 5.393627546352362
56 57 5.393627546352362
17 58 5.393627546352362
26 58 5.10594547390058
58 58 4.007333185232471
60 59 5.393627546352362
60 60 4.295015257684252
98 60 5.393627546352362
99 60 4.295015257684252
21 61 5.393627546352362
22 61 5.393627546352362
21 62 5.393627546352362
61 62 5.393627546352362
63 62 4.700480365792417
21 63 4.700480365792417
22 63 4.007333185232471
61 63 4.700480365792417
64 63 4.007333185232471
74 63 4.007333185232471
78 63 -1.353958980476954
61 64 4.700480365792417
62 64 4.700480365792417
63 64 4.007333185232471
74 64 4.007333185232471
78 64 -0.6608117999170089
102 65 5.393627546352362
103 65 5.393627546352362
104 65 5.393627546352362
65 66 5.393627546352362
66 66 4.007333185232471
103 66 4.700480365792417
104 66 5.393627546352362
67 67 4.412798293340635
73 67 4.923623917106625
93 67 4.007333185232471
31 68 2.4232130807826606
68 68 2.6616241042276587
72 68 1.5759152203954567
122 68 2.1355310083308794
124 68 2.828678188890825
67 69 4.007333185232471
69 69 4.007333185232471
70 69 5.393627546352362
89 69 4.700480365792417
67 70 5.10594547390058
72 71 3.447717397297048
78 71 0.03233538064293645
27 72 4.140864577856994
28 72 3.447717397297048
33 72 4.546329685965158
72 72 3.986713898029735
78 72 -1.5081096603042126
73 73 4.007333185232471
92 73 5.10594547390058
93 73 5.393627546352362
62 74 4.700480365792417
63 74 4.007333185232471
64 74 4.007333185232471
78 74 -0.25534669180884456
86 75 5.393627546352362
87 75 5.393627546352362
91 75 5.393627546352362
76 76 4.007333185232471
78 76 -0.25534669180884456
81 76 5.393627546352362
77 77 4.007333185232471
125 77 5.10594547390058
126 77 5.393627546352362
68 78 -1.4340016881504907
74 78 -1.353958980476954
77 78 0.25547893195714616
78 78 0.4043844918312567
82 78 0.25547893195714616
85 78 -0.25534669180884456
119 78 -0.6608117999170089
126 78 -0.6608117999170089
127 78 0.25547893195714616
78 79 0.25547893195714616
80 79 4.700480365792417
78 80 0.4378004887511008
78 81 0.4378004887511008
62 82 4.700480365792417
64 82 4.700480365792417
74 82 4.700480365792417
82 82 4.007333185232471
78 83 0.03233538064293645
84 83 5.393627546352362
78 84 0.4378004887511008
69 85 4.700480365792417
85 85 4.412798293340635
89 85 4.700480365792417
90 86 5.393627546352362
91 86 5.393627546352362
86 87 5.393627546352362
90 87 4.700480365792417
91 87 5.393627546352362
78 88 -1.353958980476954
83 88 5.393627546352362
84 88 5.393627546352362
88 88 4.007333185232471
67 89 4.007333185232471
69 89 4.700480365792417
70 89 5.393627546352362
50 90 4.700480365792417
53 90 5.393627546352362
54 90 5.393627546352362
90 90 4.007333185232471
53 91 5.393627546352362
90 91 5.393627546352362
83 92 4.700480365792417
88 92 5.393627546352362
92 92 4.007333185232471
88 93 4.700480365792417
92 93 5.393627546352362
78 94 0.03233538064293645
79 94 4.700480365792417
55 95 5.393627546352362
56 95 5.393627546352362
57 95 5.393627546352362
78 96 -0.6608117999170089
79 96 4.700480365792417
80 96 5.393627546352362
55 97 4.700480365792417
57 97 5.393627546352362
95 97 5.393627546352362
97 97 4.007333185232471
99 98 5.393627546352362
99 99 4.295015257684252
106 99 4.988162438244197
107 99 5.393627546352362
109 99 4.295015257684252
58 100 5.10594547390058
100 100 4.007333185232471
101 100 5.393627546352362
17 101 5.393627546352362
58 101 5.393627546352362
120 102 5.393627546352362
121 102 5.393627546352362
102 103 5.393627546352362
120 103 5.393627546352362
102 104 5.393627546352362
103 104 5.393627546352362
120 104 4.700480365792417
95 105 5.393627546352362
97 105 5.393627546352362
108 106 5.393627546352362
109 106 5.393627546352362
110 106 5.393627546352362
106 107 5.393627546352362
108 107 5.393627546352362
109 107 5.393627546352362
110 108 5.393627546352362
111 108 5.393627546352362
108 109 5.393627546352362
110 109 5.393627546352362
111 109 4.700480365792417
105 110 5.393627546352362
111 110 5.393627546352362
97 111 5.10594547390058
105 111 5.393627546352362
111 111 4.007333185232471
100 112 5.393627546352362
101 112 5.393627546352362
114 113 5.393627546352362
115 113 5.393627546352362
100 114 4.007333185232471
112 114 5.393627546352362
114 114 4.007333185232471
115 114 5.393627546352362
100 115 5.393627546352362
112 115 5.393627546352362
76 116 5.393627546352362
81 116 5.393627546352362
76 117 5.10594547390058
116 117 5.393627546352362
117 117 4.007333185232471
5 118 3.784189633918261
9 118 4.477336814478206
11 118 4.882801922586371
118 118 4.37197629882038
118 119 4.882801922586371
113 120 5.393627546352362
114 120 4.007333185232471
120 120 4.007333185232471
121 120 5.393627546352362
113 121 5.393627546352362
114 121 5.393627546352362
42 122 3.3141860046725258
43 122 5.393627546352362
122 122 4.007333185232471
123 122 5.393627546352362
42 123 4.700480365792417
43 123 5.393627546352362
122 124 5.393627546352362
123 124 5.393627546352362
0 125 5.211305989558407
125 125 4.007333185232471
0 126 4.295015257684252
125 126 5.393627546352362
118 127 4.189654742026425
119 127 5.393627546352362
127 127 4.007333185232471
78 128 0.4378004887511008
