0 0 0.051495635189452556
3 0 0.05892508986797305
4 0 -0.34654001824019154
5 0 -2.8642364908511824
0 1 0.05892508986797305
0 2 -0.34654001824019137
1 2 4.5594752267259615
4 3 4.5594752267259615
5 3 3.428073115234861
5 4 3.8335382233430257
0 5 -3.087380042165392
1 5 2.7349259346749157
2 5 2.7349259346749157
5 5 3.1927590283003964
8 5 3.8335382233430257
9 5 3.428073115234861
10 5 1.9464685743106458
0 6 -2.649125111234237
1 6 4.336331675411752
2 6 4.5594752267259615
5 6 2.734925934674916
1 7 2.9500373142918614
2 7 4.336331675411752
5 7 2.734925934674916
6 7 4.5594752267259615
9 8 4.5594752267259615
10 8 4.464165046921637
7 9 4.336331675411752
10 9 4.5594752267259615
2 10 2.1615799539275913
5 10 1.7233250229964363
6 10 4.464165046921637
7 10 4.5594752267259615
10 10 3.3190327426186346
