0 0 0.286565694284875
3 0 -2.723983200113867
6 0 0.0973956862953463
7 0 -0.30806942181281816
8 0 -3.094842779044556
0 1 0.20275620195317245
6 1 0.8938178760220964
7 1 0.8938178760220964
8 1 -1.0662769080251733
6 2 3.0910424533583156
7 2 3.0910424533583156
8 2 1.130947669311046
0 3 -0.0849258704986084
1 3 3.196402969016142
0 4 -0.7780730510585537
1 4 3.196402969016142
6 4 2.3978952727983702
7 4 2.3978952727983702
2 5 5.393627546352362
6 5 3.0910424533583156
7 5 3.0910424533583156
1 6 0.8938178760220964
3 6 1.1451323043030024
7 6 3.0910424533583156
8 6 1.7187343342131651
0 7 -3.0806581440525993
1 7 0.8938178760220964
3 7 1.1451323043030024
8 7 2.1241994423213293
0 8 -3.248993458871814
1 8 1.418629741762827
3 8 2.0754092781518976
8 8 1.630441727067487
10 8 -0.07302513501488977
11 8 2.1342497781748313
12 8 1.7287846700666665
13 8 -0.32433956329579594
8 9 2.0960285653546333
11 9 0.9162907318741551
12 9 0.9162907318741551
13 9 -0.08701137698962969
0 10 -3.0806581440525993
1 10 1.5869650565820417
4 10 3.0910424533583156
6 10 0.7884573603642703
8 10 1.4674199059322592
9 10 3.0910424533583156
11 10 0.6931471805599453
12 10 0.6931471805599453
9 11 2.0149030205422647
10 11 1.7917594692280552
12 11 2.995732273553991
13 11 2.367123614131617
8 12 -0.16833531481921477
9 12 2.0149030205422647
10 12 1.7917594692280552
13 12 2.772588722239781
1 13 0.488352767913932
2 13 2.6855773452501515
4 13 2.6855773452501515
5 13 3.091042453358316
6 13 -0.31015492830383945
8 13 -0.8839553512312186
9 13 2.2155737160044158
10 13 2.7343675094195836
11 13 -0.4054651081081643
13 13 2.328902401311419
