0 0 1.5548671840609036
1 0 -1.3001652073899521
3 0 0.08612915372993854
4 0 -1.9933123879498973
6 0 0.7792763342898839
8 0 0.9905854279570908
11 0 0.03206193245966288
12 0 -2.249245762087098
15 0 -2.111095423606281
16 0 1.8778886229579936
17 0 0.7792763342898839
18 0 -2.265246103433539
20 0 1.4724235148498293
0 1 1.2261514992698577
1 1 -0.6833910056145807
3 1 0.009756174945364656
8 1 1.4532089499052039
11 1 1.0906688865140732
12 1 -0.24617719919183584
3 2 2.1498223384416355
8 2 2.0891977166252005
9 2 1.9266787871274256
11 2 1.2848249009550308
12 2 0.10212949507637975
0 3 -0.2173012756899814
1 3 1.45667515788169
4 3 0.0703807967617994
8 3 1.1083684636134743
9 3 1.9266787871274256
11 3 1.6902900090631952
12 3 -0.5910176854835656
18 3 -0.20155291872184225
0 4 0.6299965846972222
1 4 1.8621402659898545
3 4 1.45667515788169
4 4 -0.6227663837981459
8 4 0.7029033555053099
9 4 1.793147394502903
11 4 0.8148212717092953
12 4 -1.9773120466034562
1 5 1.45667515788169
3 5 2.1498223384416355
8 5 1.3960505360652553
9 5 2.6198259676873707
11 5 1.2848249009550308
2 6 4.229263880121471
8 6 2.0891977166252005
11 6 1.9779720815149762
2 7 3.1306515914533617
3 7 1.7443572303334711
8 7 0.9905854279570908
10 7 3.823798772013307
11 7 0.8793597928468666
12 7 -0.3033356130317846
14 7 1.3388921222253065
17 7 3.1306515914533617
0 8 -1.376538186174526
1 8 0.7029033555053099
2 8 1.3960505360652553
3 8 1.3960505360652553
4 8 0.415221283053529
6 8 2.0891977166252005
8 8 -0.7440156274310155
9 8 -0.2133873763688452
11 8 1.7097080949202967
12 8 0.6701135326823192
17 8 1.3960505360652553
18 8 0.43096964002166815
21 8 -0.9065345569287905
1 9 0.540384426007535
3 9 1.9266787871274256
4 9 0.540384426007535
8 9 -0.2133873763688452
9 9 1.7035352358132159
11 9 1.8726115658571498
12 9 -0.12101405623782996
14 9 0.13491931789937064
18 9 0.6739158186320575
11 10 1.2848249009550308
12 10 0.10212949507637975
13 10 1.3388921222253065
14 10 1.7443572303334711
17 10 3.536116699561526
18 10 1.1847414423980485
1 11 0.3039956479433046
4 11 1.151293508330508
8 11 -0.16209408198129452
9 11 0.3685341690808759
11 11 -0.9664668976514643
12 11 0.9863319123990345
14 11 0.18621261228692126
18 11 1.1306742211277725
19 11 -0.3246130114790694
21 11 0.7739992771890403
22 11 -2.4879360371396078
0 12 -1.4176962586680335
1 12 0.7307381544987542
3 12 -0.5910176854835656
4 12 1.1581821693256935
8 12 -1.3447894878599456
9 12 -0.12101405623782996
11 12 -2.1491623035301153
12 12 0.9022487951884929
13 12 -1.4019479016998941
14 12 0.2562801749036382
15 12 -0.9964827935917299
18 12 1.046591103917231
19 12 -0.8141612367977753
21 12 0.5075946031845443
22 12 -1.7247212939629453
1 13 -0.047402238894584024
3 13 -0.047402238894584024
4 13 0.868888492979571
9 13 0.42260139035115163
12 13 1.2007417837444896
13 13 -0.1651852745509675
14 13 0.6457449416653613
18 13 0.9334270141171422
19 13 -0.2705457902087937
21 13 -0.2705457902087937
22 13 -1.7407216353093866
7 14 1.3388921222253065
12 14 0.10212949507637975
13 14 1.1565705654313518
14 14 1.0512100497735257
15 14 0.2402798335571969
18 14 0.08612915372993854
19 14 2.2143608595792066
21 14 1.2335316065674804
22 14 -0.9297914190930577
1 15 -0.7405494194545293
3 15 -0.047402238894584024
4 15 0.6457449416653613
5 15 2.0320393027852517
8 15 -0.8011740412709641
9 15 0.42260139035115163
12 15 0.6129551188423705
13 15 1.706616902350624
14 15 0.6457449416653613
18 15 0.08612915372993854
19 15 1.3388921222253065
21 15 0.13491931789937084
22 15 -2.433868815869332
15 16 2.0320393027852517
19 16 2.6198259676873707
20 16 4.922411060681417
2 17 3.536116699561526
6 17 4.229263880121471
8 17 1.3960505360652553
12 17 0.10212949507637975
13 17 1.3388921222253065
14 17 1.7443572303334711
5 18 1.1847414423980485
12 18 -1.5560985815271524
13 18 0.5969547774959293
14 18 1.4724235148498293
15 18 0.3738112261817194
18 18 -0.47348663420548415
19 18 1.1847414423980485
21 18 1.7153696934602187
22 18 0.3564194834698502
7 19 1.5212136790192612
10 19 1.9266787871274256
13 19 0.42260139035115163
14 19 1.5212136790192612
15 19 0.42260139035115163
19 19 1.415853163361435
21 19 1.8213182714695995
22 19 0.23335939071262315
14 20 2.4375044108934163
15 20 2.0320393027852517
19 20 2.6198259676873707
4 21 -0.8459099351123556
5 21 1.2335316065674804
7 21 1.5212136790192612
9 21 -0.37590630586662
10 21 1.2335316065674804
13 21 0.42260139035115163
14 21 -0.5582278626605747
15 21 0.8280664984593159
17 21 1.2335316065674804
18 21 -0.42469647003605215
19 21 -0.37590630586662
22 21 1.1243323146024882
1 22 -2.316085780212948
2 22 0.45650294202683284
5 22 0.45650294202683284
7 22 0.9673285657928236
8 22 -2.376710402029383
10 22 0.45650294202683284
11 22 -2.4879360371396078
12 22 -1.4734068656820392
13 22 0.5105701632971087
15 22 1.0924917087468295
18 22 -2.58801949569659
19 22 -1.1529349704072676
21 22 -2.539229331527158
22 22 1.1890918546380749
