0 0 0.20441520773568916
4 0 -2.236833715431265
5 0 0.24807293435673516
6 0 -0.15739217375142922
7 0 -2.660647962207626
11 0 0.24807293435673516
12 0 -0.15739217375142922
14 0 -0.15739217375142922
15 0 -2.796449503366688
0 1 0.24807293435673516
0 2 0.248072934356735
0 3 -0.15739217375142936
1 3 3.447717397297048
0 4 -0.15739217375142922
2 4 4.007333185232471
6 5 3.0910424533583156
7 5 1.9740810260220096
12 5 3.0910424533583156
15 5 1.1451323043030024
16 5 0.14660347419187544
7 6 2.4849066497880004
0 7 -2.911962390488532
1 7 2.0794415416798357
3 7 2.4849066497880004
7 7 1.7734103305598585
8 7 -0.40546510810816444
9 7 1.3862943611198906
13 7 2.3513752571634776
15 7 1.9252908618525775
16 7 0.2336148511815051
7 8 2.302585092994046
8 8 1.8101086078962514
9 8 2.908720896564361
13 8 1.5224265354444706
7 9 2.0794415416798357
8 9 3.6018680771243066
7 10 1.791759469228055
8 10 3.6018680771243066
9 10 3.3141860046725258
13 10 1.927891643552635
2 11 4.007333185232471
4 11 4.007333185232471
14 11 5.393627546352362
15 12 3.447717397297048
16 12 3.142335747745866
7 13 0.0
8 13 2.2155737160044158
9 13 3.3141860046725258
15 13 3.1600353248452673
16 13 2.8546536752940854
0 14 -0.8505393543113745
2 14 4.007333185232471
4 14 4.007333185232471
10 15 2.7545702167371027
16 15 3.447717397297048
0 16 -2.6963660448097055
2 16 2.8546536752940854
4 16 3.2601187834022496
7 16 -0.4595323293784402
8 16 2.736870639637702
10 16 3.365479299060076
13 16 0.369747025506085
16 16 2.3379629320756967
