0 0 0.25117653445491733
6 0 0.14610234664442992
9 0 -0.4825063127779441
10 0 -2.9674129625659442
0 1 0.27963373926895274
6 2 3.3141860046725258
9 2 3.0910424533583156
10 2 1.2992829841302609
0 3 -0.2799820486664701
1 3 3.2935667174697896
7 3 3.447717397297048
9 3 1.1451323043030024
10 3 -0.6466271649250525
0 4 -0.12583136883921184
1 4 3.447717397297048
2 5 4.700480365792417
6 5 2.6210388241125804
8 5 4.700480365792417
9 5 3.0910424533583156
10 5 0.6061358035703156
9 6 3.0910424533583156
10 6 1.9924301646902063
9 7 3.0910424533583156
10 7 1.9924301646902063
9 8 3.0910424533583156
10 8 1.9924301646902063
10 9 2.3978952727983707
0 10 -3.1215636423932027
1 10 1.8382794848629478
3 10 2.3978952727983707
7 10 1.9924301646902063
9 10 -1.0033021088637848
10 10 1.561647248597752
11 10 -0.6466271649250525
12 10 1.9924301646902063
13 10 -0.08701137698962969
14 10 2.3978952727983707
16 10 1.88706964903238
17 10 -0.012903404835907841
10 11 2.3978952727983707
10 12 1.9924301646902063
11 12 3.447717397297048
0 13 -2.898420091078993
1 13 1.3682758556172123
4 13 3.3141860046725258
10 13 1.704748092238425
11 13 3.1600353248452673
13 13 1.2347444629926896
15 13 3.3141860046725258
16 13 1.0116009116784797
10 14 -1.0033021088637848
11 14 2.243744592971112
12 14 3.0910424533583156
13 14 1.704748092238425
16 14 2.9856819377004897
17 14 2.4720032449520923
11 15 3.447717397297048
13 15 3.3141860046725258
16 15 3.0910424533583156
10 16 0.09531017980432493
11 16 2.243744592971112
13 16 2.1102132003465894
17 16 2.8774683530602565
1 17 0.18962085927556593
2 17 2.828678188890825
4 17 2.828678188890825
5 17 3.234143296998989
6 17 0.05608946665104337
8 17 2.828678188890825
9 17 -0.1670540846631662
10 17 -0.8602012652231115
11 17 1.9813803285036211
13 17 2.7641396677532537
15 17 2.828678188890825
16 17 -0.1670540846631662
17 17 2.460953408765507
