0 0 2.3734512088626776
2 0 -1.2209458477406154
4 0 2.3734512088626776
5 0 2.5069826014872
6 0 1.3683649782053913
19 0 0.20797532984103842
20 0 0.37429654528855183
21 0 0.38386599630470253
23 0 -0.1114554409253227
24 0 -0.5921439702710749
25 0 2.418187102704069
0 1 2.6611332813144584
1 1 3.3935011750276853
2 1 -0.6331591828384963
3 1 -1.3226288212686643
4 1 2.592140409827507
5 1 1.9837344577226523
6 1 2.0325246218920845
19 1 -0.7083154020331165
25 1 1.5972065506342388
0 2 -0.09936339516029413
1 2 0.3314195209321602
2 2 1.5443168344070928
3 2 1.0504079326759928
4 2 -0.584871210941995
5 2 -0.22819626700326254
6 2 0.6072671357369381
12 2 -2.586351211152119
19 2 -1.4161687299827574
20 2 -1.549952106985582
21 2 -0.6108466973452553
24 2 -1.6409238851913086
25 2 0.6249667128363392
0 3 -0.2920393778207367
1 3 -0.9206480372431108
2 3 0.7793583733804964
3 3 1.7966668508572097
4 3 -1.1029695940370654
5 3 -1.2571202738643237
6 3 -0.22261087138897379
12 3 -3.327593145561399
19 3 -1.972007441060675
20 3 -0.4003436695225764
21 3 -1.675488786808396
24 3 -1.0885808565849657
25 3 -0.1075415416041866
0 4 2.280985981190584
2 4 -0.7901629316481611
4 4 2.280985981190584
5 4 2.414517373815107
6 4 1.8456679099327384
19 4 1.5550489778076477
20 4 -2.3729743689669394
21 4 -1.3825756649390624
23 4 -1.1847499216091426
25 4 2.220361359374149
0 5 1.9965141843690513
1 5 0.7925413800431151
2 5 0.20165873743586832
3 5 -1.3586392587916976
4 5 1.9965141843690513
5 5 2.087485962574778
6 5 1.9358895625526165
19 5 0.5774300004261698
20 5 -0.25955089299010164
21 5 -0.16297006498432112
22 5 -1.1815396459788945
23 5 -1.063756610322511
24 5 -1.1389800315600984
25 5 2.0810715723971143
0 6 1.892636663512726
1 6 2.0893469577587807
2 6 0.43958372585119604
3 6 -0.9091315414632357
4 6 1.6475142054797411
5 6 1.88640611376209
6 6 1.7528747211375675
19 6 0.7869870481240406
20 6 -0.5215394948897818
21 6 0.35107617348171166
22 6 -3.2577605729586883
23 6 -1.9360047329763685
24 6 -1.2002979379976273
25 6 1.8320120416962915
7 7 2.733260662604851
8 7 1.3906707357196897
9 7 2.514600832372089
16 7 1.0939388277479907
18 7 0.23143382523514497
7 8 3.0001086481537897
9 8 3.3795982698586937
7 9 2.936595242431464
8 9 1.7701603574245932
9 9 2.5725068299495306
16 9 0.644149094568369
18 9 -0.21575512624441937
10 10 3.472063497530787
11 10 1.8962941722983966
12 10 2.110486163361796
13 10 0.04465027373773872
15 10 1.732420029441746
2 11 0.1268822325514789
3 11 -1.3808977293926403
11 11 2.3834873046717497
12 11 2.367027995077854
2 12 0.4564032703096953
3 12 -0.7591594640172518
11 12 2.3560187095694847
12 12 2.182178091817913
10 13 2.008259999892453
11 13 -1.7284170624781636
12 13 -0.9272103092912272
13 13 2.1240918154175747
14 13 1.5850953146848876
15 13 2.1194514358610728
16 13 -0.23406312873128182
17 13 -0.20666415454316725
18 13 0.12015782624588386
11 14 1.3456470543457344
12 14 1.417338982801851
13 14 1.6804054944892124
14 14 2.0545035286108595
15 14 1.5500984726477913
16 14 -0.08673841397442326
17 14 -0.5701650635522995
18 14 -0.1075415416041866
10 15 2.543350245658075
11 15 0.7325425814593253
12 15 1.0118738746936864
13 15 1.930596958025495
14 15 2.0447947144838987
15 15 2.0609240964137823
12 16 -3.2921912185104834
13 16 0.17930715888399568
14 16 0.6787294281651483
15 16 -0.26905997076837807
16 16 1.745843049773887
17 16 1.9822318278381172
18 16 1.7873236508946055
13 17 0.8919481341249427
14 17 1.0392728488818008
15 17 0.6338077407736367
16 17 1.571489662629109
17 17 2.0201021018935275
18 17 1.6717954076253112
12 18 -3.20763383048242
13 18 0.7179948270015042
14 18 1.4564339967531565
15 18 0.7450333758838608
16 18 1.6126477351226163
17 18 1.3841133351735304
18 18 1.7025670662920647
0 19 -1.758911420546944
2 19 -1.3643244305859625
3 19 -3.322305394479638
4 19 -1.0657642399869989
5 19 0.27173995696346
6 19 0.3776885349728404
19 19 2.0960290694891666
20 19 -0.34444618246035713
21 19 1.524502925458828
22 19 0.6688368154011076
23 19 0.6159943340267278
24 19 0.2608108864312697
25 19 -1.8195360423633788
1 20 0.423086709457984
2 20 -1.8144631873517196
3 20 -3.674004078432142
4 20 -1.7051449963912841
5 20 -0.590784350755035
6 20 -0.4440137782253995
19 20 0.08661447283677087
20 20 1.648594666335218
21 20 1.2325234762079458
22 20 -0.018746042821055332
23 20 0.8205836479169716
24 20 1.0229919632776634
1 21 1.1415516980022191
2 21 -1.3009885554141518
3 21 -2.683605374404265
5 21 -0.17574979163072008
6 21 0.2806817600694718
19 21 1.7701603574245932
20 21 0.900389641185331
21 21 1.592953901297409
22 21 -0.589583149409401
23 21 0.38386599630470253
24 21 0.4978845747056436
4 22 0.9339123332239745
5 22 -0.8578471360040804
6 22 -0.9830102789580865
7 22 1.1249675699866837
8 22 2.3202066943438653
9 22 1.567636093313119
19 22 -0.4523820278959161
20 22 -1.04589936750702
22 22 1.9724206978223788
23 22 1.43846834397637
24 22 1.367950813776195
4 23 -0.5169205490334873
5 23 -2.1751486256370196
7 23 0.45066347722821837
8 23 0.8693738120864033
9 23 0.9434817842401253
19 23 -1.060535995622469
20 23 0.8003809405994519
21 23 0.25033460368017996
22 23 1.6033429871666038
23 23 1.694097350435068
24 23 1.344797508801478
1 24 -1.5084347021452298
2 24 -4.068757991217984
4 24 0.21878624594525392
5 24 -1.5572248663146617
6 24 -1.4794471652719774
7 24 -0.13538556777535973
8 24 1.1996154989569803
9 24 0.4264256107234986
19 24 -0.2649310590626587
20 24 1.056514655316307
21 24 0.2660829606483191
22 24 1.4955963742234564
23 24 1.4143908006006733
24 24 1.3349568468267423
0 25 2.6805513671715597
2 25 -1.751574098802786
3 25 -3.2395514334507256
4 25 1.9073614789380784
5 25 2.195043551389859
6 25 1.441271749013479
19 25 0.8087491902699684
20 25 0.10603255869387239
21 25 0.6715480687564835
22 25 -0.9830102789580862
23 25 -0.17208006274175752
24 25 -0.5349855564311262
25 25 2.4298831424672604
