0 0 4.122919531547766
1 0 -2.2243028724364646
0 1 -2.2243028724364646
1 1 0.11109760411927908
2 1 -0.5660747958329317
6 1 -1.5395239415470356
8 1 -1.8188377643282998
9 1 -3.4564465537290965
2 2 5.188083886148336
5 2 4.176482974469856
3 3 4.782618778040171
4 3 6.168913139160062
11 3 4.009428889806689
10 4 4.5594752267259615
11 4 4.29711096225847
3 5 3.0778706858017464
5 5 4.66895945956765
7 5 4.6873085982358464
1 6 -1.8878306358152515
6 6 3.6569778169841425
9 6 1.892247020144007
3 7 6.168913139160062
4 7 5.475765958600117
7 7 4.782618778040171
1 8 -1.4823655277070868
8 8 2.7656728558681065
11 8 0.9649064520832669
8 9 1.0449491597568032
9 9 4.600297221246216
11 9 1.1190571319105251
8 10 2.102739453904658
10 10 5.147261891628081
8 11 1.1472280088772213
10 11 3.6039637816985253
11 11 4.371218934412193
