0 0 0.3604249930376416
5 0 0.32759867985722363
7 0 -0.18322694390876715
8 0 -2.485812036902813
9 0 -1.7518428618226123
10 0 -0.6532305731545028
12 0 -0.6532305731545028
0 1 -0.024621913732128752
5 1 0.4682660093471947
7 1 0.3629054936893683
8 1 -1.246532418744732
9 1 1.5668782980153044
10 1 1.9723434061234688
12 1 2.26002547857525
14 1 2.665490586683414
16 1 0.18058393689541372
0 2 0.44538171551360695
0 3 -0.5478700574966764
1 3 2.5477075510270306
3 3 0.3504829736908112
5 3 0.3504829736908112
6 3 2.5477075510270306
7 3 0.9382696385929302
10 3 1.8545603704670852
12 3 2.142242442918866
14 3 2.5477075510270306
0 4 0.03991660740544242
2 4 3.3586377672433594
3 5 0.3504829736908112
7 5 2.4423470353692043
8 5 1.4688978896551006
1 6 2.665490586683414
3 6 2.5477075510270306
7 6 2.4423470353692043
1 7 1.0560526742493137
3 7 0.9382696385929302
5 7 0.2451224580329849
8 7 1.749199854809259
0 8 -2.955815666148548
1 8 1.3184169387168048
3 8 1.7267269989572005
6 8 1.5260563034950492
7 8 -1.4696759700589417
8 8 1.3153352721793967
9 8 -0.2657031657330058
11 8 1.5260563034950492
12 8 0.42744401482693956
13 8 1.9315214116032138
15 8 1.5260563034950492
16 8 -0.5533852381847867
8 9 1.9315214116032138
8 10 1.5260563034950492
9 10 3.64631983969514
8 11 1.5260563034950492
9 11 3.64631983969514
8 12 0.42744401482693956
9 12 3.240854731586976
10 12 3.64631983969514
14 12 3.64631983969514
16 12 1.8545603704670852
8 13 -0.5533852381847867
9 13 2.26002547857525
11 13 3.3586377672433594
15 13 3.3586377672433594
16 13 2.665490586683414
16 14 3.3586377672433594
16 15 3.3586377672433594
0 16 -1.7518428618226123
2 16 2.9531726591351948
4 16 3.3586377672433594
16 16 2.26002547857525
