0 0 0.1721475291686307
5 0 0.20624174051160657
6 0 -0.19922336759655795
7 0 -2.35870761694993
0 1 0.20624174051160657
0 2 0.20624174051160657
0 3 -0.19922336759655795
1 3 3.447717397297048
0 4 -0.19922336759655795
2 4 4.700480365792417
6 5 3.196402969016142
7 5 2.4232130807826606
7 6 2.828678188890825
0 7 -2.7641727250580947
1 7 2.269062400955402
3 7 2.556744473407183
7 7 1.7800763207973767
9 7 1.7300659002227152
11 7 2.828678188890825
12 7 0.6314536115546056
13 7 2.1355310083308794
14 7 0.6886120253945541
0 8 -2.5018084605906035
1 8 1.8382794848629478
3 8 2.9368917735310576
7 8 2.4232130807826606
7 9 1.7300659002227152
8 9 3.0910424533583156
12 9 3.6018680771243066
13 9 2.6210388241125804
14 9 1.8672670217362
1 10 1.6559579280689933
3 10 1.6559579280689933
7 10 1.7300659002227152
8 10 3.6018680771243066
9 10 2.908720896564361
12 10 3.196402969016142
13 10 1.5224265354444706
14 10 0.7686547330680904
9 11 2.7545702167371027
10 11 2.3491051086289385
12 11 2.3491051086289385
13 11 3.3141860046725253
14 11 2.917089146234878
7 12 0.6314536115546056
8 12 2.6855773452501515
9 12 3.6018680771243066
10 12 3.196402969016142
13 12 2.908720896564361
14 12 2.154949094187981
8 13 2.3978952727983702
10 13 2.908720896564361
12 13 2.908720896564361
14 13 3.2535613828560908
0 14 -3.0324367116527737
2 14 3.2535613828560908
3 14 0.6145040532408321
4 14 3.659026490964255
7 14 -0.004535155165391151
8 14 2.7427357590901003
9 14 1.8672670217362
10 14 3.0712398260621363
12 14 2.154949094187981
13 14 0.4809726606163094
14 14 2.4352510593421393
