0 0 1.538727836855783
1 0 -1.6274564179367788
3 0 -0.4234836136108427
4 0 -1.2344138298271716
8 0 1.0986122886681096
11 0 0.09976453015370505
12 0 -2.39292426007635
15 0 -2.1580846689989492
17 0 0.38744660260548597
19 0 1.3682758556172123
22 0 -0.018018505502678365
24 0 -3.9399918417839928
0 1 1.1362433568857566
1 1 -0.5978370007556204
3 1 1.0116009116784797
4 1 -0.8979415932059586
8 1 1.791759469228055
9 1 0.14660347419187544
11 1 0.9062403960206539
12 1 -2.4619171315633017
13 1 -1.067840630001356
14 1 0.4519851237430571
17 1 1.0116009116784797
20 1 -1.067840630001356
0 2 -0.43237256102808863
5 2 2.3491051086289385
8 2 1.3862943611198906
11 2 1.0116009116784799
13 2 0.8292793548845252
14 2 3.042252289188884
17 2 3.6018680771243066
0 3 -0.43237256102808863
1 3 1.5224265354444706
3 3 1.1169614273363062
8 3 0.6931471805599453
9 3 1.573719829832021
11 3 1.2347444629926896
12 3 -1.2579443272373654
14 3 1.6559579280689933
16 3 -0.49247648509779424
17 3 1.5224265354444706
18 3 2.0614230361771577
20 3 0.1361321743245799
21 3 0.20067069546215105
22 3 1.5224265354444706
0 4 0.20361620569190791
1 4 1.8101086078962514
3 4 1.5587941796153455
4 4 -0.5048990050963513
8 4 1.1349799328389845
9 4 1.7183010586431287
11 4 0.760286483397574
12 4 -2.0688745434536946
13 4 -1.3679452224516941
14 4 1.250492819960829
18 4 1.5381748924126095
20 4 -1.3679452224516941
21 4 0.08288765980576765
0 5 -0.5865232408553469
1 5 1.1451323043030024
3 5 0.9628107475090479
9 5 1.8895727792504984
11 5 1.262915339959386
12 5 -1.4120950070646239
16 5 0.04652001563489291
18 5 2.19495442880168
20 5 0.6751286750572669
22 5 2.7545702167371027
24 5 -1.1674031195442114
2 6 3.8895501495760874
4 6 0.9991783916799226
10 6 3.6018680771243066
11 6 1.0116009116784799
14 6 3.042252289188884
17 6 3.6018680771243066
0 7 -0.026907452919924496
2 7 3.6018680771243066
8 7 1.791759469228055
10 7 4.007333185232471
11 7 1.4170660197866443
12 7 -0.15933203856925593
0 8 -2.2781992515264196
1 8 1.0628942060660302
3 8 1.573719829832021
4 8 0.7627896136156922
8 8 -0.4595323293784402
9 8 1.1141875004535808
11 8 1.8738244222823592
12 8 0.07428281261224931
15 8 -0.384024776870295
17 8 1.0628942060660302
19 8 2.449188567185921
20 8 0.08206495305430421
21 8 -0.258861633916289
23 8 -0.8830159429892829
0 9 -2.2781992515264196
1 9 0.5520685823000399
3 9 2.0437234590777567
4 9 -0.15350111825846288
8 9 -0.4595323293784402
9 9 0.8910439491393711
11 9 1.8048315507954078
12 9 -0.10803874418170535
14 9 0.5032784181306077
15 9 1.2254131355638054
18 9 1.196425598690553
20 9 0.5928905768202948
22 9 1.0628942060660302
4 10 1.404643499788087
9 10 1.7560413866259756
11 10 2.1102132003465894
12 10 0.5338151419906894
0 11 -1.9364499578043628
1 11 0.20067069546215105
3 11 0.9991783916799226
4 11 0.9991783916799226
5 11 0.8450277118526642
8 11 -0.8109302162163288
9 11 0.7627896136156922
11 11 -1.1856236656577395
12 11 0.7037141787860868
13 11 -0.26933293378358447
15 11 0.8740152487259166
16 11 -1.303406701314123
20 11 0.9346398705423514
23 11 -0.13580154115906176
0 12 -2.5841347642875507
1 12 0.02298951822469878
2 12 -0.5647971466774201
3 12 -1.9510915077973108
4 12 0.6719654804715066
6 12 0.8214972144424705
7 12 -0.15933203856925593
8 12 -1.6817585740137264
9 12 -0.618864367947696
10 12 -0.15933203856925593
11 12 -2.056452023455137
12 12 1.0305890123010297
13 12 -1.5456263996891466
14 12 -0.7189478265046786
15 12 0.003186890928518902
16 12 -1.7687699510033563
18 12 -0.025800645944733244
20 12 0.9999048719152888
21 12 -2.1742350591115205
23 12 0.37966446216343114
24 12 -1.7787202818565242
0 13 -1.7008838864915958
1 13 0.723918839226699
4 13 0.8292793548845252
8 13 -0.9808292530117264
9 13 -0.32340015505386027
11 13 -0.6623755218931916
12 13 0.980102244619109
13 13 -1.5378442592470916
14 13 -0.018018505502678365
15 13 -0.2121745199436359
16 13 -1.4733057381095203
18 13 -0.018018505502678365
20 13 0.6593803180891278
21 13 -0.780158557549575
23 13 0.2051250458115314
24 13 -1.9940816927286793
1 14 0.4519851237430571
3 14 0.9628107475090479
4 14 0.8450277118526642
5 14 1.5018072482417348
9 14 1.196425598690553
12 14 -0.7189478265046786
13 14 1.3682758556172123
15 14 1.3076512338007773
21 14 2.125961557314729
23 14 0.11551288712184424
24 14 -1.1674031195442114
1 15 -0.43531807125784566
4 15 -0.042275483148238306
5 15 1.3076512338007773
9 15 0.30912240368965027
11 15 -0.7230001437096265
12 15 0.5909735558306379
13 15 1.6596276569579556
15 15 0.4203480387998747
18 15 0.6145040532408321
21 15 1.2386583623138259
22 15 1.1741198411762548
23 15 -0.07864312731911323
24 15 -1.3615591339851685
0 16 -2.7349576540221343
1 16 0.09531017980432493
2 16 0.8938178760220964
4 16 0.30603121111997733
5 16 1.4328143767547836
6 16 0.8938178760220964
9 16 -0.258861633916289
11 16 -0.5978370007556204
12 16 -0.09479351743168468
13 16 1.4170660197866443
15 16 -0.14763599880606468
16 16 -0.31015492830383945
18 16 0.7396671961948382
20 16 0.4726044109457928
21 16 1.363821505267832
22 16 0.6061358035703156
23 16 0.9628107475090479
24 16 -1.2363959910311626
4 17 0.7114963192281417
5 17 2.0614230361771577
9 17 1.0628942060660302
12 17 -0.8524792191292012
13 17 1.2347444629926896
14 17 3.1600353248452673
16 17 0.6061358035703156
22 17 2.6210388241125804
24 17 -0.6077873316087886
4 18 0.15188053129271892
5 18 1.5018072482417348
13 18 -0.018018505502678365
14 18 2.8881016093616254
15 18 1.3076512338007773
16 18 1.1451323043030024
21 18 2.125961557314729
22 18 3.1600353248452673
23 18 0.11551288712184424
24 18 -1.1674031195442114
15 19 3.2535613828560908
21 19 2.6855773452501515
2 20 1.5224265354444706
4 20 -1.3679452224516941
5 20 0.6751286750572669
6 20 1.5224265354444706
7 20 1.2347444629926896
9 20 -1.0165473356138055
10 20 1.2347444629926896
11 20 -1.3555227024531369
12 20 -0.9860106117537238
13 20 0.9470623905409088
15 20 1.5795849492844192
16 20 0.3184537311185345
17 20 0.5415972824327444
18 20 -0.018018505502678365
21 20 0.3184537311185345
23 20 1.591419406931422
24 20 0.4482653426405252
2 21 1.5869650565820417
4 21 -0.6102595207541777
5 21 0.7396671961948382
6 21 1.5869650565820417
12 21 -1.4810878785515753
13 21 0.6061358035703156
15 21 1.461801913628036
16 21 0.8938178760220965
17 21 1.2992829841302609
21 21 0.6706743247078867
23 21 1.6559579280689933
24 21 0.5553634781968925
5 22 2.7545702167371027
13 22 0.5415972824327444
16 22 1.9924301646902063
18 22 2.0614230361771577
21 22 1.2992829841302609
23 22 0.6751286750572669
24 22 0.08535984895115664
0 23 -2.665964782535183
2 23 0.9628107475090479
4 23 -1.2344138298271716
5 23 0.11551288712184424
6 23 0.9628107475090479
7 23 1.3682758556172123
9 23 -0.8830159429892829
12 23 -2.7983893681845147
13 23 0.20512504581153124
16 23 1.550597412411167
20 23 -0.3057005779544593
21 23 0.9628107475090479
23 23 -1.2707814739980463
24 23 1.2304921532541593
1 24 -2.217225244042889
4 24 -1.8241826559332817
5 24 -0.0687908308761015
7 24 1.1839721376192665
9 24 -2.1659319496553384
10 24 0.778507029511102
11 24 -2.50490731649467
12 24 -1.8840807975143508
13 24 0.5316469515795762
16 24 1.1385097635425092
20 24 -1.9940816927286793
21 24 0.01636697746420541
23 24 -0.9442595682300015
24 24 1.4566913373943349
