0 0 2.4077130234664996
0 1 -1.948995803223092
1 1 2.1916939341753743
9 1 -2.0091643246895448
2 2 2.6326192885413664
4 2 -0.015235751777421097
14 2 -0.6675609378171111
3 3 4.309148940817949
12 3 1.1762155457504737
2 4 -0.7083829323373664
4 4 3.067820349948245
5 4 -0.5821883297766982
4 5 -1.2753355103366435
5 5 2.1021921272396074
6 5 -1.5376997748041346
3 6 0.7707504376423094
6 6 2.8848411147353197
7 7 2.3694560331110126
11 7 -1.0164738764203542
7 8 -1.9460098350445303
8 8 2.2303996802318746
1 9 -1.3160171441295994
9 9 2.3179127043936756
8 10 -1.968482690896589
10 10 2.3622506493897424
2 11 -0.8907044891313207
11 11 3.13927931393039
14 11 -1.7966324339699296
9 12 -0.9105520360214352
12 12 3.236239001573208
13 12 1.6115336170083194
12 13 1.6115336170083194
13 13 4.66895945956765
2 14 -0.4852393810231567
14 14 3.353764802501485
