0 0 1.697240115878548
1 0 -1.5704258731590848
3 0 0.7809493840043928
4 0 -1.6169458887939776
8 0 1.362870929454114
9 0 -0.8284885284297074
11 0 0.720324762187958
12 0 -1.611882586837431
13 0 -1.586174230127224
14 0 1.474096564564338
17 0 1.8795616726725026
19 0 -0.13534134786976212
20 0 -1.359116779491878
23 0 -1.5704258731590848
0 1 1.363937454018614
1 1 0.04218161403629467
3 1 1.2304060613940913
4 1 -1.390632762718489
8 1 1.4640209125755967
11 1 0.9466378882634469
12 1 -1.0978873883101614
13 1 -1.3598611040517352
14 1 1.0072625100798818
17 1 1.0072625100798818
18 1 1.7004096906398272
19 1 0.09097177820572659
20 1 -1.1328036534163892
0 2 2.511339906856156
0 3 1.1250455457362651
1 3 1.4127276181880462
8 3 0.8196638961850832
9 3 0.3629054936893683
11 3 0.5254244231871432
12 3 -1.5191008533864647
14 3 1.9723434061234688
16 3 -0.37903185104000886
17 3 1.9723434061234688
18 3 2.665490586683414
22 3 2.665490586683414
0 4 0.2675953138850435
1 4 1.2484245668967697
3 4 1.1838860457591986
8 4 1.0120357888325395
9 4 1.5485291593471078
11 4 1.1232614239427638
12 4 -1.1444074039450542
15 4 -0.6486954179891115
19 4 1.1430640512389436
20 4 -1.1793236690512818
23 4 -0.6974855821585435
0 5 1.4127276181880462
1 5 1.7004096906398272
3 5 1.9723434061234688
8 5 1.1073459686368643
10 6 4.74493212836325
15 6 2.4423470353692043
19 6 3.1354942159291497
0 7 2.1058747987479913
2 7 4.74493212836325
0 8 -0.43309907231028477
1 8 0.5477301807014415
3 8 1.6669617565722867
4 8 -0.1919370154933965
8 8 -1.1439458299696308
9 8 0.19105523676270922
11 8 1.4521864549285937
12 8 0.10080835891493097
17 8 1.1073459686368643
18 8 1.8004931491968095
19 8 0.19105523676270922
20 8 0.06589209380870312
22 8 1.8004931491968095
23 8 -0.14541699985850381
24 8 -1.8104247634474147
0 9 -0.8898574748059997
1 9 -0.6021754023542187
3 9 0.3629054936893683
4 9 0.044451762570833796
11 9 1.4008931605410433
12 9 0.20366574435463874
15 9 0.13976194237515863
19 9 1.9315214116032138
20 9 0.3022808718729335
21 9 0.13976194237515863
23 9 0.4964368863138909
24 9 -0.4754236967150748
15 10 2.4423470353692043
19 10 3.1354942159291497
21 10 2.4423470353692043
0 11 -1.42048572586817
1 11 -0.034191364748279426
4 11 0.7665864800040314
9 11 0.3022808718729335
11 11 -0.9214945597491822
12 11 0.8626215601663048
16 11 -1.1328036534163892
20 11 0.870264909478873
23 11 0.4766342590177114
24 11 -1.0060519477772452
0 12 -1.6783148351702697
1 12 0.3439682926696176
3 12 -1.5241641553430112
4 12 0.9299708357782354
8 12 -0.4432514437743026
9 12 0.5552773863368247
11 12 -1.1793236690512818
12 12 0.48155981044025686
13 12 -1.406381119686628
15 12 0.44991687067899816
19 12 0.04445176257083401
20 12 0.9801605803020905
21 12 -1.0541605260972757
23 12 0.07570430607493844
24 12 -0.9761989846275638
1 13 -0.2920204740503791
4 13 0.865432314640664
8 13 -0.5974021236015612
9 13 0.7375989431307791
11 13 -1.1793236690512818
12 13 1.024646296424469
15 13 -0.6486954179891115
20 13 0.7665864800040314
23 13 -0.6974855821585435
24 13 -1.9570282376392902
12 14 1.2534878688533164
13 14 1.6846613336716878
4 15 0.044451762570833796
12 15 0.0495150645273805
13 15 1.1738357099056973
15 15 0.13976194237515863
16 15 0.09097177820572659
20 15 -0.39086630868701183
21 15 1.7491998548092589
23 15 1.0072625100798818
24 15 -0.4754236967150748
0 16 -1.6783148351702697
1 16 -0.004338401598598242
4 16 0.17228513408071863
5 16 1.6538896750049341
6 16 1.6538896750049341
8 16 -1.2905493041615064
9 16 -0.6486954179891115
10 16 1.6538896750049341
12 16 0.4650305084890464
13 16 1.3662076025531533
15 16 0.044451762570833796
16 16 -1.390632762718489
20 16 -0.48617648849133654
21 16 1.1430640512389436
23 16 -0.6974855821585435
24 16 -1.9570282376392902
12 17 0.5603406882933711
13 17 1.6846613336716878
14 17 4.051784947803305
13 18 1.6846613336716878
16 18 1.7004096906398272
22 18 4.74493212836325
15 19 1.5260563034950492
16 19 0.784118958765672
21 19 1.5260563034950492
23 19 1.7004096906398272
24 19 0.9108706644048158
12 20 -1.5797254752028995
13 20 0.2377423507353624
15 20 1.2185716037470886
16 20 0.6589558158116658
20 20 -0.9214945597491822
21 20 0.3022808718729335
23 20 1.5062536761988696
24 20 1.1340142157190256
5 21 1.7491998548092589
6 21 2.4423470353692043
10 21 2.4423470353692043
12 21 -1.0490972241407293
13 21 0.7683706017975328
15 21 1.5260563034950492
16 21 0.784118958765672
19 21 0.8329091229351039
21 21 0.13976194237515863
23 21 1.1895840668738362
24 21 0.44086703515908027
4 22 1.6538896750049341
13 22 1.6846613336716878
16 22 1.7004096906398272
1 23 -1.3441127470835958
5 23 1.7004096906398272
12 23 -1.3855694607619422
13 23 0.5860490450035782
16 23 1.363937454018614
21 23 0.49643688631389105
24 23 1.5552276807953291
0 24 -2.1981902944561784
1 24 -1.9105082220043974
2 24 1.8271613962789708
4 24 -1.2638810570793448
5 24 0.44086703515908027
6 24 1.1340142157190256
7 24 2.2326265043871354
12 24 -0.9711356826710175
13 24 0.8463321432672447
15 24 -0.4754236967150748
16 24 1.4567876079820765
21 24 0.7773392717802934
23 24 -1.2173610414444522
24 24 1.1066152415309112
