0 0 0.13476430627050137
3 0 0.15113128373470677
4 0 -0.2543338243734576
5 0 -3.026922546613239
0 1 0.15113128373470658
0 2 -0.2543338243734576
1 2 3.866328046166016
4 3 3.866328046166016
5 3 2.4800336850461258
5 4 2.8854987931542904
0 5 -3.026922546613239
1 5 2.3746731693882994
2 5 2.4800336850461258
5 5 2.149791998175549
6 5 0.3205494356927535
7 5 2.4800336850461258
9 5 2.8595233067510297
10 5 2.4800336850461258
11 5 0.6237356946804996
1 6 1.994525869264425
2 6 3.3808202303843156
5 6 2.554141657199848
9 6 1.0390144242369885
5 7 2.4800336850461258
6 7 3.6039637816985253
2 8 2.256890133731916
5 8 2.3746731693882994
6 8 3.6039637816985253
5 9 0.3205494356927535
6 9 2.1376267129050985
7 9 3.6039637816985253
10 9 3.6039637816985253
11 9 3.1339601524527896
11 10 3.8017895250284455
5 11 0.6237356946804996
6 11 3.1339601524527896
8 11 3.8017895250284455
11 11 2.8209602720167193
