0 0 4.434312083771956
0 1 1.25625825342401
1 1 3.353764802501485
2 2 5.070300850491952
25 2 5.070300850491952
2 3 2.672405577693582
3 3 4.66895945956765
4 3 1.4486301460714663
2 4 2.7479131302017272
3 4 1.630951702865421
4 4 3.2610889313126714
4 5 1.3207967745615814
5 5 4.416374383085288
6 6 4.417645031286744
7 6 3.771017866361692
9 6 2.567045062035756
6 7 3.771017866361692
7 7 5.070300850491952
8 8 4.474317418385655
12 8 1.795254754156697
5 9 2.256890133731916
9 9 4.166432638616355
6 10 2.2305728254145425
10 10 3.861212945499246
8 11 1.9894107685976543
11 11 3.861212945499246
1 12 0.5631110728640647
12 12 3.680540281395576
10 13 1.8558793759731318
13 13 4.361405312963868
13 14 1.4268837704547734
14 14 3.4340046505549835
16 14 2.120030951014719
14 15 0.07233810764946326
15 15 3.7668468488443536
16 15 2.447243862223135
14 16 2.8131781315746642
16 16 5.188083886148336
15 17 1.1593895739164968
17 17 3.828770633859553
17 18 1.4153229480536973
18 18 4.002460220490597
11 19 3.5298558095448036
19 19 5.070300850491952
18 20 1.5245222400186893
20 20 3.9293861821331535
21 21 3.334032433316977
22 21 1.1784805523813258
20 22 1.8122043124704705
21 22 1.1784805523813258
22 22 4.125839241651101
22 23 1.332631232208584
23 23 3.429772350987821
24 23 3.124390701436639
23 24 3.124390701436639
24 24 5.070300850491952
19 25 5.070300850491952
25 25 5.070300850491952
26 26 3.861212945499246
27 26 0.6772243796314859
23 27 -1.5200001977047335
26 27 0.6772243796314857
27 27 3.236239001573208
32 27 3.3162817092467445
33 27 0.1382278788987987
27 28 3.1339601524527896
28 28 4.782618778040171
30 29 3.900229597841698
29 30 3.900229597841698
30 30 3.791030305876706
33 30 1.820788056161862
30 31 2.2907916854075974
31 31 4.741796783519916
23 32 3.124390701436639
33 32 3.396324416920281
23 33 0.7572670873050223
27 33 -0.5549193016611466
28 33 4.3126151487944355
33 33 4.287297340810146
34 34 5.147261891628081
35 34 2.439211690525871
34 35 2.439211690525871
35 35 3.2721208134609747
36 35 3.173180865606071
37 35 0.6474522212978158
36 36 4.782618778040171
37 36 5.475765958600117
37 37 5.147261891628081
38 37 5.6580875153940715
39 37 5.252622407285907
41 37 0.8705957726120255
39 38 6.168913139160062
41 38 3.173180865606071
41 39 3.5786459737142358
31 40 2.0745685769379616
40 40 3.6268480755321133
40 41 0.6882742158180708
41 41 3.5273526793266847
42 42 5.188083886148336
43 42 2.767715757497907
42 43 2.767715757497907
43 43 3.3677725149918403
47 43 2.767715757497907
43 44 0.28280910770990636
44 44 3.353764802501485
44 45 3.2140028601263264
45 45 4.782618778040171
35 46 0.2874494872664088
46 46 3.4586972631453547
46 47 2.8131781315746642
47 47 5.188083886148336
48 48 5.070300850491952
49 48 2.9702400216093805
48 49 2.9702400216093805
49 49 3.2905473213772383
51 49 2.9702400216093805
49 50 0.04350061954234105
50 50 3.1680657649393007
52 50 1.4504142678649676
51 51 5.070300850491952
52 51 4.377153669932007
50 52 1.4504142678649676
52 52 4.377153669932007
53 52 4.782618778040171
54 52 2.384723505241801
54 53 4.869630155029801
44 54 -0.10018314454619937
45 54 4.6873085982358464
54 54 4.66895945956765
50 55 0.2977347579265821
55 55 3.57587204683151
55 56 0.33410240209745695
56 56 3.2408010532810505
56 57 0.33410240209745695
57 57 3.57587204683151
57 58 1.5504977264219502
58 58 4.361405312963868
58 59 1.8558793759731318
59 59 3.861212945499246
60 60 3.708497509380358
62 60 1.3286708309924873
59 61 3.7529993608590133
61 61 4.782618778040171
59 62 -0.29878558694429136
60 62 1.3286708309924873
61 62 3.9497096551050674
62 62 3.940975975136313
62 63 0.9539773815510765
63 63 3.353764802501485
63 64 1.3814213963780162
64 64 4.5594752267259615
