0 0 0.2423497737785893
3 0 0.2748201588093733
5 0 -0.31296650609274573
6 0 -2.851940377151022
0 1 0.2748201588093733
0 2 -0.31296650609274573
1 2 3.1306515914533617
2 2 1.3388921222253065
4 2 3.1306515914533617
5 2 1.3388921222253065
5 3 3.1306515914533617
6 3 1.9779720815149762
1 4 3.312973148247316
2 4 3.1306515914533617
5 4 3.1306515914533617
0 5 -2.6155515990867917
1 5 1.5212136790192612
2 5 1.3388921222253065
6 5 2.201115632829186
0 6 -3.0750839284652316
1 6 1.6212971375762437
2 6 1.7956505247210215
4 6 1.9779720815149762
5 6 -0.5069345682730241
6 6 1.7415833034507457
9 6 2.3834371896231406
10 6 1.9779720815149762
11 6 0.0038910554929665006
1 7 1.7035352358132159
2 7 2.907508040139152
6 7 1.9779720815149762
2 8 1.5212136790192612
6 8 1.8726115658571498
7 8 3.312973148247316
10 9 3.312973148247316
11 9 2.725186483345197
11 10 3.1306515914533617
6 11 0.0038910554929665006
7 11 2.725186483345197
8 11 3.1306515914533617
11 11 2.319721375237033
