0 0 3.5084311417016623
4 0 4.33510971488613
5 0 4.1274703501078855
11 0 4.33510971488613
12 0 4.33510971488613
135 0 1.9372144420877595
139 0 2.948815353766239
1 1 3.3542804618744038
2 1 3.6419625343261846
3 1 2.948815353766239
6 1 3.6419625343261846
7 1 4.165210678090732
8 1 3.6960297555964603
1 2 3.6419625343261846
7 2 4.33510971488613
8 2 3.747323049984011
1 3 4.047427642434349
2 3 4.33510971488613
3 3 3.3542804618744038
7 3 4.047427642434349
8 3 3.3906481060452784
4 4 3.2364974262180204
5 4 4.2480983378965
11 4 3.2364974262180204
12 4 3.2364974262180204
134 4 3.6419625343261846
135 4 3.8343344269736406
139 4 4.33510971488613
165 4 3.2364974262180204
4 5 1.8502030650981298
5 5 3.3542804618744038
12 5 1.8502030650981298
128 5 4.047427642434349
134 5 3.8651060856403943
135 5 4.106268142457282
138 5 3.6419625343261846
139 5 4.33510971488613
165 5 4.047427642434349
0 6 4.33510971488613
4 6 3.2364974262180204
8 6 3.2364974262180204
11 6 4.33510971488613
12 6 3.929644606777966
0 7 3.759745569982568
4 7 1.1570558845381844
6 7 4.33510971488613
7 7 3.5084311417016623
8 7 3.819643711563637
12 7 2.543350245658075
0 8 3.929644606777966
1 8 1.8502030650981298
2 8 2.1378851375499104
3 8 2.1378851375499104
4 8 2.9851829979371143
5 8 1.4447379569899652
6 8 3.747323049984011
7 8 3.3165401338915568
8 8 3.3079563902001654
11 8 3.2364974262180204
12 8 2.9851829979371143
10 9 4.33510971488613
48 9 4.33510971488613
51 9 3.998637478264917
54 9 3.6419625343261846
55 9 4.047427642434349
1 10 4.33510971488613
2 10 4.33510971488613
3 10 4.33510971488613
7 10 2.2556681732062938
8 10 2.831032318109856
49 10 4.33510971488613
54 10 3.6419625343261846
55 10 2.948815353766239
4 11 3.929644606777966
5 11 4.33510971488613
12 11 3.2364974262180204
134 11 3.6419625343261846
135 11 3.7289739113158142
139 11 4.33510971488613
4 12 3.929644606777966
5 12 4.2480983378965
11 12 3.929644606777966
12 12 3.2364974262180204
134 12 3.2364974262180204
135 12 3.671815497475866
139 12 4.33510971488613
165 12 3.2364974262180204
13 13 2.948815353766239
14 13 4.047427642434349
15 13 3.6419625343261846
16 13 3.929644606777966
17 13 3.6419625343261846
18 13 3.9784347709473975
19 13 3.6419625343261846
20 13 3.6419625343261846
22 13 3.6419625343261846
33 13 3.6419625343261846
34 13 2.543350245658075
35 13 3.6419625343261846
37 13 2.543350245658075
38 13 3.6419625343261846
39 13 1.6960523852708713
13 14 2.948815353766239
14 14 2.948815353766239
15 14 3.6419625343261846
16 14 4.152788158092175
17 14 3.6419625343261846
18 14 3.824284091120139
20 14 3.6419625343261846
22 14 4.33510971488613
33 14 3.6419625343261846
34 14 2.543350245658075
35 14 3.8651060856403943
37 14 2.543350245658075
38 14 3.6419625343261846
39 14 2.3891995658308165
13 15 3.6419625343261846
14 15 3.6419625343261846
16 15 4.33510971488613
18 15 3.824284091120139
20 15 4.33510971488613
22 15 4.33510971488613
33 15 4.33510971488613
35 15 3.6419625343261846
37 15 3.2364974262180204
13 16 2.543350245658075
14 16 2.543350245658075
16 16 3.2364974262180204
18 16 3.0133538749038107
22 16 4.33510971488613
33 16 4.33510971488613
34 16 3.929644606777966
35 16 4.33510971488613
37 16 3.2364974262180204
38 16 3.929644606777966
39 16 3.2364974262180204
13 17 3.6419625343261846
14 17 3.6419625343261846
15 17 4.33510971488613
16 17 4.33510971488613
18 17 4.11196616357192
20 17 4.33510971488613
22 17 4.33510971488613
33 17 4.33510971488613
35 17 2.948815353766239
13 18 3.131136910560194
14 18 3.418818983011975
15 18 3.418818983011975
16 18 4.024954786582291
17 18 2.7256718024520294
18 18 3.418818983011975
20 18 3.418818983011975
22 18 4.33510971488613
33 18 4.11196616357192
34 18 3.418818983011975
35 18 3.904326798793676
37 18 3.0133538749038107
38 18 3.418818983011975
39 18 2.5715211226247714
13 19 3.6419625343261846
14 19 4.33510971488613
15 19 4.33510971488613
16 19 4.33510971488613
17 19 4.33510971488613
18 19 4.33510971488613
20 19 4.33510971488613
13 20 3.6419625343261846
14 20 3.6419625343261846
16 20 4.33510971488613
18 20 3.824284091120139
20 20 2.948815353766239
22 20 4.33510971488613
33 20 4.33510971488613
34 20 2.543350245658075
35 20 4.047427642434349
37 20 3.2364974262180204
21 21 3.2364974262180204
24 21 4.33510971488613
25 21 3.2364974262180204
26 21 3.6419625343261846
27 21 4.33510971488613
30 21 3.6419625343261846
129 21 2.6768816382825977
157 21 4.083795286605224
158 21 3.054175869424066
195 21 2.543350245658075
33 22 4.33510971488613
34 22 4.33510971488613
35 22 4.33510971488613
36 22 3.6419625343261846
37 22 3.2364974262180204
38 22 4.33510971488613
39 22 3.7754939269507073
21 23 4.33510971488613
24 23 4.33510971488613
25 23 3.929644606777966
26 23 3.6419625343261846
27 23 4.33510971488613
28 23 4.33510971488613
30 23 3.6419625343261846
157 23 3.2364974262180204
129 24 3.998637478264917
157 24 4.33510971488613
158 24 4.33510971488613
195 24 2.948815353766239
21 25 3.2364974262180204
24 25 3.929644606777966
25 25 2.6975009254853335
26 25 3.054175869424066
27 25 3.929644606777966
29 25 1.8502030650981298
30 25 3.6419625343261846
31 25 2.543350245658075
32 25 2.543350245658075
129 25 2.543350245658075
157 25 3.3906481060452784
158 25 3.054175869424066
185 25 2.543350245658075
187 25 2.543350245658075
188 25 2.1378851375499104
194 25 2.543350245658075
195 25 3.1029660335934977
198 25 0.3461256683218556
199 25 1.9837344577226523
236 25 2.543350245658075
237 25 2.543350245658075
240 25 2.948815353766239
21 26 3.2364974262180204
23 26 3.2364974262180204
24 26 3.929644606777966
25 26 3.2364974262180204
26 26 3.054175869424066
27 26 4.152788158092175
28 26 3.2364974262180204
30 26 3.6419625343261846
31 26 2.543350245658075
32 26 2.543350245658075
129 26 2.995335369401132
157 26 3.6419625343261846
158 26 2.6975009254853335
185 26 2.543350245658075
188 26 1.4447379569899652
195 26 2.7664937969722847
199 26 1.2905872771627072
237 26 2.543350245658075
240 26 1.8502030650981298
24 27 4.33510971488613
129 27 3.998637478264917
157 27 4.33510971488613
158 27 4.152788158092175
195 27 2.948815353766239
21 28 4.33510971488613
24 28 4.33510971488613
25 28 3.929644606777966
26 28 3.6419625343261846
27 28 4.33510971488613
30 28 3.6419625343261846
157 28 3.2364974262180204
158 28 2.543350245658075
21 29 3.6419625343261846
23 29 3.6419625343261846
25 29 3.45964097753223
26 29 3.6419625343261846
28 29 3.6419625343261846
30 29 3.6419625343261846
31 29 3.6419625343261846
32 29 3.6419625343261846
187 29 3.6419625343261846
188 29 2.543350245658075
195 29 2.2556681732062938
199 29 2.3891995658308165
240 29 3.6419625343261846
24 30 3.6419625343261846
27 30 3.6419625343261846
129 30 3.305490297704972
157 30 3.6419625343261846
158 30 3.2364974262180204
185 30 3.6419625343261846
194 30 3.6419625343261846
195 30 3.6419625343261846
198 30 1.4447379569899652
199 30 3.305490297704972
236 30 3.6419625343261846
237 30 3.6419625343261846
241 30 3.6419625343261846
25 31 2.543350245658075
30 31 3.6419625343261846
31 31 3.3542804618744038
185 31 4.33510971488613
188 31 3.2364974262180204
194 31 2.948815353766239
195 31 4.047427642434349
198 31 1.8502030650981298
199 31 3.4878118544989265
236 31 2.948815353766239
237 31 4.33510971488613
240 31 3.6419625343261846
25 32 2.543350245658075
30 32 3.6419625343261846
31 32 4.33510971488613
185 32 4.33510971488613
188 32 3.2364974262180204
195 32 4.047427642434349
199 32 3.082346746390762
237 32 4.33510971488613
240 32 3.6419625343261846
34 33 4.33510971488613
35 33 4.047427642434349
36 33 3.6419625343261846
37 33 3.2364974262180204
38 33 4.33510971488613
39 33 4.180959035058872
34 34 3.2364974262180204
35 34 1.8502030650981298
36 34 4.152788158092175
38 34 3.2364974262180204
39 34 4.063175999402488
65 34 3.4083476831446795
33 35 2.948815353766239
34 35 4.248098337896501
35 35 3.3542804618744038
36 35 3.6419625343261846
37 35 1.8502030650981298
38 35 4.33510971488613
39 35 4.261001742732408
65 35 2.1221367805817715
36 36 2.948815353766239
39 36 2.794664673938981
65 36 3.3542804618744038
67 36 3.2364974262180204
68 36 3.6419625343261846
69 36 3.796113214153443
70 36 4.33510971488613
34 37 3.2364974262180204
35 37 2.948815353766239
36 37 2.543350245658075
37 37 2.1378851375499104
38 37 3.2364974262180204
39 37 3.2364974262180204
62 37 3.32350880320765
63 37 3.45964097753223
34 38 3.929644606777966
36 38 3.6419625343261846
39 38 4.180959035058872
65 38 3.3542804618744038
34 39 2.9000251895968074
36 39 3.8932769626070907
38 39 2.3891995658308165
39 39 3.4878118544989265
65 39 3.6419625343261846
69 39 2.9000251895968074
70 39 3.4878118544989265
40 40 3.3542804618744038
41 40 1.5625209926463486
45 40 4.33510971488613
47 40 3.824284091120139
53 40 4.33510971488613
74 40 4.33510971488613
75 40 3.8651060856403943
77 40 3.6419625343261846
81 40 4.33510971488613
85 40 4.33510971488613
86 40 4.33510971488613
40 41 4.270571193748559
41 41 3.3542804618744038
45 41 4.33510971488613
47 41 3.824284091120139
53 41 4.33510971488613
74 41 4.047427642434349
75 41 2.948815353766239
77 41 1.8502030650981298
81 41 4.33510971488613
85 41 4.33510971488613
86 41 4.33510971488613
9 42 4.33510971488613
42 42 3.2364974262180204
48 42 4.33510971488613
50 42 4.33510971488613
51 42 3.4878118544989265
52 42 4.33510971488613
54 42 2.543350245658075
55 42 3.929644606777966
40 43 4.28381642049858
41 43 4.33510971488613
43 43 3.418818983011975
44 43 4.33510971488613
45 43 3.8242840911201395
46 43 4.33510971488613
47 43 3.5141291628163
81 43 3.418818983011975
40 44 4.33510971488613
41 44 4.33510971488613
45 44 4.33510971488613
47 44 3.824284091120139
53 44 4.33510971488613
81 44 4.33510971488613
85 44 4.33510971488613
47 45 3.824284091120139
53 45 4.33510971488613
74 45 4.33510971488613
75 45 4.33510971488613
77 45 4.152788158092175
81 45 4.33510971488613
85 45 4.33510971488613
86 45 4.33510971488613
40 46 4.33510971488613
41 46 4.33510971488613
44 46 4.33510971488613
45 46 4.33510971488613
47 46 4.11196616357192
81 46 4.33510971488613
40 47 3.418818983011975
41 47 3.418818983011975
42 47 2.3202066943438653
44 47 3.418818983011975
45 47 3.418818983011975
47 47 3.313458467354149
53 47 4.11196616357192
74 47 3.8242840911201395
75 47 3.8242840911201395
77 47 3.7671256772801907
80 47 3.8242840911201395
81 47 3.418818983011975
85 47 3.8242840911201395
86 47 3.8242840911201395
1 48 2.4379897300002487
3 48 1.339377441332139
8 48 1.2215944056757555
10 48 4.33510971488613
48 48 3.418818983011975
49 48 4.11196616357192
51 48 3.7754939269507073
54 48 4.33510971488613
55 48 4.33510971488613
1 49 4.33510971488613
2 49 4.33510971488613
3 49 4.33510971488613
7 49 3.3542804618744038
8 49 3.2364974262180204
9 50 4.33510971488613
48 50 4.33510971488613
51 50 3.7754939269507073
52 50 4.33510971488613
54 50 3.6419625343261846
55 50 4.047427642434349
1 51 3.567854562172463
2 51 3.7754939269507073
3 51 3.7754939269507073
8 51 1.8014129009286977
9 51 3.082346746390762
10 51 3.998637478264917
48 51 3.4878118544989265
49 51 3.7754939269507073
50 51 3.082346746390762
51 51 3.2158781390152846
52 51 3.082346746390762
54 51 3.7754939269507073
55 51 3.567854562172463
9 52 4.33510971488613
48 52 4.33510971488613
51 52 3.998637478264917
54 52 3.6419625343261846
55 52 4.047427642434349
42 53 3.2364974262180204
47 53 2.7256718024520294
74 53 4.33510971488613
75 53 4.33510971488613
77 53 4.33510971488613
80 53 4.33510971488613
85 53 4.33510971488613
86 53 4.33510971488613
1 54 4.047427642434349
2 54 3.6419625343261846
3 54 4.33510971488613
7 54 1.5625209926463486
8 54 2.831032318109856
10 54 3.6419625343261846
49 54 4.33510971488613
51 54 3.082346746390762
54 54 2.948815353766239
55 54 2.948815353766239
1 55 3.5084311417016623
2 55 2.948815353766239
3 55 4.1274703501078855
7 55 1.5625209926463486
8 55 2.543350245658075
10 55 4.047427642434349
49 55 4.33510971488613
51 55 3.4878118544989265
54 55 4.047427642434349
55 55 3.3542804618744038
57 56 3.2364974262180204
59 56 4.11196616357192
60 56 3.849601899104429
56 57 2.831032318109856
57 57 3.2364974262180204
59 57 2.607888766795646
60 57 3.5047614128127
166 57 3.747323049984011
171 57 3.6783301784970597
172 57 3.524179498669801
175 57 3.524179498669801
188 57 1.0392728488818008
198 57 1.5500984726477915
208 57 3.524179498669801
209 57 3.929644606777966
243 57 1.914741586235701
56 58 4.33510971488613
57 58 3.524179498669801
59 58 4.33510971488613
60 58 3.3795982698586937
56 59 2.7256718024520294
57 59 3.860651735291014
59 59 3.418818983011975
60 59 3.7442413834466026
56 60 1.7701603574245932
57 60 3.4015771765774687
59 60 2.4633075379845386
60 60 3.3795982698586937
166 60 3.849601899104429
171 60 3.6672803423104745
172 60 3.7160705064799067
175 60 3.1564547185444836
198 60 1.8755208730824193
208 60 3.849601899104429
209 60 3.849601899104429
243 60 2.240163986670329
61 61 3.2364974262180204
62 61 2.918043695099486
64 61 3.8555366346242437
108 61 3.1623894540642983
61 62 3.5127508028461785
62 62 3.2092706135178064
63 62 3.1536097664122527
64 62 3.4412918388640334
108 62 2.59399397847683
61 63 3.45964097753223
62 63 3.52133454653757
63 63 3.171958905080449
64 63 3.400800477509297
61 64 3.370028818842543
62 64 2.556253650493983
64 64 3.333661174671668
104 64 2.3891995658308165
108 64 3.7013859547969856
36 65 2.815283961141717
37 65 3.1029660335934977
62 65 2.2326786549815956
63 65 2.7411759889879947
65 65 2.867469714312287
66 65 2.815283961141717
67 65 2.948815353766239
68 65 3.2364974262180204
69 65 3.7410534369704154
70 65 3.759745569982568
37 66 3.929644606777966
62 66 2.993267116337073
63 66 3.6419625343261846
65 66 2.884276832628668
66 66 3.3542804618744038
37 67 3.747323049984011
62 67 0.8386021534196499
63 67 1.8502030650981298
65 67 3.45964097753223
66 67 4.33510971488613
67 67 3.2364974262180204
68 67 2.831032318109856
37 68 2.831032318109856
63 68 1.8502030650981298
65 68 3.45964097753223
66 68 4.33510971488613
67 68 4.083795286605224
68 68 3.2364974262180204
65 69 2.948815353766239
66 69 3.796113214153443
67 69 4.33510971488613
68 69 4.33510971488613
69 69 3.45964097753223
70 69 2.543350245658075
65 70 2.2556681732062938
66 70 3.6419625343261846
67 70 4.33510971488613
68 70 4.33510971488613
69 70 4.152788158092175
43 71 4.229749199228304
71 71 2.948815353766239
72 71 4.33510971488613
78 71 4.33510971488613
79 71 4.33510971488613
84 71 4.33510971488613
43 72 4.33510971488613
46 72 4.33510971488613
78 72 4.33510971488613
79 72 4.33510971488613
84 72 4.33510971488613
43 73 3.824284091120139
71 73 4.33510971488613
72 73 4.33510971488613
78 73 4.33510971488613
79 73 4.33510971488613
84 73 4.33510971488613
42 74 4.33510971488613
51 74 3.082346746390762
75 74 4.33510971488613
77 74 4.33510971488613
80 74 4.33510971488613
9 75 3.6419625343261846
42 75 4.33510971488613
48 75 2.7256718024520294
50 75 4.33510971488613
51 75 3.305490297704972
52 75 3.6419625343261846
75 75 2.948815353766239
77 75 3.929644606777966
80 75 4.33510971488613
71 76 4.33510971488613
72 76 4.33510971488613
73 76 4.33510971488613
78 76 4.11196616357192
79 76 4.33510971488613
82 76 4.33510971488613
83 76 4.33510971488613
9 77 4.152788158092175
42 77 4.33510971488613
48 77 3.131136910560194
50 77 4.33510971488613
51 77 3.370028818842543
52 77 4.33510971488613
55 77 1.1570558845381844
75 77 3.2364974262180204
77 77 3.45964097753223
80 77 4.152788158092175
40 78 2.0325246218920845
41 78 3.418818983011975
43 78 4.33510971488613
44 78 4.11196616357192
46 78 4.33510971488613
47 78 3.418818983011975
78 78 3.418818983011975
79 78 3.131136910560194
84 78 4.11196616357192
41 79 2.948815353766239
43 79 4.33510971488613
44 79 3.6419625343261846
46 79 4.33510971488613
47 79 3.131136910560194
78 79 3.9784347709473975
79 79 2.948815353766239
84 79 4.33510971488613
9 80 4.33510971488613
42 80 4.33510971488613
48 80 4.229749199228304
50 80 4.33510971488613
51 80 3.4878118544989265
52 80 4.33510971488613
77 80 2.543350245658075
80 80 2.948815353766239
47 81 3.824284091120139
53 81 4.33510971488613
74 81 4.33510971488613
75 81 4.33510971488613
77 81 4.152788158092175
80 81 3.6419625343261846
85 81 4.33510971488613
86 81 4.33510971488613
43 82 2.3202066943438653
71 82 4.33510971488613
72 82 4.33510971488613
73 82 4.33510971488613
78 82 4.266116843399178
79 82 4.33510971488613
82 82 3.2364974262180204
83 82 3.6419625343261846
84 82 4.152788158092175
43 83 2.0325246218920845
71 83 4.33510971488613
72 83 4.33510971488613
73 83 4.33510971488613
78 83 4.229749199228304
79 83 4.33510971488613
82 83 3.6419625343261846
83 83 2.948815353766239
84 83 4.33510971488613
40 84 2.948815353766239
41 84 4.201578322261607
43 84 4.33510971488613
44 84 4.33510971488613
46 84 4.33510971488613
47 84 3.418818983011975
78 84 2.7256718024520294
84 84 2.948815353766239
42 85 4.33510971488613
74 85 4.33510971488613
75 85 4.33510971488613
77 85 4.33510971488613
80 85 4.33510971488613
86 85 4.33510971488613
42 86 4.33510971488613
51 86 2.3891995658308165
74 86 4.33510971488613
75 86 4.33510971488613
77 86 4.33510971488613
80 86 4.33510971488613
87 87 3.45964097753223
88 87 3.6419625343261846
91 87 4.33510971488613
92 87 4.33510971488613
93 87 3.2364974262180204
94 87 3.851683065308254
87 88 3.6419625343261846
88 88 3.3542804618744038
91 88 4.33510971488613
92 88 4.201578322261607
93 88 2.948815353766239
94 88 3.904326798793676
71 89 4.33510971488613
72 89 4.33510971488613
73 89 4.33510971488613
76 89 4.33510971488613
78 89 3.824284091120139
79 89 3.6419625343261846
82 89 4.33510971488613
83 89 4.33510971488613
90 89 4.33510971488613
71 90 4.33510971488613
72 90 4.33510971488613
73 90 4.33510971488613
76 90 4.33510971488613
78 90 3.824284091120139
79 90 4.33510971488613
82 90 4.33510971488613
83 90 4.33510971488613
76 91 4.33510971488613
82 91 3.6419625343261846
83 91 2.948815353766239
89 91 4.33510971488613
90 91 4.33510971488613
91 91 2.948815353766239
92 91 4.047427642434349
93 91 4.33510971488613
94 91 3.9784347709473975
76 92 4.33510971488613
82 92 3.6419625343261846
83 92 4.047427642434349
89 92 4.33510971488613
90 92 4.33510971488613
91 92 2.948815353766239
92 92 2.948815353766239
93 92 4.33510971488613
94 92 3.9784347709473975
71 93 4.33510971488613
72 93 4.33510971488613
73 93 4.33510971488613
76 93 4.33510971488613
79 93 3.6419625343261846
82 93 4.33510971488613
83 93 4.33510971488613
89 93 4.33510971488613
90 93 4.33510971488613
94 93 2.7256718024520294
71 94 3.536602018668358
72 94 3.131136910560194
73 94 3.8242840911201395
76 94 4.11196616357192
78 94 1.5216989981260935
79 94 2.0325246218920845
82 94 3.9784347709473975
83 94 3.9784347709473975
89 94 4.33510971488613
90 94 4.229749199228304
91 94 3.131136910560194
92 94 3.131136910560194
93 94 4.11196616357192
94 94 3.5366020186683587
87 95 2.6768816382825977
88 95 2.1015174933790357
95 95 3.439021690329495
96 95 3.524179498669801
119 95 3.998637478264917
136 95 3.998637478264917
137 95 3.8932769626070907
87 96 1.9555635807559562
88 96 1.8502030650981298
95 96 3.747323049984011
96 96 3.524179498669801
119 96 4.083795286605224
136 96 4.083795286605224
137 96 3.796113214153443
56 97 4.33510971488613
57 97 2.831032318109856
58 97 4.33510971488613
59 97 4.02495478658229
60 97 2.7509896104363194
97 97 3.2364974262180204
98 97 4.2480983378965
56 98 4.33510971488613
57 98 3.1494860492283907
58 98 4.33510971488613
59 98 4.28381642049858
60 98 3.091916197406913
97 98 1.8502030650981298
98 98 3.3542804618744038
99 99 3.2364974262180204
100 99 3.747323049984011
101 99 4.33510971488613
107 99 4.33510971488613
110 99 4.33510971488613
111 99 4.33510971488613
142 99 4.33510971488613
143 99 4.33510971488613
145 99 1.914741586235701
147 99 4.33510971488613
99 100 3.524179498669801
100 100 3.2364974262180204
101 100 4.33510971488613
107 100 4.33510971488613
110 100 4.33510971488613
111 100 4.33510971488613
142 100 4.33510971488613
143 100 3.929644606777966
145 100 2.3202066943438653
147 100 4.33510971488613
107 101 4.33510971488613
110 101 4.33510971488613
111 101 4.33510971488613
142 101 4.33510971488613
143 101 4.33510971488613
145 101 3.2364974262180204
147 101 4.33510971488613
99 102 4.33510971488613
100 102 4.33510971488613
101 102 4.33510971488613
102 102 2.948815353766239
103 102 3.6419625343261846
105 102 2.948815353766239
106 102 3.6419625343261846
107 102 3.6419625343261846
109 102 4.33510971488613
110 102 3.418818983011975
111 102 4.33510971488613
112 102 4.33510971488613
99 103 4.33510971488613
100 103 4.33510971488613
101 103 4.33510971488613
102 103 3.6419625343261846
106 103 4.33510971488613
107 103 4.33510971488613
109 103 4.33510971488613
110 103 3.418818983011975
111 103 4.33510971488613
112 103 4.33510971488613
99 104 4.33510971488613
100 104 3.929644606777966
102 104 4.33510971488613
103 104 4.33510971488613
105 104 4.33510971488613
106 104 4.33510971488613
109 104 4.33510971488613
112 104 4.33510971488613
99 105 4.33510971488613
100 105 4.33510971488613
101 105 4.047427642434349
102 105 4.047427642434349
103 105 4.33510971488613
105 105 3.3542804618744038
106 105 4.33510971488613
107 105 2.948815353766239
109 105 4.33510971488613
110 105 2.0325246218920845
111 105 3.6419625343261846
112 105 4.33510971488613
99 106 4.33510971488613
100 106 4.33510971488613
101 106 4.33510971488613
102 106 3.6419625343261846
107 106 4.33510971488613
109 106 4.33510971488613
110 106 3.824284091120139
111 106 4.33510971488613
112 106 4.33510971488613
110 107 4.11196616357192
142 107 4.33510971488613
143 107 4.33510971488613
145 107 3.7065010554637556
147 107 4.33510971488613
99 108 2.206878009036862
100 108 2.206878009036862
102 108 3.9473441838773664
103 108 3.8932769626070907
104 108 4.33510971488613
105 108 4.180959035058872
106 108 3.7754939269507073
108 108 3.567854562172463
109 108 3.4878118544989265
112 108 3.3054902977049716
99 109 4.33510971488613
100 109 4.33510971488613
101 109 4.33510971488613
107 109 4.33510971488613
110 109 4.33510971488613
111 109 4.33510971488613
112 109 4.33510971488613
107 110 2.7256718024520294
110 110 3.418818983011975
142 110 4.33510971488613
143 110 4.33510971488613
144 110 1.1852267615048808
145 110 3.8462629978389145
147 110 4.33510971488613
107 111 4.33510971488613
110 111 4.33510971488613
142 111 4.33510971488613
143 111 4.33510971488613
145 111 3.418818983011975
147 111 4.33510971488613
99 112 4.33510971488613
100 112 4.33510971488613
101 112 4.33510971488613
107 112 4.33510971488613
110 112 4.33510971488613
111 112 4.33510971488613
147 112 4.33510971488613
95 113 3.082346746390762
96 113 2.831032318109856
116 113 4.33510971488613
127 113 3.6419625343261846
131 114 3.2364974262180204
133 114 4.33510971488613
155 114 4.33510971488613
156 114 4.33510971488613
164 114 4.33510971488613
184 114 3.6419625343261846
186 114 3.6419625343261846
193 114 4.33510971488613
113 115 4.33510971488613
116 115 3.131136910560194
117 115 2.543350245658075
118 115 4.180959035058872
126 115 4.33510971488613
130 115 3.929644606777966
95 116 3.7242006325631567
96 116 3.8957430551022845
116 116 3.5366020186683587
119 116 3.131136910560194
127 116 3.131136910560194
95 117 -0.09570708395718354
96 117 -0.3470215122380897
113 117 3.45964097753223
115 117 4.152788158092175
116 117 2.4920569512705244
117 117 3.45964097753223
118 117 3.796113214153443
126 117 4.152788158092175
127 117 1.8502030650981298
130 117 3.8870849923591697
95 118 1.1364365973354487
96 118 0.8851221690545428
113 118 4.180959035058872
115 118 2.3891995658308165
116 118 4.075598519401046
117 118 2.302188188841187
118 118 3.439021690329495
126 118 2.3891995658308165
127 118 3.4878118544989265
130 118 1.9837344577226523
87 119 2.543350245658075
88 119 2.948815353766239
95 119 3.082346746390762
96 119 2.831032318109856
136 119 4.33510971488613
137 119 4.33510971488613
120 120 3.2364974262180204
121 120 3.929644606777966
148 120 4.33510971488613
149 120 4.33510971488613
183 120 3.929644606777966
246 120 1.4447379569899652
247 120 3.2364974262180204
120 121 3.2364974262180204
121 121 3.418818983011975
148 121 4.33510971488613
149 121 4.33510971488613
183 121 3.929644606777966
246 121 2.543350245658075
247 121 3.2364974262180204
114 122 4.33510971488613
124 122 2.7256718024520294
131 122 3.2364974262180204
133 122 4.33510971488613
155 122 4.33510971488613
156 122 4.33510971488613
164 122 4.33510971488613
184 122 3.6419625343261846
193 122 3.6419625343261846
114 123 4.33510971488613
122 123 4.33510971488613
123 123 2.948815353766239
124 123 3.6419625343261846
125 123 2.948815353766239
127 123 2.948815353766239
131 123 3.2364974262180204
133 123 4.33510971488613
155 123 4.33510971488613
156 123 4.047427642434349
164 123 4.152788158092175
193 123 2.948815353766239
114 124 4.33510971488613
122 124 4.11196616357192
123 124 3.6419625343261846
124 124 3.418818983011975
125 124 3.131136910560194
127 124 3.131136910560194
131 124 3.8242840911201395
133 124 4.33510971488613
155 124 3.8242840911201395
156 124 3.8242840911201395
164 124 3.929644606777966
184 124 2.4379897300002487
186 124 2.0325246218920845
193 124 2.7256718024520294
114 125 4.33510971488613
122 125 4.33510971488613
123 125 4.047427642434349
124 125 3.9784347709473975
125 125 2.948815353766239
127 125 3.6419625343261846
131 125 3.929644606777966
133 125 4.33510971488613
155 125 3.6419625343261846
156 125 2.948815353766239
164 125 3.929644606777966
113 126 4.33510971488613
116 126 3.418818983011975
117 126 2.543350245658075
118 126 4.180959035058872
130 126 3.929644606777966
95 127 3.305490297704972
96 127 3.2364974262180204
114 127 3.6419625343261846
116 127 2.7256718024520294
122 127 3.6419625343261846
123 127 2.948815353766239
124 127 2.7256718024520294
131 127 2.543350245658075
133 127 3.6419625343261846
155 127 3.6419625343261846
156 127 3.6419625343261846
164 127 3.6419625343261846
57 128 2.1378851375499104
58 128 4.33510971488613
59 128 2.7256718024520294
60 128 1.7701603574245932
97 128 4.33510971488613
98 128 4.33510971488613
134 128 3.6419625343261846
135 128 2.6303616226477047
138 128 4.33510971488613
13 129 3.7754939269507073
14 129 3.7754939269507073
15 129 3.7754939269507073
16 129 2.6768816382825977
17 129 4.180959035058872
18 129 3.4878118544989265
19 129 4.180959035058872
20 129 3.4878118544989265
129 129 3.4878118544989265
157 129 1.9837344577226523
158 129 3.5418790757692022
195 129 1.0029052047109261
196 129 3.998637478264917
113 130 3.929644606777966
115 130 3.2364974262180204
116 130 3.331807606022345
117 130 3.2364974262180204
118 130 3.998637478264917
126 130 3.2364974262180204
130 130 3.2364974262180204
114 131 3.929644606777966
122 131 3.929644606777966
123 131 3.929644606777966
124 131 3.418818983011975
125 131 3.2364974262180204
127 131 3.2364974262180204
131 131 3.2364974262180204
133 131 3.929644606777966
155 131 3.929644606777966
156 131 3.6419625343261846
164 131 4.083795286605224
184 131 2.948815353766239
186 131 3.2364974262180204
193 131 3.2364974262180204
114 132 4.33510971488613
122 132 4.33510971488613
123 132 4.33510971488613
124 132 4.33510971488613
125 132 4.33510971488613
127 132 3.6419625343261846
131 132 3.929644606777966
133 132 4.33510971488613
131 133 3.2364974262180204
155 133 4.33510971488613
156 133 4.33510971488613
164 133 4.33510971488613
184 133 3.6419625343261846
186 133 4.33510971488613
193 133 4.33510971488613
56 134 3.6419625343261846
57 134 2.1378851375499104
58 134 3.6419625343261846
59 134 2.0325246218920845
60 134 1.0770131768646478
97 134 4.33510971488613
98 134 3.8651060856403943
128 134 3.6419625343261846
134 134 2.948815353766239
135 134 3.4412918388640334
138 134 3.6419625343261846
165 134 3.6419625343261846
56 135 2.6303616226477047
57 135 1.3494277771856402
58 135 3.32350880320765
59 135 1.7140708907735498
60 135 0.7585594457461133
97 135 4.05747797828785
98 135 3.809016618989351
128 135 4.134439019423978
134 135 3.809016618989351
135 135 3.528303215853663
138 135 4.134439019423978
139 135 2.6303616226477047
165 135 4.0166559837675955
87 136 4.152788158092175
88 136 4.33510971488613
137 136 4.047427642434349
87 137 4.248098337896501
88 137 4.303361016571549
91 137 2.2556681732062938
92 137 1.5625209926463486
94 137 2.4379897300002487
136 137 2.948815353766239
137 137 3.5084311417016623
57 138 2.831032318109856
58 138 4.33510971488613
59 138 2.7256718024520294
60 138 1.7701603574245932
97 138 4.33510971488613
98 138 4.33510971488613
134 138 3.6419625343261846
135 138 2.6303616226477047
97 139 3.2364974262180204
128 139 4.33510971488613
134 139 4.33510971488613
135 139 4.134439019423978
138 139 4.33510971488613
165 139 4.33510971488613
140 140 2.948815353766239
141 140 3.7372727141305093
146 140 3.6419625343261846
233 140 4.33510971488613
234 140 4.33510971488613
281 140 3.6419625343261846
282 140 2.948815353766239
283 140 4.33510971488613
140 141 3.536602018668358
141 141 3.5366020186683587
146 141 3.6419625343261846
233 141 4.229749199228304
234 141 4.33510971488613
281 141 3.7372727141305093
282 141 3.6419625343261846
283 141 3.9784347709473975
315 141 0.9339123332239747
316 141 1.62705951378392
318 141 2.4379897300002487
143 142 4.33510971488613
144 142 2.3891995658308165
145 142 4.11196616357192
144 143 2.3891995658308165
145 143 4.192008871245457
144 144 4.070958139844543
145 144 1.8502030650981298
214 144 4.740574822994295
335 144 4.740574822994295
144 145 3.737388662881292
145 145 3.567854562172463
214 145 2.73012615280141
335 145 2.3246610446932454
140 146 3.6419625343261846
141 146 3.6419625343261846
233 146 4.33510971488613
234 146 4.33510971488613
281 146 4.047427642434349
283 146 4.33510971488613
142 147 4.33510971488613
143 147 4.33510971488613
144 147 2.3891995658308165
145 147 4.02495478658229
149 148 4.047427642434349
183 148 3.929644606777966
246 148 3.2364974262180204
247 148 3.929644606777966
148 149 2.948815353766239
149 149 3.3542804618744038
183 149 3.6419625343261846
246 149 3.4083476831446795
247 149 4.083795286605224
150 150 3.1956754316977656
151 150 3.5831220343032513
152 150 3.755291219633188
153 150 3.8242840911201395
154 150 3.418818983011975
161 150 2.3202066943438653
201 150 1.4729088339566616
202 150 1.62705951378392
206 150 2.7256718024520294
150 151 2.794664673938981
151 151 3.361060148859783
152 151 3.177656926195087
153 151 2.794664673938981
154 151 3.7754939269507073
161 151 2.543350245658075
201 151 2.597954379692927
202 151 2.206878009036862
206 151 3.082346746390762
150 152 3.0621440390732424
151 152 3.6975323854809954
152 152 3.313458467354149
153 152 2.7256718024520294
154 152 3.8242840911201395
161 152 3.0133538749038107
201 152 1.7913625650751965
202 152 1.62705951378392
206 152 2.7256718024520294
150 153 3.418818983011975
151 153 3.6419625343261846
152 153 4.11196616357192
153 153 2.948815353766239
154 153 4.33510971488613
161 153 2.543350245658075
150 154 2.7256718024520294
151 154 3.082346746390762
152 154 2.7256718024520294
161 154 3.2364974262180204
201 154 2.9488153537662396
202 154 3.2364974262180204
156 155 4.047427642434349
164 155 3.2364974262180204
184 155 4.33510971488613
186 155 4.33510971488613
193 155 4.33510971488613
197 155 4.33510971488613
117 156 2.4098188530335523
130 156 1.8502030650981298
155 156 2.948815353766239
156 156 3.3542804618744038
164 156 2.948815353766239
184 156 4.33510971488613
186 156 4.33510971488613
193 156 4.33510971488613
197 156 4.152788158092175
13 157 3.2364974262180204
14 157 2.543350245658075
18 157 2.3202066943438653
19 157 3.929644606777966
129 157 4.1238006212189235
157 157 3.2364974262180204
158 157 4.083795286605224
195 157 1.8502030650981298
196 157 4.33510971488613
13 158 3.6419625343261846
14 158 3.2364974262180204
15 158 3.929644606777966
16 158 2.1378851375499104
17 158 3.929644606777966
18 158 3.2364974262180204
19 158 3.929644606777966
20 158 3.796113214153443
129 158 3.6884825499610776
157 158 2.831032318109856
158 158 3.45964097753223
195 158 1.8502030650981298
196 158 4.33510971488613
160 159 1.244067261527814
161 159 3.2364974262180204
168 159 2.794664673938981
201 159 2.9488153537662396
202 159 3.2364974262180204
203 159 2.948815353766239
204 159 4.33510971488613
159 160 3.1899774105831273
160 160 2.7681453250107575
161 160 2.7845123024749627
162 160 3.1899774105831273
163 160 3.1899774105831273
167 160 1.5317493339795953
168 160 2.8097025513035216
169 160 3.1899774105831273
200 160 1.8036830494632368
201 160 2.0227366155259214
202 160 0.1454549728597046
203 160 2.2556681732062938
204 160 3.1899774105831273
205 160 1.0209237102136044
207 160 2.131370456528717
151 161 1.9837344577226523
160 161 2.0913651219150178
162 161 3.2364974262180204
163 161 3.2364974262180204
167 161 1.7324200294417462
168 161 2.6768816382825977
200 161 1.8502030650981298
201 161 2.469242273504353
202 161 2.831032318109856
203 161 2.543350245658075
206 161 3.2364974262180204
207 161 2.389199565830817
167 162 3.524179498669801
200 162 2.948815353766239
203 162 4.047427642434349
205 162 3.824284091120139
207 162 3.7754939269507073
160 163 2.342679550195924
162 163 4.33510971488613
167 163 2.1378851375499104
168 163 3.082346746390762
200 163 2.948815353766239
203 163 3.6419625343261846
207 163 3.4878118544989265
117 164 1.4447379569899652
155 164 3.929644606777966
156 164 4.047427642434349
164 164 3.2364974262180204
184 164 4.33510971488613
186 164 4.33510971488613
193 164 4.33510971488613
197 164 3.747323049984011
58 165 4.33510971488613
59 165 2.7256718024520294
97 165 4.33510971488613
98 165 4.33510971488613
128 165 4.33510971488613
134 165 3.6419625343261846
135 165 3.035826730755869
138 165 4.33510971488613
171 166 3.929644606777966
172 166 4.33510971488613
175 166 4.33510971488613
188 166 3.2364974262180204
198 166 3.747323049984011
208 166 4.33510971488613
243 166 4.11196616357192
120 167 3.524179498669801
121 167 3.2364974262180204
148 167 2.831032318109856
149 167 2.543350245658075
160 167 1.1262842258714305
161 167 1.0392728488818008
163 167 2.1378851375499104
167 167 3.0317030135720073
168 167 0.8851221690545428
169 167 2.1378851375499104
170 167 3.6960297555964603
183 167 1.7324200294417462
200 167 2.36102868886412
203 167 2.543350245658075
205 167 3.1675045547310687
207 167 3.0251883325508135
159 168 1.6960523852708713
160 168 2.853505173961915
161 168 2.3891995658308165
162 168 3.3054902977049716
163 168 3.3054902977049716
167 168 2.137885137549911
168 168 2.7205567017852594
169 168 3.4878118544989265
200 168 2.255668173206294
201 168 1.1970612191518837
202 168 1.6960523852708713
203 168 2.5069826014872
204 168 1.6960523852708713
205 168 2.166056014516607
207 168 2.694581215381999
160 169 2.8535051739619144
161 169 3.2364974262180204
162 169 4.33510971488613
163 169 4.33510971488613
167 169 2.1378851375499104
168 169 3.305490297704972
207 169 2.3891995658308165
120 170 4.33510971488613
121 170 4.33510971488613
148 170 4.047427642434349
149 170 3.6419625343261846
167 170 2.36102868886412
170 170 3.3542804618744038
183 170 2.948815353766239
205 170 2.0325246218920845
207 170 1.0029052047109261
166 171 3.2364974262180204
171 171 3.2364974262180204
172 171 3.2364974262180204
175 171 4.33510971488613
188 171 3.747323049984011
198 171 3.6783301784970597
199 171 1.2905872771627072
208 171 3.2364974262180204
209 171 3.2364974262180204
239 171 3.929644606777966
243 171 4.192008871245457
171 172 3.929644606777966
175 172 4.33510971488613
188 172 3.2364974262180204
198 172 3.747323049984011
239 172 4.33510971488613
243 172 4.33510971488613
140 173 3.6419625343261846
141 173 3.536602018668358
146 173 3.6419625343261846
173 173 2.948815353766239
174 173 3.8651060856403943
177 173 2.948815353766239
140 174 3.8651060856403943
141 174 3.7817244767013434
146 174 3.796113214153443
173 174 3.3542804618744038
174 174 3.554951157336555
176 174 3.2364974262180204
177 174 2.4098188530335523
234 174 1.8502030650981298
25 175 2.543350245658075
188 175 3.929644606777966
198 175 3.747323049984011
199 175 2.3891995658308165
239 175 4.33510971488613
243 175 4.33510971488613
141 176 3.418818983011975
173 176 4.33510971488613
174 176 3.929644606777966
177 176 2.948815353766239
140 177 2.948815353766239
141 177 2.592140409827507
146 177 2.948815353766239
173 177 4.047427642434349
174 177 4.019256765467652
176 177 4.047427642434349
177 177 3.3542804618744038
178 178 3.2364974262180204
215 178 3.2364974262180204
217 178 3.929644606777966
218 178 3.929644606777966
219 178 3.878351312390415
221 178 3.2364974262180204
222 178 3.6419625343261846
223 178 3.929644606777966
259 178 3.2364974262180204
260 178 3.2364974262180204
265 178 2.1378851375499104
150 179 3.929644606777966
151 179 3.2364974262180204
152 179 3.418818983011975
153 179 4.33510971488613
179 179 3.2364974262180204
180 179 1.7324200294417462
183 179 2.831032318109856
232 179 3.929644606777966
150 180 3.2364974262180204
151 180 1.9837344577226523
152 180 2.3202066943438653
153 180 2.1378851375499104
179 180 4.1747670648109505
180 180 3.496008621703105
181 180 2.831032318109856
182 180 4.217326679229746
183 180 3.118714390561637
232 180 4.217326679229746
179 181 4.33510971488613
180 181 4.083795286605224
182 181 4.33510971488613
183 181 3.2364974262180204
232 181 4.33510971488613
150 182 3.8242840911201395
151 182 2.794664673938981
152 182 2.7256718024520294
153 182 3.6419625343261846
179 182 4.33510971488613
180 182 2.1378851375499104
182 182 3.2364974262180204
183 182 3.2364974262180204
232 182 4.33510971488613
149 183 2.543350245658075
150 183 2.7256718024520294
151 183 2.206878009036862
152 183 2.7256718024520294
153 183 3.2364974262180204
179 183 2.1378851375499104
180 183 1.0392728488818008
183 183 2.1378851375499104
246 183 3.1494860492283907
247 183 3.811861571121582
117 184 3.831204533964713
118 184 2.1015174933790357
130 184 3.2364974262180204
184 184 3.3542804618744038
186 184 3.6419625343261846
193 184 2.948815353766239
197 184 4.33510971488613
194 185 4.33510971488613
195 185 3.6419625343261846
198 185 3.524179498669801
199 185 3.7754939269507073
236 185 4.33510971488613
237 185 4.33510971488613
241 185 4.33510971488613
117 186 3.796113214153443
118 186 2.3891995658308165
130 186 3.2364974262180204
184 186 3.6419625343261846
186 186 2.948815353766239
193 186 2.948815353766239
197 186 4.33510971488613
25 187 2.543350245658075
26 187 2.543350245658075
30 187 3.6419625343261846
31 187 4.33510971488613
32 187 4.33510971488613
185 187 4.33510971488613
188 187 3.2364974262180204
195 187 2.948815353766239
199 187 3.082346746390762
240 187 4.33510971488613
25 188 2.543350245658075
26 188 2.1378851375499104
29 188 3.2364974262180204
30 188 3.2364974262180204
31 188 3.6419625343261846
32 188 3.929644606777966
185 188 3.2364974262180204
187 188 3.929644606777966
188 188 2.831032318109856
194 188 3.2364974262180204
195 188 2.948815353766239
198 188 1.7324200294417462
199 188 3.0823467463907623
236 188 3.2364974262180204
237 188 3.2364974262180204
239 188 3.2364974262180204
240 188 3.6419625343261846
241 188 3.2364974262180204
243 188 2.7256718024520294
123 189 3.929644606777966
124 189 3.8242840911201395
125 189 4.33510971488613
127 189 3.2364974262180204
131 189 3.929644606777966
132 189 4.33510971488613
189 189 3.2364974262180204
190 189 4.33510971488613
191 189 3.6419625343261846
192 189 3.418818983011975
123 190 4.33510971488613
124 190 4.11196616357192
125 190 4.33510971488613
127 190 3.6419625343261846
131 190 3.929644606777966
132 190 4.33510971488613
191 190 3.6419625343261846
192 190 3.418818983011975
122 191 3.6419625343261846
123 191 4.047427642434349
124 191 3.9784347709473975
125 191 4.33510971488613
127 191 2.948815353766239
131 191 3.929644606777966
132 191 4.33510971488613
189 191 3.6419625343261846
190 191 3.6419625343261846
191 191 2.948815353766239
192 191 3.131136910560194
114 192 2.7256718024520294
122 192 3.418818983011975
123 192 3.6419625343261846
124 192 3.8242840911201395
125 192 3.9784347709473975
127 192 2.7256718024520294
131 192 3.8242840911201395
132 192 4.33510971488613
189 192 3.8242840911201395
190 192 3.8242840911201395
191 192 3.9784347709473975
192 192 3.418818983011975
117 193 3.554951157336555
118 193 1.6960523852708713
130 193 3.2364974262180204
184 193 4.047427642434349
186 193 4.047427642434349
193 193 2.948815353766239
197 193 4.33510971488613
21 194 3.2364974262180204
23 194 4.33510971488613
25 194 2.543350245658075
26 194 3.2364974262180204
28 194 4.33510971488613
29 194 3.6419625343261846
194 194 2.948815353766239
198 194 3.2364974262180204
199 194 3.4878118544989265
236 194 3.6419625343261846
241 194 4.33510971488613
13 195 2.2556681732062938
19 195 2.948815353766239
26 195 1.8502030650981298
29 195 2.948815353766239
129 195 2.794664673938981
157 195 2.543350245658075
158 195 2.543350245658075
185 195 2.948815353766239
194 195 4.047427642434349
195 195 2.6611332813144584
196 195 2.948815353766239
198 195 2.948815353766239
199 195 3.6419625343261846
236 195 4.047427642434349
237 195 3.6419625343261846
241 195 4.047427642434349
13 196 4.33510971488613
14 196 4.33510971488613
15 196 4.33510971488613
16 196 3.2364974262180204
17 196 4.33510971488613
18 196 3.824284091120139
19 196 4.33510971488613
20 196 4.33510971488613
129 196 3.082346746390762
115 197 4.33510971488613
117 197 4.152788158092175
118 197 2.389199565830817
126 197 3.929644606777966
130 197 3.524179498669801
197 197 3.2364974262180204
21 198 3.2364974262180204
23 198 3.524179498669801
25 198 3.054175869424066
26 198 3.3418579418758467
28 198 3.524179498669801
29 198 3.6419625343261846
31 198 2.36102868886412
32 198 3.2364974262180204
187 198 3.747323049984011
188 198 3.2364974262180204
194 198 2.1378851375499104
198 198 2.7132492824534724
199 198 2.2714165301744336
236 198 2.1378851375499104
239 198 3.747323049984011
240 198 2.831032318109856
241 198 2.1378851375499104
243 198 3.2364974262180204
21 199 3.2364974262180204
23 199 3.7754939269507073
25 199 2.995335369401132
26 199 2.9000251895968074
28 199 3.4878118544989265
29 199 3.3054902977049716
30 199 1.6960523852708713
31 199 2.3891995658308165
32 199 2.3891995658308165
185 199 3.082346746390762
187 199 2.3891995658308165
188 199 1.2905872771627072
194 199 3.4878118544989265
195 199 2.6123431171450266
198 199 3.082346746390762
199 199 3.1513396178777136
236 199 3.4878118544989265
237 199 3.082346746390762
240 199 2.3891995658308165
241 199 3.7754939269507073
120 200 1.8502030650981298
121 200 1.339377441332139
159 200 3.6419625343261846
160 200 2.496830230023182
167 200 2.948815353766239
168 200 1.4083703128190905
170 200 2.948815353766239
200 200 2.2556681732062938
201 200 1.9191959365850813
203 200 2.2556681732062938
205 200 3.131136910560194
207 200 2.794664673938981
159 201 2.6123431171450266
160 201 2.4865737298559933
161 201 1.6960523852708713
167 201 0.4151185398088071
168 201 2.424290885642087
200 201 2.561049822757476
201 201 2.8856364521447078
202 201 3.1623894540642987
203 201 1.5625209926463488
204 201 2.794664673938981
206 201 2.9488153537662396
160 202 2.8535051739619144
167 202 1.0392728488818008
168 202 2.6768816382825977
169 202 3.2364974262180204
200 202 2.543350245658075
201 202 2.6768816382825977
202 202 2.1378851375499104
206 202 3.2364974262180204
121 203 1.339377441332139
160 203 1.4672108128420238
167 203 3.45964097753223
168 203 2.1015174933790357
170 203 3.171958905080449
200 203 2.948815353766239
201 203 0.30975802415098075
202 203 1.8502030650981298
203 203 2.6611332813144584
205 203 3.6419625343261846
207 203 3.082346746390762
160 204 1.9372144420877595
161 204 3.2364974262180204
167 204 2.1378851375499104
168 204 3.082346746390762
201 204 2.6123431171450266
202 204 3.2364974262180204
203 204 2.948815353766239
120 205 3.0133538749038107
121 205 3.0621440390732424
148 205 2.7256718024520294
149 205 2.0325246218920845
167 205 3.524179498669801
170 205 3.9784347709473975
200 205 2.4379897300002487
203 205 2.4379897300002487
205 205 3.313458467354149
207 205 3.264668303184717
160 206 1.9372144420877595
168 206 1.6960523852708713
200 206 2.948815353766239
201 206 3.305490297704972
202 206 3.2364974262180204
120 207 3.370028818842543
121 207 3.177656926195087
149 207 1.0029052047109261
167 207 3.327469204423747
170 207 3.4878118544989265
200 207 2.9488153537662396
203 207 3.3054902977049716
205 207 3.7242006325631567
207 207 3.0823467463907623
171 208 3.929644606777966
172 208 4.33510971488613
175 208 4.33510971488613
188 208 3.2364974262180204
198 208 3.747323049984011
243 208 4.33510971488613
166 209 4.33510971488613
171 209 3.929644606777966
172 209 4.33510971488613
175 209 4.33510971488613
188 209 3.2364974262180204
198 209 3.747323049984011
208 209 4.33510971488613
243 209 3.824284091120139
173 210 1.8502030650981298
174 210 2.948815353766239
176 210 3.2364974262180204
177 210 4.047427642434349
210 210 3.45964097753223
212 210 4.047427642434349
210 211 4.33510971488613
212 211 4.201578322261607
213 211 4.33510971488613
173 212 3.960416265444719
174 212 3.4083476831446795
176 212 4.047427642434349
177 212 4.004868028015553
210 212 2.948815353766239
211 212 2.2556681732062938
212 212 3.472063497530787
213 212 2.2556681732062938
177 213 3.3542804618744038
210 213 4.33510971488613
212 213 4.201578322261607
213 213 2.948815353766239
335 214 7.0431599159883405
178 215 3.929644606777966
217 215 4.33510971488613
218 215 4.33510971488613
219 215 4.11196616357192
222 215 2.948815353766239
223 215 3.6419625343261846
180 216 2.831032318109856
181 216 4.33510971488613
220 216 4.33510971488613
254 216 2.1378851375499104
255 216 3.6419625343261846
256 216 3.6419625343261846
258 216 4.33510971488613
263 216 3.6419625343261846
266 216 2.6303616226477047
267 216 3.082346746390762
178 217 3.2364974262180204
219 217 3.824284091120139
221 217 4.33510971488613
222 217 4.33510971488613
223 217 4.047427642434349
178 218 3.2364974262180204
217 218 4.33510971488613
219 218 3.824284091120139
221 218 4.33510971488613
222 218 4.047427642434349
223 218 4.047427642434349
178 219 2.7256718024520294
217 219 2.7256718024520294
218 219 2.7256718024520294
219 219 3.418818983011975
221 219 3.9784347709473975
222 219 3.7372727141305093
223 219 3.7817244767013434
259 219 3.8242840911201395
260 219 3.9784347709473975
264 219 3.131136910560194
265 219 3.5729696628392333
270 219 2.7256718024520294
295 219 2.7256718024520294
297 219 2.7256718024520294
299 219 2.7256718024520294
300 219 2.543350245658075
301 219 2.7256718024520294
179 220 3.6419625343261846
180 220 4.217326679229746
181 220 4.33510971488613
182 220 4.33510971488613
220 220 2.948815353766239
263 220 3.6419625343261846
219 221 2.7256718024520294
222 221 3.6419625343261846
259 221 4.33510971488613
260 221 4.33510971488613
264 221 4.33510971488613
265 221 4.33510971488613
297 221 4.33510971488613
299 221 4.33510971488613
300 221 3.2364974262180204
301 221 4.33510971488613
178 222 1.8502030650981298
219 222 3.2111796182337304
221 222 3.6419625343261846
222 222 3.3542804618744038
223 222 2.6611332813144584
259 222 4.047427642434349
260 222 4.047427642434349
264 222 4.047427642434349
265 222 4.047427642434349
270 222 3.6419625343261846
295 222 2.948815353766239
297 222 4.047427642434349
299 222 4.047427642434349
300 222 2.948815353766239
301 222 3.6419625343261846
178 223 2.543350245658075
217 223 2.948815353766239
218 223 2.948815353766239
219 223 3.3542804618744038
221 223 4.047427642434349
222 223 3.8651060856403943
223 223 3.171958905080449
259 223 4.047427642434349
260 223 4.047427642434349
264 223 3.8651060856403943
265 223 4.047427642434349
297 223 3.6419625343261846
299 223 2.948815353766239
224 224 3.418818983011975
225 224 3.8242840911201395
226 224 4.11196616357192
229 224 1.1162338900179294
253 224 2.0325246218920845
254 224 2.474357374171124
255 224 3.131136910560194
256 224 2.0325246218920845
257 224 4.047427642434349
261 224 4.33510971488613
262 224 3.8242840911201395
266 224 1.9372144420877595
267 224 2.166056014516607
268 224 4.33510971488613
224 225 3.418818983011975
226 225 4.33510971488613
254 225 2.831032318109856
255 225 3.6419625343261846
257 225 4.047427642434349
261 225 4.33510971488613
262 225 3.929644606777966
266 225 1.9372144420877595
267 225 2.3891995658308165
268 225 4.33510971488613
224 226 2.7256718024520294
253 226 2.948815353766239
254 226 2.831032318109856
255 226 3.6419625343261846
256 226 2.948815353766239
257 226 4.047427642434349
261 226 4.33510971488613
262 226 3.929644606777966
266 226 1.9372144420877595
267 226 2.3891995658308165
268 226 4.33510971488613
254 227 3.747323049984011
257 227 2.948815353766239
262 227 3.2364974262180204
266 227 3.8831245911430727
267 227 2.3891995658308165
224 228 2.948815353766239
225 228 2.948815353766239
226 228 2.2556681732062938
228 228 3.5084311417016623
229 228 3.47944360482841
230 228 3.60559489015531
231 228 3.5084311417016623
271 228 4.201578322261607
224 229 3.6011405398059297
225 229 3.418818983011975
226 229 3.418818983011975
228 229 3.131136910560194
229 229 3.0621440390732424
230 229 3.0823467463907623
231 229 3.2111796182337304
254 229 1.2215944056757555
257 229 2.948815353766239
261 229 3.418818983011975
262 229 2.7256718024520294
266 229 0.32777652965365905
268 229 3.418818983011975
271 229 3.418818983011975
224 230 3.7754939269507073
225 230 3.7754939269507073
226 230 3.7754939269507073
228 230 3.017808225253191
229 230 3.4878118544989265
230 230 3.1513396178777136
231 230 3.3054902977049716
254 230 0.19197498849459743
261 230 3.4878118544989265
262 230 1.9837344577226523
268 230 3.7754939269507073
271 230 3.082346746390762
224 231 3.3542804618744038
225 231 3.3542804618744038
226 231 2.948815353766239
228 231 3.3117208474556077
229 231 3.47944360482841
230 231 3.3542804618744038
231 231 3.3117208474556077
254 231 0.7515907764300199
257 231 2.2556681732062938
261 231 2.948815353766239
262 231 1.8502030650981298
268 231 2.948815353766239
271 231 3.6419625343261846
150 232 3.824284091120139
151 232 3.082346746390762
152 232 3.824284091120139
153 232 4.33510971488613
179 232 3.2364974262180204
180 232 2.1378851375499104
183 232 3.2364974262180204
281 233 4.33510971488613
282 233 4.33510971488613
283 233 4.33510971488613
313 233 4.33510971488613
314 233 4.33510971488613
315 233 3.929644606777966
316 233 3.2364974262180204
317 233 4.33510971488613
318 233 3.6419625343261846
233 234 4.33510971488613
234 234 3.2364974262180204
281 234 4.33510971488613
282 234 4.33510971488613
283 234 4.33510971488613
313 234 3.2364974262180204
315 234 3.747323049984011
316 234 3.2364974262180204
317 234 4.33510971488613
318 234 3.6419625343261846
132 235 4.33510971488613
189 235 4.33510971488613
190 235 4.33510971488613
191 235 4.33510971488613
192 235 4.33510971488613
238 235 3.2364974262180204
242 235 4.33510971488613
21 236 3.2364974262180204
23 236 4.33510971488613
25 236 2.543350245658075
26 236 3.2364974262180204
28 236 4.33510971488613
29 236 3.6419625343261846
194 236 3.6419625343261846
198 236 3.2364974262180204
199 236 3.4878118544989265
241 236 4.33510971488613
26 237 2.543350245658075
29 237 3.6419625343261846
194 237 4.33510971488613
195 237 2.948815353766239
198 237 3.524179498669801
199 237 3.7754939269507073
236 237 4.33510971488613
241 237 4.33510971488613
124 238 2.0325246218920845
125 238 1.8502030650981298
132 238 3.2364974262180204
189 238 4.33510971488613
190 238 4.33510971488613
191 238 4.152788158092175
192 238 4.192008871245457
235 238 3.929644606777966
238 238 3.45964097753223
242 238 4.152788158092175
25 239 3.2364974262180204
26 239 2.543350245658075
29 239 3.6419625343261846
31 239 4.33510971488613
32 239 4.33510971488613
187 239 4.33510971488613
188 239 3.929644606777966
199 239 2.3891995658308165
240 239 4.33510971488613
25 240 1.8502030650981298
26 240 1.8502030650981298
30 240 3.6419625343261846
31 240 3.6419625343261846
32 240 3.6419625343261846
185 240 4.33510971488613
188 240 3.2364974262180204
194 240 3.6419625343261846
195 240 3.8651060856403943
198 240 1.4447379569899652
199 240 3.4878118544989265
236 240 3.6419625343261846
237 240 3.6419625343261846
240 240 2.948815353766239
21 241 3.929644606777966
23 241 4.33510971488613
25 241 3.6419625343261846
26 241 3.2364974262180204
28 241 4.33510971488613
29 241 3.6419625343261846
198 241 3.2364974262180204
199 241 3.082346746390762
124 242 2.7256718024520294
125 242 3.6419625343261846
132 242 4.33510971488613
189 242 4.33510971488613
190 242 4.33510971488613
191 242 4.33510971488613
192 242 4.33510971488613
238 242 2.543350245658075
25 243 2.879822482279288
26 243 2.0325246218920845
29 243 3.6419625343261846
31 243 3.7372727141305093
32 243 3.8242840911201395
187 243 4.11196616357192
188 243 3.5729696628392333
198 243 2.831032318109856
199 243 2.389199565830817
239 243 4.33510971488613
240 243 3.6419625343261846
243 243 3.418818983011975
192 244 2.7256718024520294
235 244 4.33510971488613
238 244 4.33510971488613
242 244 4.33510971488613
276 244 3.6419625343261846
277 244 3.824284091120139
278 244 4.33510971488613
284 244 3.2364974262180204
245 245 2.948815353766239
248 245 4.33510971488613
249 245 4.201578322261607
250 245 4.047427642434349
251 245 4.33510971488613
252 245 3.6419625343261846
246 246 3.524179498669801
247 246 2.9851829979371143
294 246 1.9679861007545132
319 246 3.1029660335934977
331 246 2.920644476799543
332 246 3.2364974262180204
333 246 3.929644606777966
246 247 3.9014737298112694
247 247 3.4371681216801715
294 247 1.667881508304175
319 247 2.1378851375499104
331 247 2.292035817377169
332 247 2.1378851375499104
333 247 3.2364974262180204
210 248 3.929644606777966
211 248 4.33510971488613
212 248 2.948815353766239
213 248 4.33510971488613
249 248 4.047427642434349
250 248 3.6419625343261846
210 249 3.9902692285944004
211 249 4.33510971488613
212 249 3.171958905080449
213 249 4.33510971488613
248 249 2.948815353766239
249 249 3.3542804618744038
250 249 3.796113214153443
210 250 3.929644606777966
211 250 4.33510971488613
212 250 3.45964097753223
213 250 4.33510971488613
248 250 3.6419625343261846
249 250 3.45964097753223
250 250 3.45964097753223
211 251 3.8242840911201395
212 251 2.0325246218920845
213 251 3.131136910560194
248 251 4.33510971488613
249 251 4.33510971488613
250 251 4.33510971488613
251 251 3.418818983011975
245 252 3.6419625343261846
248 252 4.33510971488613
249 252 4.33510971488613
250 252 3.929644606777966
251 252 4.33510971488613
180 253 1.8502030650981298
216 253 4.047427642434349
220 253 4.047427642434349
227 253 2.948815353766239
253 253 2.6611332813144584
254 253 2.948815353766239
255 253 3.3542804618744038
256 253 3.6419625343261846
257 253 1.5625209926463486
258 253 4.047427642434349
262 253 1.8502030650981298
263 253 2.948815353766239
266 253 2.748144658304088
267 253 3.082346746390762
180 254 2.0201021018935275
181 254 2.1378851375499104
182 254 2.1378851375499104
216 254 2.831032318109856
220 254 2.1378851375499104
227 254 3.2364974262180204
253 254 3.2364974262180204
254 254 3.0317030135720073
255 254 1.4447379569899652
256 254 2.1378851375499104
257 254 2.543350245658075
262 254 2.1378851375499104
263 254 3.2364974262180204
266 254 3.377576024477926
267 254 3.136413967661038
269 254 3.747323049984011
180 255 3.524179498669801
181 255 3.6419625343261846
182 255 2.543350245658075
220 255 3.6419625343261846
227 255 3.6419625343261846
253 255 2.2556681732062938
254 255 3.2364974262180204
256 255 2.948815353766239
257 255 2.2556681732062938
262 255 2.543350245658075
263 255 2.948815353766239
266 255 2.342679550195924
267 255 2.3891995658308165
180 256 3.2364974262180204
181 256 3.6419625343261846
220 256 3.6419625343261846
227 256 3.6419625343261846
254 256 3.3906481060452784
255 256 2.948815353766239
256 256 2.2556681732062938
257 256 2.2556681732062938
258 256 2.948815353766239
262 256 2.543350245658075
263 256 2.948815353766239
266 256 2.948815353766239
267 256 2.3891995658308165
227 257 4.047427642434349
253 257 2.948815353766239
254 257 3.1494860492283907
255 257 3.3542804618744038
256 257 3.3542804618744038
257 257 2.6611332813144584
262 257 3.45964097753223
263 257 2.2556681732062938
266 257 3.258970282070079
267 257 3.082346746390762
269 257 2.948815353766239
180 258 3.929644606777966
181 258 4.33510971488613
220 258 4.33510971488613
254 258 2.1378851375499104
255 258 3.6419625343261846
256 258 2.948815353766239
263 258 3.6419625343261846
266 258 1.9372144420877595
267 258 2.3891995658308165
264 259 4.33510971488613
265 259 4.33510971488613
270 259 4.33510971488613
295 259 4.33510971488613
296 259 1.7701603574245932
297 259 4.33510971488613
299 259 4.33510971488613
300 259 4.33510971488613
301 259 4.33510971488613
302 259 3.6419625343261846
259 260 4.33510971488613
264 260 4.33510971488613
265 260 4.33510971488613
270 260 4.33510971488613
295 260 4.33510971488613
296 260 1.7701603574245932
297 260 4.33510971488613
299 260 4.33510971488613
300 260 4.33510971488613
301 260 4.33510971488613
253 261 2.948815353766239
254 261 3.2364974262180204
255 261 3.6419625343261846
256 261 3.6419625343261846
257 261 4.047427642434349
262 261 3.929644606777966
266 261 1.9372144420877595
267 261 3.082346746390762
227 262 3.2364974262180204
253 262 2.543350245658075
254 262 3.524179498669801
255 262 3.2364974262180204
256 262 3.2364974262180204
257 262 3.45964097753223
262 262 2.831032318109856
266 262 3.1411872464136956
267 262 3.0823467463907623
269 262 3.2364974262180204
179 263 3.2364974262180204
180 263 3.524179498669801
181 263 3.6419625343261846
182 263 3.6419625343261846
216 263 3.6419625343261846
220 263 2.948815353766239
232 263 3.6419625343261846
253 263 3.3542804618744038
254 263 1.4447379569899652
255 263 2.948815353766239
256 263 2.948815353766239
258 263 3.6419625343261846
266 263 1.9372144420877595
267 263 2.794664673938981
264 264 2.948815353766239
270 264 4.33510971488613
295 264 4.33510971488613
296 264 2.6864510892987483
297 264 4.33510971488613
299 264 4.33510971488613
300 264 4.33510971488613
301 264 4.33510971488613
302 264 4.33510971488613
303 264 4.33510971488613
305 264 2.543350245658075
264 265 4.33510971488613
265 265 3.2364974262180204
270 265 4.33510971488613
295 265 4.33510971488613
296 265 1.7701603574245934
297 265 4.33510971488613
299 265 4.33510971488613
300 265 4.33510971488613
301 265 4.33510971488613
302 265 4.33510971488613
303 265 3.929644606777966
305 265 1.4447379569899652
180 266 2.2248965145395405
181 266 2.6303616226477047
216 266 3.54665235452186
220 266 2.6303616226477047
227 266 2.6303616226477047
253 266 3.4412918388640334
254 266 2.6303616226477047
255 266 2.6303616226477047
256 266 2.8535051739619144
257 266 1.6495323696359785
258 266 3.32350880320765
262 266 2.2248965145395405
263 266 3.32350880320765
266 266 3.1228381077454985
267 266 3.3586001230189204
269 266 3.7289739113158142
180 267 2.589870261292968
181 267 3.082346746390762
182 267 1.9837344577226523
216 267 3.4878118544989265
220 267 3.4878118544989265
227 267 3.082346746390762
253 267 3.2001297820471453
254 267 2.6768816382825977
255 267 3.082346746390762
256 267 3.3054902977049716
257 267 1.6960523852708713
258 267 3.7754939269507073
262 267 1.9837344577226523
263 267 3.3054902977049716
266 267 2.935743272198887
267 267 2.7458745097695494
269 267 3.082346746390762
253 268 2.948815353766239
254 268 3.2364974262180204
255 268 3.6419625343261846
256 268 3.6419625343261846
257 268 4.047427642434349
261 268 4.33510971488613
262 268 3.929644606777966
266 268 1.9372144420877595
267 268 2.3891995658308165
216 269 4.33510971488613
253 269 4.047427642434349
254 269 2.1378851375499104
255 269 3.6419625343261846
256 269 3.6419625343261846
258 269 4.33510971488613
263 269 3.6419625343261846
266 269 2.6303616226477047
267 269 3.4878118544989265
295 270 4.33510971488613
296 270 3.7160705064799067
300 270 3.929644606777966
302 270 4.33510971488613
303 270 4.33510971488613
304 270 2.7256718024520294
305 270 2.543350245658075
224 271 4.33510971488613
225 271 4.33510971488613
226 271 4.33510971488613
229 271 3.418818983011975
230 271 3.7754939269507073
231 271 2.948815353766239
178 272 3.929644606777966
215 272 4.33510971488613
217 272 4.33510971488613
218 272 4.33510971488613
219 272 2.948815353766239
223 272 2.948815353766239
272 272 2.948815353766239
274 272 4.047427642434349
307 272 4.33510971488613
178 273 3.929644606777966
215 273 4.33510971488613
218 273 3.6419625343261846
219 273 2.7256718024520294
223 273 2.948815353766239
272 273 4.33510971488613
273 273 2.948815353766239
274 273 4.047427642434349
307 273 4.33510971488613
178 274 3.929644606777966
215 274 4.33510971488613
217 274 4.047427642434349
218 274 4.047427642434349
219 274 3.2111796182337304
222 274 2.6611332813144584
223 274 2.948815353766239
272 274 2.948815353766239
273 274 2.948815353766239
274 274 3.3542804618744038
307 274 4.33510971488613
238 275 2.543350245658075
244 275 4.33510971488613
276 275 4.33510971488613
277 275 4.33510971488613
278 275 4.33510971488613
279 275 4.33510971488613
280 275 4.33510971488613
284 275 3.929644606777966
286 275 4.33510971488613
189 276 2.543350245658075
191 276 2.948815353766239
192 276 3.131136910560194
235 276 3.6419625343261846
238 276 3.929644606777966
242 276 3.6419625343261846
244 276 3.6419625343261846
276 276 2.948815353766239
277 276 3.9784347709473975
278 276 3.6419625343261846
279 276 3.6419625343261846
280 276 3.6419625343261846
284 276 3.2364974262180204
286 276 3.6419625343261846
189 277 3.2364974262180204
191 277 3.131136910560194
192 277 3.313458467354149
235 277 4.33510971488613
238 277 4.266116843399178
242 277 4.11196616357192
244 277 3.418818983011975
276 277 3.131136910560194
277 277 3.418818983011975
278 277 3.418818983011975
279 277 2.7256718024520294
280 277 2.7256718024520294
284 277 2.3202066943438653
192 278 3.418818983011975
235 278 4.33510971488613
238 278 4.33510971488613
242 278 4.33510971488613
276 278 3.6419625343261846
277 278 3.824284091120139
284 278 3.2364974262180204
235 279 4.33510971488613
238 279 4.152788158092175
244 279 4.33510971488613
276 279 3.6419625343261846
277 279 4.11196616357192
278 279 4.33510971488613
280 279 4.33510971488613
284 279 3.2364974262180204
235 280 4.33510971488613
238 280 4.152788158092175
242 280 4.33510971488613
244 280 4.33510971488613
276 280 3.6419625343261846
277 280 4.11196616357192
278 280 4.33510971488613
284 280 3.2364974262180204
275 281 2.948815353766239
276 281 2.2556681732062938
281 281 3.3542804618744038
282 281 4.047427642434349
283 281 2.2556681732062938
284 281 2.543350245658075
285 281 2.948815353766239
313 281 4.33510971488613
314 281 4.33510971488613
315 281 4.33510971488613
316 281 4.248098337896501
317 281 4.33510971488613
318 281 4.201578322261607
275 282 3.6419625343261846
281 282 2.948815353766239
282 282 2.948815353766239
284 282 3.2364974262180204
285 282 4.33510971488613
313 282 4.33510971488613
314 282 4.33510971488613
315 282 4.33510971488613
316 282 4.33510971488613
317 282 4.33510971488613
318 282 4.33510971488613
281 283 4.201578322261607
282 283 4.33510971488613
283 283 2.948815353766239
313 283 4.33510971488613
314 283 4.33510971488613
315 283 4.33510971488613
316 283 3.929644606777966
317 283 4.33510971488613
318 283 3.6419625343261846
192 284 2.7256718024520294
235 284 3.2364974262180204
238 284 3.747323049984011
242 284 3.2364974262180204
244 284 3.929644606777966
275 284 3.2364974262180204
276 284 3.929644606777966
277 284 4.11196616357192
278 284 3.929644606777966
279 284 3.929644606777966
280 284 3.929644606777966
284 284 3.2364974262180204
285 284 3.2364974262180204
286 284 3.2364974262180204
244 285 4.33510971488613
275 285 4.33510971488613
276 285 4.33510971488613
277 285 4.33510971488613
278 285 4.33510971488613
279 285 4.33510971488613
280 285 4.33510971488613
284 285 3.929644606777966
286 285 4.33510971488613
238 286 3.6419625343261846
244 286 4.33510971488613
276 286 3.6419625343261846
277 286 4.33510971488613
278 286 4.33510971488613
279 286 4.33510971488613
280 286 4.33510971488613
284 286 3.929644606777966
287 287 3.2364974262180204
292 287 4.33510971488613
294 287 3.45964097753223
319 287 2.543350245658075
320 287 3.6419625343261846
321 287 3.2364974262180204
322 287 3.2364974262180204
323 287 3.2364974262180204
324 287 2.831032318109856
325 287 2.2556681732062938
326 287 3.2364974262180204
327 287 3.45964097753223
328 287 3.2364974262180204
330 287 3.2364974262180204
331 287 1.4447379569899652
332 287 3.2364974262180204
334 287 3.929644606777966
245 288 4.33510971488613
251 288 4.11196616357192
252 288 4.33510971488613
290 288 4.180959035058872
291 288 4.33510971488613
293 288 3.6419625343261846
245 289 4.33510971488613
251 289 3.824284091120139
252 289 4.33510971488613
288 289 4.33510971488613
290 289 4.180959035058872
291 289 4.33510971488613
293 289 3.6419625343261846
245 290 4.180959035058872
248 290 3.4878118544989265
249 290 3.082346746390762
250 290 3.1623894540642987
251 290 4.180959035058872
252 290 4.180959035058872
288 290 2.3891995658308165
289 290 2.3891995658308165
290 290 3.439021690329495
291 290 3.4878118544989265
293 290 2.794664673938981
324 290 1.2905872771627072
325 290 1.4083703128190905
329 290 2.3891995658308165
245 291 4.33510971488613
249 291 2.948815353766239
250 291 3.2364974262180204
251 291 4.33510971488613
252 291 4.33510971488613
290 291 3.7754939269507073
320 292 4.33510971488613
321 292 4.33510971488613
322 292 4.33510971488613
323 292 4.33510971488613
324 292 3.929644606777966
325 292 3.8651060856403943
326 292 4.33510971488613
328 292 4.33510971488613
330 292 4.33510971488613
245 293 4.33510971488613
249 293 2.2556681732062938
251 293 3.824284091120139
252 293 4.33510971488613
288 293 3.6419625343261846
289 293 3.6419625343261846
290 293 4.093947658069242
291 293 4.33510971488613
293 293 2.948815353766239
324 293 2.543350245658075
287 294 3.45964097753223
292 294 3.8651060856403943
294 294 3.220749069249881
319 294 2.884276832628668
320 294 3.8651060856403943
321 294 2.948815353766239
322 294 2.948815353766239
323 294 2.948815353766239
325 294 2.1221367805817715
326 294 2.948815353766239
327 294 3.267269084884774
328 294 3.6419625343261846
330 294 2.2556681732062938
331 294 2.4098188530335523
332 294 3.3542804618744038
333 294 2.2556681732062938
334 294 4.201578322261607
296 295 3.7160705064799067
298 295 4.33510971488613
300 295 3.929644606777966
302 295 4.33510971488613
303 295 4.33510971488613
304 295 2.7256718024520294
305 295 2.543350245658075
228 296 2.523932159800973
229 296 1.9524819142185479
230 296 2.2221454811676504
231 296 2.2556681732062938
296 296 3.265654010509476
298 296 3.7160705064799067
302 296 1.7701603574245932
303 296 1.7701603574245932
304 296 3.7160705064799067
305 296 3.6419625343261846
306 296 3.561919826652648
270 297 4.33510971488613
295 297 4.33510971488613
296 297 3.1564547185444836
299 297 4.33510971488613
300 297 4.33510971488613
301 297 4.33510971488613
302 297 4.33510971488613
303 297 4.33510971488613
305 297 2.543350245658075
296 298 3.561919826652648
304 298 4.11196616357192
305 298 4.152788158092175
270 299 4.33510971488613
295 299 4.33510971488613
296 299 3.3795982698586937
300 299 4.33510971488613
301 299 4.33510971488613
302 299 4.33510971488613
303 299 4.33510971488613
305 299 2.543350245658075
270 300 3.2364974262180204
295 300 3.2364974262180204
296 300 3.7160705064799067
298 300 3.929644606777966
300 300 3.2364974262180204
301 300 3.2364974262180204
302 300 4.33510971488613
303 300 4.33510971488613
304 300 3.0133538749038107
305 300 2.543350245658075
270 301 4.33510971488613
295 301 4.33510971488613
296 301 3.561919826652648
300 301 3.929644606777966
302 301 4.33510971488613
303 301 4.33510971488613
304 301 2.7256718024520294
305 301 2.543350245658075
296 302 3.849601899104429
298 302 4.33510971488613
302 302 2.948815353766239
303 302 4.33510971488613
304 302 3.824284091120139
305 302 2.948815353766239
296 303 3.849601899104429
298 303 4.33510971488613
304 303 3.824284091120139
305 303 3.6419625343261846
228 304 2.7256718024520294
229 304 2.214846178686039
230 304 2.5715211226247714
231 304 2.4379897300002487
296 304 3.2052448827139157
298 304 2.7256718024520294
304 304 3.313458467354149
305 304 3.7671256772801907
306 304 4.11196616357192
228 305 2.948815353766239
229 305 2.543350245658075
230 305 2.6768816382825977
231 305 2.7664937969722847
296 305 3.2364974262180204
298 305 2.543350245658075
304 305 3.331807606022345
305 305 3.2364974262180204
306 305 4.152788158092175
228 306 3.8651060856403943
229 306 3.418818983011975
230 306 3.4878118544989265
231 306 3.8651060856403943
178 307 4.33510971488613
215 307 4.33510971488613
217 307 4.33510971488613
218 307 4.33510971488613
219 307 3.8242840911201395
222 307 2.948815353766239
223 307 2.948815353766239
307 307 3.2364974262180204
178 308 1.8502030650981298
215 308 2.948815353766239
219 308 0.6462302607721937
223 308 1.5625209926463486
272 308 3.3542804618744038
273 308 3.6419625343261846
274 308 3.171958905080449
307 308 2.948815353766239
308 308 4.221781029579127
309 308 4.519786985372543
310 308 5.251400446760285
311 308 4.963718374308504
312 308 4.375931709406385
178 309 2.1378851375499104
215 309 2.543350245658075
272 309 4.152788158092175
273 309 4.152788158092175
274 309 4.047427642434349
307 309 3.2364974262180204
308 309 4.152788158092175
309 309 3.989158734310373
310 309 4.152788158092175
311 309 3.8651060856403943
312 309 4.206855379362451
273 310 3.6419625343261846
274 310 2.948815353766239
308 310 4.691784658824862
309 310 4.6823059148703186
311 310 5.65686555486845
312 310 4.663613781858166
273 311 4.33510971488613
274 311 2.948815353766239
308 311 4.691784658824862
309 311 4.6823059148703186
312 311 4.663613781858166
178 312 1.62705951378392
215 312 2.7256718024520294
223 312 1.339377441332139
272 312 4.33510971488613
273 312 4.33510971488613
274 312 4.172590785388355
307 312 3.8242840911201395
308 312 3.998637478264917
309 312 3.861325362800488
312 312 3.747323049984011
275 313 4.33510971488613
276 313 3.6419625343261846
277 313 3.418818983011975
279 313 4.33510971488613
280 313 4.33510971488613
284 313 3.929644606777966
285 313 4.33510971488613
286 313 4.33510971488613
314 313 4.33510971488613
315 313 3.2364974262180204
316 313 3.929644606777966
318 313 3.6419625343261846
244 314 4.33510971488613
275 314 4.33510971488613
276 314 3.6419625343261846
277 314 3.418818983011975
279 314 4.33510971488613
280 314 4.33510971488613
284 314 3.929644606777966
285 314 4.33510971488613
286 314 4.33510971488613
315 314 3.2364974262180204
316 314 3.929644606777966
318 314 3.6419625343261846
244 315 3.2364974262180204
275 315 4.33510971488613
276 315 3.6419625343261846
277 315 3.0133538749038107
278 315 3.2364974262180204
279 315 3.929644606777966
280 315 3.929644606777966
284 315 3.929644606777966
285 315 4.33510971488613
286 315 4.33510971488613
313 315 3.929644606777966
314 315 3.929644606777966
315 315 3.2364974262180204
316 315 3.929644606777966
317 315 3.2364974262180204
318 315 3.6419625343261846
244 316 3.929644606777966
275 316 4.33510971488613
276 316 3.6419625343261846
277 316 3.2364974262180204
278 316 3.929644606777966
279 316 3.929644606777966
280 316 3.929644606777966
284 316 4.217326679229746
285 316 4.33510971488613
286 316 4.33510971488613
313 316 3.2364974262180204
314 316 3.2364974262180204
315 316 3.2364974262180204
316 316 3.2364974262180204
317 316 3.2364974262180204
318 316 3.6419625343261846
275 317 4.33510971488613
276 317 3.6419625343261846
277 317 2.7256718024520294
279 317 4.33510971488613
284 317 3.929644606777966
285 317 4.33510971488613
286 317 4.33510971488613
313 317 4.33510971488613
314 317 4.33510971488613
315 317 3.929644606777966
316 317 3.929644606777966
318 317 3.6419625343261846
244 318 3.6419625343261846
275 318 4.33510971488613
276 318 4.047427642434349
277 318 3.131136910560194
278 318 3.6419625343261846
279 318 3.6419625343261846
280 318 3.6419625343261846
284 318 3.929644606777966
285 318 4.33510971488613
286 318 4.33510971488613
313 318 3.6419625343261846
314 318 3.6419625343261846
315 318 3.6419625343261846
316 318 3.6419625343261846
317 318 3.6419625343261846
318 318 2.948815353766239
287 319 3.3542804618744038
292 319 2.948815353766239
294 319 3.009439975582674
319 319 3.066598389422623
320 319 2.948815353766239
321 319 2.948815353766239
323 319 2.948815353766239
325 319 1.274838920194568
327 319 3.5774240131886135
328 319 2.948815353766239
331 319 3.43432316954794
332 319 2.948815353766239
333 319 2.2556681732062938
334 319 2.948815353766239
290 320 2.3891995658308165
320 320 2.948815353766239
321 320 4.33510971488613
322 320 4.33510971488613
323 320 4.33510971488613
324 320 3.929644606777966
325 320 3.960416265444719
326 320 4.33510971488613
328 320 4.33510971488613
330 320 4.33510971488613
290 321 2.3891995658308165
293 321 3.6419625343261846
322 321 4.33510971488613
324 321 3.929644606777966
325 321 4.201578322261607
326 321 4.33510971488613
329 321 4.33510971488613
330 321 4.33510971488613
288 322 4.33510971488613
289 322 4.33510971488613
290 322 2.3891995658308165
293 322 3.6419625343261846
324 322 4.33510971488613
325 322 3.8651060856403943
326 322 4.33510971488613
329 322 4.33510971488613
330 322 4.33510971488613
290 323 2.3891995658308165
321 323 4.33510971488613
322 323 4.33510971488613
324 323 3.929644606777966
325 323 4.201578322261607
326 323 4.33510971488613
329 323 4.33510971488613
330 323 4.33510971488613
245 324 3.2364974262180204
251 324 2.3202066943438653
252 324 3.2364974262180204
288 324 4.33510971488613
289 324 4.33510971488613
290 324 3.7754939269507073
291 324 3.929644606777966
293 324 4.152788158092175
324 324 3.2364974262180204
325 324 3.45964097753223
329 324 3.929644606777966
245 325 2.6611332813144584
252 325 2.2556681732062938
288 325 3.8651060856403943
289 325 4.047427642434349
290 325 3.710955405813136
291 325 3.8651060856403943
293 325 4.047427642434349
321 325 2.2556681732062938
322 325 3.3542804618744038
323 325 2.2556681732062938
324 325 3.7220052419997214
325 325 3.472063497530787
326 325 3.3542804618744038
329 325 4.201578322261607
330 325 3.3542804618744038
288 326 4.33510971488613
289 326 4.33510971488613
290 326 3.082346746390762
293 326 3.6419625343261846
324 326 4.33510971488613
325 326 3.8651060856403943
329 326 4.33510971488613
330 326 4.33510971488613
287 327 3.45964097753223
292 327 3.6419625343261846
294 327 3.43432316954794
319 327 2.2556681732062938
320 327 3.6419625343261846
321 327 3.6419625343261846
322 327 3.6419625343261846
323 327 3.6419625343261846
324 327 2.543350245658075
325 327 2.815283961141717
326 327 2.948815353766239
327 327 2.948815353766239
328 327 3.6419625343261846
330 327 2.948815353766239
331 327 2.2556681732062938
332 327 2.948815353766239
334 327 2.948815353766239
290 328 2.3891995658308165
321 328 4.33510971488613
322 328 4.33510971488613
323 328 4.33510971488613
324 328 3.929644606777966
325 328 4.201578322261607
326 328 4.33510971488613
330 328 4.33510971488613
245 329 3.6419625343261846
252 329 4.33510971488613
288 329 4.33510971488613
289 329 4.33510971488613
290 329 4.180959035058872
291 329 4.33510971488613
293 329 4.33510971488613
324 329 3.2364974262180204
325 329 2.2556681732062938
288 330 4.33510971488613
289 330 4.33510971488613
290 330 3.082346746390762
293 330 4.33510971488613
324 330 4.33510971488613
325 330 3.8651060856403943
329 330 4.33510971488613
287 331 3.524179498669801
292 331 1.8502030650981298
294 331 3.5319616391118562
319 331 3.267269084884774
320 331 1.8502030650981298
323 331 1.8502030650981298
325 331 -0.2292384765817062
327 331 3.3542804618744038
328 331 1.8502030650981298
331 331 3.3726296005426004
332 331 2.7664937969722847
333 331 2.543350245658075
334 331 2.543350245658075
287 332 2.543350245658075
292 332 3.6419625343261846
294 332 2.2556681732062938
319 332 3.171958905080449
320 332 3.6419625343261846
321 332 3.6419625343261846
323 332 3.6419625343261846
325 332 2.6611332813144584
327 332 3.6419625343261846
328 332 3.6419625343261846
331 332 3.2364974262180204
334 332 3.6419625343261846
319 333 3.8651060856403943
327 333 3.6419625343261846
331 333 3.796113214153443
332 333 3.6419625343261846
287 334 3.2364974262180204
292 334 4.33510971488613
320 334 4.33510971488613
321 334 4.33510971488613
322 334 4.33510971488613
323 334 4.33510971488613
324 334 3.2364974262180204
325 334 3.3542804618744038
326 334 4.33510971488613
327 334 2.948815353766239
328 334 4.33510971488613
330 334 4.33510971488613
