0 0 0.23267073567012128
3 0 0.2545096381885419
4 0 -0.15095546991962253
5 0 -3.0131563508490906
0 1 0.2545096381885419
0 2 -0.15095546991962253
1 2 3.6840064893720617
4 3 3.6840064893720617
5 3 2.2080999695624843
5 4 2.6135650776706485
5 5 2.281527438117301
6 5 -0.09448512343156153
7 5 1.5149527890025385
9 5 2.465929078864584
11 5 1.756114845819427
12 5 -0.5094289754942696
5 6 1.9849564182482744
7 6 3.866328046166016
9 6 2.8248741713378553
10 6 2.6135650776706485
11 6 1.468432773367646
12 6 -0.10396386738610533
6 7 3.866328046166016
7 7 4.782618778040171
9 7 2.6425526145439004
10 7 3.5298558095448036
11 7 2.384723505241801
12 7 0.8123268644880498
5 8 1.0041271652365482
6 8 3.643184494851807
9 8 1.0331147021098004
10 8 3.712177366338758
11 8 2.721195741863014
12 8 0.9946484212820045
6 9 1.7262618826697456
7 9 3.335699795103846
9 9 0.50248645104763
10 9 1.3897896460485328
11 9 3.0172460639853114
12 9 2.0734580826539344
8 10 1.920417897110703
11 10 3.0778706858017464
12 10 2.1245132534542184
8 11 0.7752855928077007
10 11 1.1319605367464332
12 11 2.573314675049351
0 12 -3.0226350948036345
1 12 2.1986212256079405
2 12 2.6040863337161047
5 12 -2.0498740164414184
6 12 1.9754776742937306
8 12 2.5350934622291534
9 12 -1.327739299008221
10 12 1.957459168791052
11 12 0.2061910609177343
12 12 2.0837819659955703
