0 0 3.111540974906657
1 0 2.8731299514616584
1 1 3.64631983969514
19 1 3.64631983969514
20 1 1.4271163556401456
0 2 3.278595059569823
0 3 2.5854478790098776
2 3 4.74493212836325
3 3 3.3586377672433594
2 4 4.051784947803305
3 4 4.74493212836325
4 4 3.3586377672433594
3 5 4.051784947803305
4 5 4.74493212836325
6 6 3.64631983969514
7 6 2.665490586683414
7 7 3.4764208028997428
8 7 3.581781318557569
9 7 1.9723434061234688
8 8 3.3586377672433594
9 8 4.74493212836325
10 8 4.051784947803305
9 9 3.3586377672433594
10 9 4.74493212836325
24 9 4.74493212836325
26 9 3.3586377672433594
24 10 4.74493212836325
25 10 4.74493212836325
26 10 4.051784947803305
4 11 4.051784947803305
5 11 4.74493212836325
11 11 3.64631983969514
11 12 4.562610571569295
12 12 3.3586377672433594
11 13 2.26002547857525
12 13 4.2749284991175145
13 13 3.764102875351524
13 14 4.457250055911469
13 15 3.3586377672433594
14 15 4.051784947803305
17 15 3.5409593240373143
15 16 4.051784947803305
16 16 3.3586377672433594
17 16 3.5409593240373143
13 17 1.7491998548092589
14 17 3.8286413964890946
15 17 3.5409593240373143
17 17 3.7232808808312687
6 18 2.1058747987479913
18 18 3.050336407588843
20 19 2.0149030205422647
19 20 1.6314168191528755
20 20 1.9771626925594177
32 20 2.03688192726104
18 21 3.0221655306221464
21 21 3.3586377672433594
18 22 2.1058747987479913
21 22 4.74493212836325
21 23 4.051784947803305
22 23 4.74493212836325
23 23 3.64631983969514
25 24 4.74493212836325
26 24 4.74493212836325
26 25 4.051784947803305
27 25 4.051784947803305
25 26 4.051784947803305
26 26 3.3586377672433594
27 26 4.051784947803305
15 27 2.665490586683414
16 27 4.2749284991175145
27 27 3.764102875351524
28 28 3.0709556947915786
29 28 1.8923006984499322
28 29 0.7936884097818225
29 29 3.0162307951023317
31 29 2.8731299514616584
33 30 4.74493212836325
34 30 4.74493212836325
30 31 4.74493212836325
31 31 3.64631983969514
33 31 4.051784947803305
33 33 3.3586377672433594
34 33 4.74493212836325
35 33 4.74493212836325
37 33 4.051784947803305
35 34 4.74493212836325
37 34 4.74493212836325
38 34 1.9117187843070338
37 35 4.74493212836325
38 35 2.604865964866979
23 36 4.339467020255086
36 36 3.64631983969514
38 37 3.0103310729751436
36 38 2.604865964866979
38 38 2.8851679300211375
28 39 1.2791962255635234
39 39 2.937424302167056
39 40 3.0709556947915786
39 41 2.665490586683414
40 41 4.74493212836325
40 42 4.74493212836325
41 42 4.74493212836325
43 42 4.74493212836325
39 43 1.9723434061234688
40 43 4.74493212836325
41 43 4.74493212836325
41 44 4.74493212836325
42 44 4.74493212836325
43 44 4.74493212836325
45 45 3.3586377672433594
47 45 2.828009516181189
48 46 4.74493212836325
45 47 2.317183892415198
46 47 3.0103310729751436
47 47 2.8161750585341863
48 47 1.9117187843070338
48 48 3.64631983969514
49 48 4.339467020255086
49 49 3.64631983969514
50 49 4.74493212836325
52 49 4.339467020255086
53 49 2.5477075510270306
52 50 4.74493212836325
53 50 3.64631983969514
65 50 4.74493212836325
42 51 4.74493212836325
43 51 4.74493212836325
44 51 4.74493212836325
53 52 3.64631983969514
65 52 4.74493212836325
66 52 3.64631983969514
44 53 3.64631983969514
51 53 4.339467020255086
53 53 2.5477075510270306
54 53 3.64631983969514
65 53 3.64631983969514
66 53 3.240854731586976
42 54 4.051784947803305
44 54 4.051784947803305
51 54 4.051784947803305
53 54 3.64631983969514
54 54 3.3586377672433594
55 55 3.64631983969514
56 55 3.1354942159291497
53 56 2.730029107820985
54 56 3.1354942159291497
56 56 3.6054978451748854
57 56 4.23410650459726
53 57 3.64631983969514
54 57 4.051784947803305
56 57 3.1354942159291497
45 58 1.6538896750049341
47 58 0.6124358001767731
58 58 3.207238120787991
60 58 3.445649144232989
58 59 3.445649144232989
45 60 4.051784947803305
47 60 1.9117187843070338
58 60 2.3470368555648795
58 61 3.040184036124825
59 61 4.74493212836325
58 62 1.2484245668967697
59 62 4.339467020255086
61 62 4.74493212836325
62 62 3.64631983969514
62 63 4.339467020255086
64 63 4.74493212836325
62 64 4.74493212836325
66 65 4.74493212836325
55 66 3.64631983969514
66 66 3.64631983969514
62 67 2.03688192726104
63 67 4.23410650459726
64 67 3.8286413964890946
67 67 3.7232808808312687
67 68 3.5409593240373143
69 68 2.847812143477369
67 69 1.9315214116032138
68 69 3.5409593240373143
69 69 3.184284380098582
69 70 3.3586377672433594
70 70 3.3586377672433594
71 71 2.5477075510270306
72 71 2.4423470353692043
73 71 3.86946339100935
71 72 3.240854731586976
72 72 3.253277251585533
73 72 0.873731117455359
73 73 3.764102875351524
74 73 4.2749284991175145
76 73 3.3586377672433594
74 74 3.3586377672433594
75 74 4.74493212836325
76 74 4.74493212836325
77 74 4.051784947803305
77 75 4.74493212836325
81 75 3.64631983969514
85 75 3.1354942159291497
75 76 4.74493212836325
77 76 4.74493212836325
81 76 3.64631983969514
81 77 3.64631983969514
85 77 3.1354942159291497
86 77 3.64631983969514
69 78 2.4423470353692043
70 78 4.74493212836325
70 79 4.74493212836325
78 79 4.74493212836325
70 80 4.051784947803305
78 80 4.74493212836325
79 80 4.74493212836325
78 81 3.64631983969514
79 81 4.339467020255086
80 81 4.339467020255086
81 81 2.5477075510270306
85 81 2.03688192726104
86 81 3.240854731586976
80 82 3.3586377672433594
81 82 3.3586377672433594
82 82 3.581781318557569
83 82 3.0709556947915786
81 83 2.9531726591351948
82 83 3.918253555178782
83 83 3.0709556947915786
83 84 4.2749284991175145
84 84 3.3586377672433594
83 85 1.7491998548092589
84 85 4.051784947803305
85 85 3.3178157727231046
86 85 3.1354942159291497
85 86 3.828641396489095
86 86 3.64631983969514
