0 0 0.11505214494408483
3 0 0.12945239378382473
4 0 -0.2760127143243398
5 0 -2.991443022724172
0 1 0.12945239378382473
0 2 -0.27601271432433966
1 2 3.971688561823843
4 3 3.971688561823843
5 3 2.6425526145439004
5 4 3.048017722652065
0 5 -2.991443022724172
1 5 2.585394200703952
2 5 2.6425526145439004
5 5 2.273192511077853
6 5 -0.44848983881441495
7 5 2.6425526145439004
8 5 -0.3531796590100903
9 5 3.048017722652065
10 5 2.6425526145439004
11 5 0.8507931453158456
1 6 1.5737932890254722
2 6 3.653234830705308
5 6 2.7295639915335306
5 7 2.6425526145439004
6 7 3.771017866361692
2 8 1.669103468829797
5 8 2.5912593201563503
6 8 3.771017866361692
5 9 -0.44848983881441495
6 9 2.0662697741232665
7 9 3.771017866361692
8 9 1.468432773367646
10 9 3.771017866361692
11 9 3.365552758253527
5 10 -0.3531796590100903
6 10 1.468432773367646
8 10 1.5637429531719707
11 10 3.866328046166016
5 11 0.8507931453158456
6 11 3.365552758253527
8 11 3.8663280461660166
11 11 2.873076273155733
