0 0 1.118523783489878
1 0 -0.9980710594462322
2 0 -0.1871408432299036
3 0 0.6237893729864253
6 0 0.5060063373300417
8 0 1.1121421409003573
9 0 -1.1034315751040586
11 0 0.3389522526668755
12 0 -1.5523817951519618
14 0 -1.3657958395715497
16 0 1.6046186259981514
18 0 0.7936884097818228
19 0 -2.3272070067261743
0 1 1.1472285549151835
3 1 0.4682660093471947
4 1 -0.6303462793209151
8 1 1.0436301542507564
11 1 0.6759053741254392
12 1 -1.9955872312429734
14 1 -0.7103889869944514
17 1 1.8545603704670852
18 1 0.7559480817989755
0 2 1.0700389162240538
8 2 1.3437347467010947
11 2 1.6691571471357227
0 3 0.19457017887015376
1 3 1.5668782980153044
3 3 0.5860490450035782
6 3 1.9723434061234688
8 3 0.4682660093471947
9 3 1.7491998548092589
10 3 2.665490586683414
11 3 0.7936884097818225
17 3 2.665490586683414
18 3 1.5668782980153044
19 3 -0.1677227573728021
0 4 0.7699343237737156
1 4 1.6722388136731305
3 4 0.18058393689541372
4 4 -0.22488117121275064
8 4 0.4682660093471947
9 4 1.3437347467010947
11 4 0.38822330167365826
12 4 -1.5901221231348088
0 5 0.19457017887015376
1 5 1.5668782980153044
3 5 1.2791962255635234
8 5 1.16141318990714
9 5 2.4423470353692043
11 5 0.7936884097818225
0 6 0.48225225132193467
2 6 3.3586377672433594
10 6 4.051784947803305
11 6 1.4868355903417678
12 6 0.20163734609324613
0 7 0.48225225132193467
2 7 4.051784947803305
8 7 1.8545603704670852
0 8 -1.3095072179061202
1 8 0.3504829736908112
3 8 1.5668782980153044
4 8 0.06280090123903023
6 8 1.16141318990714
8 8 -1.0358113874290795
9 8 0.9382696385929302
11 8 1.592196105999594
12 8 0.30699786175107235
13 8 -0.8534898306351247
14 8 0.6759053741254392
17 8 1.8545603704670852
18 8 1.8545603704670852
19 8 0.4076413875307599
20 8 0.14981227822866008
1 9 0.9382696385929302
3 9 2.1546649629174235
4 9 0.6505875661411493
8 9 0.2451224580329849
9 9 1.5260563034950492
11 9 1.6691571471357227
12 9 -0.02150620522096362
14 9 0.5705448584676129
19 9 0.3022808718729335
11 10 2.179982770901713
12 10 0.8947845266531914
19 10 1.9117187843070338
0 11 -2.156805078293324
1 11 -0.09134977858822796
4 11 1.2304060613940915
9 11 0.4964368863138909
11 11 -0.4590745587135455
12 11 1.028315919277714
13 11 -0.6021754023542185
14 11 0.9272198024063452
19 11 1.3521029963716111
20 11 -0.2920204740503791
21 11 -0.034191364748279426
0 12 -1.3095072179061202
1 12 0.6914095606614045
2 12 0.18058393689541372
4 12 1.3332634468337992
7 12 1.5668782980153044
8 12 -2.0166406404408055
9 12 -0.04255961441879601
11 12 -1.6912182400061777
12 12 0.6071024542014104
13 12 -1.834319083646851
14 12 -0.5926059513380678
19 12 1.298614311420625
20 12 -0.8310169747830661
21 12 0.873731117455359
22 12 -0.6948848004584861
1 13 -0.16034265007517937
4 13 1.16141318990714
12 13 1.5540301555374554
14 13 0.1650797503594486
19 13 0.8131064956389245
20 13 -0.3610133455373305
21 13 -0.796331416795176
4 14 -0.3049238788862871
12 14 0.12159463841970958
13 14 1.2636920390275583
14 14 1.001327774560067
15 14 -0.6532305731545028
19 14 0.03991660740544242
20 14 2.0846725910973882
21 14 0.9562073392795974
22 14 -0.3049238788862871
0 15 -1.6578139121743363
1 15 0.11995931507897897
3 15 -0.1677227573728021
4 15 -0.5731878654809663
5 15 1.9117187843070338
8 15 -0.9786529735891307
9 15 0.3022808718729335
12 15 0.95194294049314
13 15 1.6015638560031944
14 15 -0.6532305731545028
15 15 -0.9214945597491822
19 15 -0.9214945597491822
20 15 0.6124358001767731
21 15 -0.2283473791892368
22 15 -1.959482226600857
0 16 0.48225225132193467
2 16 4.051784947803305
6 16 4.051784947803305
6 17 4.051784947803305
10 17 4.74493212836325
11 17 2.179982770901713
12 18 -0.20382776201491826
13 18 0.9382696385929302
14 18 2.4676648433534942
20 18 1.9415717474567151
21 18 0.8131064956389242
0 19 -2.3509610927342814
2 19 1.2185716037470886
7 19 1.9117187843070338
12 19 -1.9384288174030246
13 19 -0.10318423623523075
14 19 1.2926795759008105
15 19 -0.9214945597491822
19 19 -0.9214945597491822
20 19 0.9001178726285541
21 19 1.6434547977123546
22 19 0.9849567525655836
12 20 -0.8099635655852337
13 20 0.7375989431307791
14 20 1.391525410537443
15 20 0.9001178726285541
20 20 1.0477538714346186
21 20 1.5932650531884993
22 20 0.5552773863368246
5 21 0.5254244231871432
12 21 -1.9384288174030246
13 21 0.3022808718729335
14 21 -0.6532305731545028
15 21 1.2757300175870372
20 21 -0.48617648849133654
22 21 1.5958658348885568
1 22 -0.9180283517726959
5 22 1.4333469053907815
9 22 -0.7357067949787414
12 22 -0.7791919069184803
13 22 0.9382696385929302
15 22 1.5958658348885568
20 22 -0.1378697942231208
21 22 -1.2663350460409117
22 22 1.207222725938434
