0 0 0.08518086401897293
3 0 0.09864908106983943
4 0 -0.30681602703832495
5 0 -3.079404749278106
0 1 0.09864908106983943
0 2 -0.30681602703832495
1 2 4.007333185232471
4 3 4.007333185232471
5 3 2.6210388241125804
5 4 3.0265039322207445
5 5 2.7388218597689638
6 5 3.0265039322207445
7 5 2.6210388241125804
8 5 1.5224265354444706
2 6 3.3141860046725258
7 6 4.007333185232471
8 6 4.007333185232471
1 7 3.3141860046725258
2 7 4.007333185232471
8 7 4.007333185232471
0 8 -1.4054283157064347
1 8 4.007333185232471
2 8 4.007333185232471
8 8 2.5032557884561966
