0 0 1.2909695646742785
1 0 -1.7587518717957533
3 0 0.29443333531752836
4 0 -2.1642169799039177
5 0 -1.5904165569765387
8 0 1.2138616762202252
9 0 -1.7057274034875332
11 0 0.6035346950147115
12 0 -1.670459264650075
14 0 0.019021355457561742
16 0 -2.6722217273282673
17 0 1.753622410845668
18 0 0.019021355457561742
20 0 0.4890249847032973
21 0 -1.4362658771492802
23 0 1.0688434799562394
24 0 -1.738836562094812
25 0 -3.6986075119423605
0 1 1.267388913735586
1 1 -1.2531284352170464
3 1 0.5487423436153293
4 1 -1.6585935433252108
8 1 1.4824845268232965
11 1 0.6871637215340436
12 1 -1.8579830086313132
15 1 -1.5855684083103208
20 1 0.7069663488302235
21 1 -1.0847931203978316
0 2 1.3982285146943974
8 2 1.2861112165736914
17 2 3.6840064893720617
0 3 0.41739926168267116
1 3 1.4644005098397073
3 3 0.9148960315086053
4 3 -1.4259712480564573
8 3 0.7264954286382685
9 3 1.6227854938057542
11 3 0.5631110728640648
12 3 -2.030825821470724
14 3 1.4504142678649676
15 3 -0.659798932481622
16 3 -0.547681634360916
18 3 2.5490265565330774
20 3 1.2272707165507577
21 3 -1.2576359332372422
22 3 -0.29878558694429136
23 3 1.5839456604894901
0 4 0.6765079616903961
1 4 1.6325374316417058
3 4 0.7953508808588226
5 4 -0.3963518308752989
8 4 0.7123107936463122
9 4 1.5252192498747468
11 4 0.6824578304966311
12 4 -1.2565530960984104
14 4 0.5199389009988561
15 4 -1.5902742993477335
18 4 0.5199389009988561
20 4 -0.3963518308752989
21 4 -1.4949641195434087
0 5 0.3484063901957196
1 5 1.2130860815588014
3 5 0.5582210875698731
8 5 0.3698204846995363
9 5 1.9592577304269672
11 5 1.25625825342401
12 5 -0.5957412961814017
18 5 2.4800336850461258
21 5 -0.22801651605608408
1 6 1.2130860815588014
3 6 2.1676590000039733
10 6 4.5594752267259615
15 6 1.9792583971336366
20 6 3.173180865606071
0 7 0.2996162260262875
1 7 0.11447379289069161
2 7 4.377153669932007
3 7 1.0690467113358637
10 7 3.8663280461660166
11 7 0.15764596475590031
12 7 -1.1835279610835208
13 7 0.23401894354047423
14 7 2.9908593088121163
15 7 0.880646108465527
19 7 4.377153669932007
20 7 2.0745685769379616
0 8 -1.875135495457873
1 8 0.28152787755385805
3 8 1.4437401607772746
4 8 0.11447379289069182
8 8 -0.8241019837728982
9 8 -0.15095546991962253
11 8 1.6098982936675885
12 8 0.3103970642287356
13 8 -2.163876329257896
15 8 0.09218874810125698
16 8 -0.7119846856521921
18 8 1.6915763246818558
20 8 1.468432773367646
21 8 0.6575025571513173
23 8 0.7264954286382685
24 8 0.31671065938558807
25 8 -3.5301299394943406
0 9 -1.240828814920861
1 9 0.2967953496846464
3 9 1.870407476536042
4 9 0.1426446698573883
5 9 0.31097998467660287
8 9 -1.576089664355777
9 9 0.7064947619315992
11 9 1.5721112028424875
12 9 0.2717592715233215
13 9 -1.5295696487208843
14 9 1.227270716550758
15 9 0.5033518773240591
18 9 1.227270716550758
20 9 1.4095922733447126
21 9 0.31097998467660287
24 9 -0.7537307523158255
0 10 -0.21120939773970301
1 10 0.9899425302445917
3 10 1.9445154486897638
11 10 0.339967521549855
12 10 -0.30805922372962063
13 10 0.416340500334429
15 10 1.756114845819427
20 10 2.9500373142918614
22 10 1.423981010796812
0 11 -2.415814082373545
1 11 0.08462082974101068
3 11 -1.3587015246121878
4 11 0.6311645361090804
6 11 1.25625825342401
8 11 -1.5471021274825245
9 11 0.042335118244906184
12 11 1.0038443198096874
13 11 -1.0951170037394675
14 11 0.5631110728640647
15 11 0.5323394141973113
18 11 0.5631110728640647
21 11 1.0331147021098004
22 11 -0.08747649327708457
24 11 0.45391178089907275
25 11 -1.4805413609641858
0 12 -1.4216130923959296
1 12 0.33453567766749337
3 12 -1.0904375380175086
4 12 0.9406714812378089
5 12 -1.6943535848495113
6 12 -0.08491567241541093
7 12 -1.1835279610835208
8 12 -2.1951288727620004
9 12 0.26977711031933016
10 12 -1.0012064042895659
11 12 -1.414051619695353
12 12 0.9391940889547779
13 12 -2.4362909295788886
15 12 -0.24921872370668713
16 12 -2.0830115746412945
20 12 -1.6943535848495113
21 12 0.9912237604006403
22 12 -1.1409683466647247
24 12 0.45981150302626106
25 12 -1.723102998135497
0 13 -1.6462939230290254
1 13 0.7075375148936544
3 13 -1.2823285458276141
4 13 1.1970857402123602
8 13 -1.0652640405897864
9 13 0.45518033365069305
11 13 -0.8074349312876866
12 13 0.9194440780065093
13 13 -2.117356313623003
15 13 -0.08443478757806012
21 13 0.4963832080079655
22 13 -0.011103514492510675
24 13 -0.08875444872257669
25 13 -2.097315562739557
0 14 -0.6812130269854386
1 14 0.5199389009988561
4 14 0.5199389009988561
5 14 3.173180865606071
9 14 1.9592577304269672
11 14 0.5631110728640647
13 14 1.332631232208584
15 14 1.2861112165736914
22 14 1.6471245621110218
0 15 -2.098279046772083
1 15 0.2014851698803216
4 15 0.2014851698803216
5 15 1.756114845819427
6 15 1.9792583971336366
7 15 0.880646108465527
8 15 -1.5172491643328434
9 15 -0.8441026504795678
10 15 1.0629676652594817
12 15 -0.18022585221973567
13 15 1.419642609198214
15 15 1.2553395579069377
16 15 -1.4051318662121375
21 15 -0.03564462340862795
22 15 2.3095000840042137
24 15 0.6914041088269987
25 15 -1.0452232897063403
0 16 -3.3724561097712673
1 16 -0.2253940327316593
3 16 -1.2167312633418006
4 16 0.7731347973794677
5 16 1.3982285146943974
7 16 0.2996162260262875
9 16 0.5207776161365063
11 16 -1.0295197212536544
12 16 0.4819377828202423
13 16 1.8400612669734366
15 16 0.20430604622196294
16 16 -1.2930145680914313
21 16 -0.057058717912444615
22 16 1.1531060566614124
24 16 0.1103742263877594
25 16 -3.4180126413736343
5 17 2.0745685769379616
7 17 2.585394200703952
9 17 0.8606454417588574
13 17 0.23401894354047423
14 17 2.9908593088121163
16 17 0.9927634065862329
22 17 1.2416594540028574
23 17 4.0406814333107945
25 17 0.47720324573813017
1 18 0.5199389009988561
5 18 2.4800336850461258
13 18 1.332631232208584
14 18 4.089471597480226
15 18 1.2861112165736914
16 18 1.3982285146943974
22 18 1.6471245621110218
23 18 3.5298558095448036
4 19 1.9062332621187468
13 19 2.0257784127685294
14 19 4.782618778040171
1 20 -0.3963518308752989
4 20 -0.3963518308752989
5 20 1.5637429531719707
12 20 -1.6943535848495113
13 20 1.669103468829797
15 20 2.1615799539275913
16 20 1.1750849633801876
21 20 -0.22801651605608408
22 20 0.7308338302368668
24 20 1.4153229480536973
25 20 -0.9499131099020154
1 21 -2.188111300103354
3 21 -1.233538381658182
4 21 -2.188111300103354
5 21 -0.22801651605608408
6 21 2.0745685769379616
7 21 0.9759562882698517
10 21 1.1582778450638065
12 21 -1.876675141643466
13 21 0.2340189435404744
15 21 1.6225834531949044
16 21 0.7050813341344521
21 21 -2.0197759852841393
22 21 1.3369696338071824
24 21 1.8642731681016007
25 21 0.659524802532085
1 22 -1.2292609538104027
4 22 -0.5361137732504575
5 22 0.7308338302368668
6 22 2.340271742670967
7 22 1.9348066345628028
10 22 2.1171281913567572
12 22 -1.4286504191165057
13 22 0.8361943458946931
15 22 1.9348066345628028
16 22 0.9017916283805063
19 22 3.0334189232309123
20 22 0.7308338302368668
21 22 -1.0609256389911883
22 22 1.5073626197358632
24 22 1.6120332422997519
25 22 -0.17338432040301915
2 23 3.5298558095448036
4 23 -0.03967688693656664
7 23 2.4312435208766936
12 23 -1.3376786409107788
13 23 1.1784805523813258
15 23 0.7264954286382685
16 23 1.7549034586331298
21 23 0.12865842788264834
22 23 1.0875087741755993
25 23 0.5053741227048267
3 24 -1.1996368299825007
4 24 -2.1542097484276725
5 24 0.9044973242877068
7 24 1.7030050205054783
10 24 1.5976445048476522
12 24 -1.8427735899677846
13 24 0.8557071601182747
14 24 0.7221757674937521
15 24 -0.694890252292892
16 24 1.3982285146943974
19 24 2.108470128613643
20 24 -0.19411496438040288
21 24 -1.2927272530485125
22 24 0.5824138251185935
24 24 -1.9519728819327764
25 24 1.1737927704890483
0 25 -4.11115982193358
1 25 -3.6031550745092304
2 25 1.0649899106402492
4 25 -1.6572449254539172
5 25 0.30284985859335245
7 25 0.4772032457381303
9 25 -1.470689064521174
10 25 -0.9499131099020154
11 25 -3.559982902644022
12 25 -1.6430602904619607
13 25 0.610734638362653
15 25 -2.836982758934395
16 25 1.1669548372969374
21 25 -2.7416725791300705
22 25 -0.6842099441690098
24 25 -2.3023059193462245
25 25 1.3923597313592728
