0 0 0.21406930143376376
4 0 -2.230991439807037
5 0 0.25391520998096345
7 0 -0.2569104137850274
8 0 -2.707915511897346
12 0 0.25391520998096345
14 0 -0.15154989812720093
0 1 0.25391520998096345
0 2 0.25391520998096345
0 3 -0.3057005779544593
1 3 3.447717397297048
6 3 3.447717397297048
7 3 1.1451323043030024
8 3 -0.6127256132493712
0 4 -0.15154989812720093
2 4 4.007333185232471
7 5 3.0910424533583156
8 5 2.0263317163658874
7 6 3.0910424533583156
8 6 2.0263317163658874
8 7 2.431796824474052
0 8 -3.1133806200055107
1 8 2.0263317163658874
3 8 2.431796824474052
6 8 2.0263317163658874
7 8 -0.9694005571881034
8 8 1.7035583241028365
9 8 -0.458574933422113
10 8 1.333184535805942
13 8 2.314013788817668
15 8 2.0263317163658874
16 8 0.33465570569481484
8 9 2.249475267680097
9 9 1.8101086078962514
10 9 2.908720896564361
13 9 1.404643499788087
8 10 2.0263317163658874
9 10 3.6018680771243066
8 11 1.7386496439141066
9 11 3.6018680771243066
10 11 3.3141860046725258
13 11 1.8101086078962514
2 12 4.007333185232471
4 12 4.007333185232471
14 12 5.393627546352362
8 13 -0.170892860970332
9 13 2.0977906803480324
10 13 3.196402969016142
15 13 3.196402969016142
16 13 2.8910213194649605
0 14 -0.8446970786871463
2 14 4.007333185232471
4 14 4.007333185232471
11 15 2.7545702167371027
16 15 3.447717397297048
0 16 -2.690523769185477
2 16 2.8546536752940854
4 16 3.2601187834022496
8 16 -0.5126421546923887
9 16 2.736870639637702
11 16 3.365479299060076
13 16 0.25196398984970164
16 16 2.3379629320756967
