0 0 0.06507632775596361
3 0 0.07560274074295113
4 0 -0.3298623673652131
5 0 -3.1024510896049944
0 1 0.07560274074295113
0 2 -0.3298623673652131
1 2 4.229263880121471
4 3 4.229263880121471
5 3 2.8429695190015805
5 4 3.248434627109745
5 5 2.9607525546579643
6 5 3.248434627109745
7 5 2.8429695190015805
8 5 2.1498223384416355
2 6 4.229263880121471
7 6 4.229263880121471
8 6 4.229263880121471
1 7 4.229263880121471
2 7 4.229263880121471
8 7 4.229263880121471
0 8 -1.0230095479251584
1 8 4.229263880121471
2 8 4.229263880121471
