0 0 1.3147251686201387
1 0 -2.1586097412084397
3 0 0.06393264411206949
4 0 -1.9762881844144853
8 0 0.9866542663165149
9 0 -0.7498425242364906
11 0 0.3446460472477571
12 0 -1.8019347972697075
15 0 -1.5300010817860659
16 0 -2.851756921768385
17 0 0.5494404598937701
19 0 0.5494404598937701
20 0 -2.916295442905956
22 0 0.5494404598937701
23 0 -2.9769200647223912
0 1 1.0400633763422416
1 1 -1.4087672169719492
3 1 0.81377516834856
4 1 -1.2264456601779945
8 1 1.3916563042612762
9 1 -0.4054651081081643
11 1 0.9991783916799226
12 1 -1.2752358243474267
17 1 1.9924301646902063
20 1 -1.4733057381095203
22 1 1.9924301646902063
1 2 1.9924301646902063
3 2 2.828678188890825
8 2 1.9596403418672153
0 3 -0.2237494283397115
1 3 1.6247053845648887
3 3 1.3623411200973978
4 3 -0.3901976359773759
6 3 1.730065900222715
8 3 1.004128896839779
9 3 2.222542385320509
11 3 1.142279235320596
12 3 -1.8252821612666987
19 3 1.0369187196627696
20 3 -0.637057713908902
0 4 0.6978604650120437
1 4 1.8180767775454285
3 4 0.3029495445825694
8 4 0.8202060586788507
9 4 1.3862943611198906
11 4 0.2652092165997224
12 4 -2.4792086286733626
17 4 2.174751721484161
19 4 1.076139432816051
23 4 -0.6584616225720552
0 5 0.14397535178560578
1 5 1.5869650565820417
8 5 0.8610280531991055
9 5 1.8971199848858813
11 5 1.692325572239868
12 5 -0.35894509247327155
2 6 3.6018680771243066
3 6 2.42321308078266
8 6 0.8610280531991055
9 6 1.8971199848858813
10 6 2.908720896564361
13 6 0.8938178760220964
14 6 3.6018680771243066
18 6 3.6018680771243066
2 7 3.0910424533583156
3 7 1.2192402764567245
4 7 0.5653138090500605
8 7 0.35020242943311497
10 7 3.4965075614664802
11 7 1.5869650565820417
12 7 -0.8697707162392622
13 7 0.3829922522561059
14 7 3.0910424533583156
18 7 3.0910424533583156
20 7 0.3184537311185345
0 8 -2.1913995640314305
1 8 0.5043531092603732
3 8 1.7925862572040492
4 8 -0.1606231943328757
6 8 0.8610280531991055
8 8 -0.37573457394982124
9 8 1.1711829815029453
11 8 1.7083259135863091
12 8 0.563776529731174
13 8 -0.7484098592349947
15 8 -0.11980119981262065
19 8 1.26649316130727
20 8 -0.11980119981262065
23 8 -0.8735730021890007
24 8 -2.694320008290308
0 9 -1.155307632344655
1 9 0.6931471805599453
3 9 1.529395204760564
4 9 0.47000362924573574
6 9 1.8971199848858813
9 9 0.5978370007556205
11 9 1.3093333199837622
12 9 -0.5596157879354225
18 9 2.302585092994046
19 9 2.5902671654458267
20 9 0.6286086594223741
23 9 0.5679840376059394
24 9 -0.9650808960435869
1 10 0.6061358035703156
3 10 1.442383827770934
4 10 0.7884573603642703
9 10 1.6094379124341003
11 10 2.0977906803480324
12 10 0.0465200156348927
15 10 1.2347444629926896
20 10 0.5415972824327444
0 11 -1.3601020449906682
1 11 0.3060312111199775
2 11 1.404643499788087
4 11 0.8248250045351451
6 11 0.9991783916799226
9 11 -0.30010459245033816
12 11 1.1574023968948168
13 11 -1.303406701314123
15 11 -0.6747980418917489
19 11 0.30603121111997733
20 11 0.9346398705423514
23 11 0.36318962495992607
24 11 -1.8630224892495457
0 12 -1.6196132404757528
1 12 0.5573456394008836
3 12 -1.8252821612666987
4 12 1.2096708254405737
8 12 -1.3080256471704175
9 12 0.13353139262452257
11 12 -2.556169669809491
12 12 0.9835466459882262
13 12 -1.9683830049073718
15 12 -0.2411620568168881
16 12 -0.5820886437874813
19 12 -1.052092273033217
20 12 0.937492939524758
21 12 -1.2752358243474267
23 12 0.47140320960015875
24 12 -1.8348516122828493
0 13 -2.851756921768385
1 13 0.5371429320833642
4 13 0.9707789171582248
6 13 0.8938178760220964
10 13 0.6061358035703156
12 13 0.9760559742590685
13 13 -0.7156200364120039
15 13 1.0116009116784799
20 13 1.2347444629926898
21 13 -0.02247285585205863
23 13 0.0755075525081453
24 13 -1.5629178967992075
12 14 1.4328143767547834
13 14 1.9924301646902063
12 15 0.2696635669491026
13 15 1.5224265354444706
15 15 1.4578880143068993
16 15 -0.780158557549575
20 15 0.9470623905409088
21 15 2.1102132003465894
23 15 0.4809726606163094
24 15 -0.9343092373768334
0 16 -2.851756921768385
1 16 -0.31015492830383945
4 16 0.7194644888773186
5 16 1.9924301646902063
6 16 0.8938178760220964
7 16 0.3829922522561059
8 16 -1.44155703979494
9 16 -0.4054651081081643
11 16 -1.303406701314123
12 16 0.22884157242884745
13 16 1.586965056582042
15 16 0.6061358035703156
16 16 -1.4087672169719492
20 16 0.3184537311185346
21 16 1.4816045409242156
23 16 0.6632942174102642
24 16 -1.2752358243474267
13 17 1.9924301646902063
16 17 1.9924301646902063
22 17 5.393627546352362
12 18 0.739667196194838
13 18 1.9924301646902063
14 18 4.700480365792417
6 19 2.5032557884561966
13 19 0.8938178760220964
14 19 2.908720896564361
15 19 1.5224265354444706
18 19 2.908720896564361
20 19 0.8292793548845252
23 19 1.1741198411762548
24 19 0.7396671961948382
2 20 1.2347444629926896
3 20 -0.637057713908902
5 20 0.8292793548845252
6 20 1.5224265354444706
7 20 1.0116009116784797
8 20 -1.5060955609325113
10 20 0.5415972824327444
12 20 -1.116630794170788
13 20 0.4726044109457928
15 20 1.553198194111224
16 20 1.0116009116784797
21 20 1.4170660197866443
23 20 1.5370253348656233
24 20 0.2696635669491026
7 21 1.0761394328160512
12 21 -1.2752358243474267
13 21 0.6706743247078867
15 21 1.7047480922384253
16 21 0.6706743247078867
18 21 1.9924301646902063
21 21 1.0761394328160512
23 21 1.6441234704219905
24 21 0.5165236448806285
13 22 1.9924301646902063
16 22 1.9924301646902063
20 22 1.927891643552635
1 23 -1.5339303599259553
5 23 0.7686547330680904
7 23 1.3564413979702095
10 23 1.1741198411762548
12 23 -2.0935461478613777
13 23 0.5455111817538806
14 23 1.1741198411762548
15 23 -0.2121745199436359
16 23 1.3564413979702095
18 23 1.1741198411762548
20 23 -0.9053217005035812
21 23 1.1051269696893034
23 23 -0.5604812142118516
24 23 1.1451323043030026
1 24 -2.661530185467317
2 24 0.739667196194838
4 24 -2.4792086286733626
5 24 1.027349268646619
7 24 1.2096708254405737
8 24 -2.694320008290308
9 24 -1.6582280766035322
10 24 0.739667196194838
11 24 -1.4575573811413813
12 24 -1.6117080609686394
13 24 0.5165236448806284
16 24 1.0996699302262454
20 24 -1.6274564179367788
21 24 -0.5820886437874813
23 24 -1.6880810397532136
24 24 1.398912825079102
