0 0 0.11389577823926846
6 0 0.1382278788987989
7 0 -0.26723722920936527
8 0 -2.4267214785627376
0 1 0.1382278788987991
0 2 0.1382278788987989
0 3 -0.26723722920936543
1 3 3.771017866361692
0 4 -0.26723722920936543
1 4 3.771017866361692
0 5 -0.26723722920936543
2 5 4.782618778040171
7 6 3.4608629380578524
8 6 2.6876730498243706
8 7 3.0476757838557775
11 7 1.8514250256237519
0 8 -2.832186586670902
1 8 2.487002354362219
3 8 2.9500373142918614
8 8 2.238979207165386
11 8 3.024145286445583
12 8 2.68767304982437
13 8 0.9298151322719966
1 9 2.8547271344875367
3 9 2.9500373142918614
8 9 2.7829832296286954
0 10 -2.752143878997366
1 10 1.9792583971336366
3 10 2.7677157574979065
4 10 4.377153669932007
8 10 2.282207941716206
9 10 4.377153669932007
12 11 3.866328046166016
13 11 3.4947644897335333
10 12 2.0745685769379616
13 12 3.866328046166016
0 13 -2.941385878635894
1 13 0.40372203637521764
2 13 3.4947644897335333
4 13 3.4947644897335333
5 13 3.900229597841698
8 13 0.23666795171205135
9 13 3.4947644897335333
10 13 3.843071184001749
13 13 2.766525989362318
