0 0 0.40921544735520826
6 0 0.5108256237659907
7 0 0.10536051565782635
8 0 -2.812410216426453
9 0 -1.6863989535702288
10 0 0.10536051565782635
13 0 0.32850406697203605
14 0 0.10536051565782635
16 0 -0.30010459245033816
17 0 -2.379546134130174
18 0 -3.2268439945173775
0 1 0.3930425881096072
13 1 0.7559480817989755
16 1 1.4490952623589208
18 1 -0.7844969591481733
0 2 0.5108256237659906
0 3 -0.048790164169432174
1 3 2.5477075510270306
13 3 1.0072625100798818
16 3 1.7004096906398272
0 4 0.10536051565782635
1 4 2.5477075510270306
0 5 0.10536051565782635
2 5 4.051784947803305
7 6 3.1354942159291497
8 6 1.604017844964761
14 6 3.1354942159291497
17 6 1.3437347467010947
18 6 -0.1967102942460544
8 7 2.2326265043871354
0 8 -2.5892666651122433
1 8 1.4216962881708066
3 8 2.021317410719928
8 8 1.4743400216562284
13 8 -0.6577452535090293
15 8 1.8271613962789708
17 8 1.4216962881708066
18 8 -0.8118959333362878
0 9 -2.7850112422383386
1 9 0.3504829736908112
3 9 1.2949445825316626
8 9 1.7700029824390222
9 9 0.3504829736908112
11 9 2.5477075510270306
15 9 1.4490952623589208
17 9 0.7559480817989755
18 9 -0.7844969591481733
8 10 1.8271613962789708
9 10 2.5477075510270306
8 11 1.8271613962789708
9 11 2.5477075510270306
0 12 -1.8405496333974871
1 12 1.7004096906398272
3 12 0.8531118302526234
4 12 2.7990219793079367
8 12 0.5743984277836028
9 12 2.2112353144058177
11 12 2.7990219793079367
15 12 1.7004096906398272
17 12 1.0072625100798818
8 13 0.44086703515908027
9 13 1.8545603704670852
10 13 2.9531726591351948
16 13 2.9531726591351948
18 13 1.4127276181880462
17 14 2.9531726591351948
18 14 2.1058747987479913
8 15 -0.6577452535090293
9 15 0.7559480817989755
11 15 2.9531726591351948
12 15 1.0072625100798818
17 15 2.7708511023412403
18 15 1.8181927262962105
18 16 2.511339906856156
9 17 0.7559480817989755
12 17 1.0072625100798818
18 17 2.3935568711997726
0 18 -3.2268439945173775
1 18 -0.09134977858822796
2 18 2.1058747987479913
3 18 -0.5331825308672673
4 18 2.1058747987479913
5 18 2.511339906856156
8 18 -1.505043113896233
9 18 1.4127276181880462
12 18 2.411256448299173
15 18 0.3141153295199365
18 18 1.5770306694793224
