0 0 3.418818983011975
1 0 3.418818983011975
2 0 4.33510971488613
3 0 4.33510971488613
84 0 4.33510971488613
85 0 4.33510971488613
86 0 4.33510971488613
87 0 4.33510971488613
119 0 4.11196616357192
121 0 2.7256718024520294
122 0 3.418818983011975
123 0 3.8242840911201395
138 0 4.33510971488613
0 1 3.824284091120139
2 1 4.33510971488613
3 1 4.33510971488613
84 1 4.33510971488613
85 1 4.33510971488613
86 1 4.33510971488613
87 1 4.33510971488613
119 1 4.33510971488613
123 1 4.33510971488613
138 1 4.33510971488613
3 2 4.33510971488613
84 2 4.33510971488613
85 2 4.33510971488613
86 2 4.33510971488613
87 2 4.33510971488613
119 2 4.33510971488613
121 2 4.047427642434349
122 2 4.33510971488613
123 2 4.33510971488613
138 2 4.33510971488613
3 3 2.948815353766239
84 3 4.33510971488613
87 3 4.33510971488613
119 3 4.33510971488613
121 3 4.33510971488613
122 3 4.33510971488613
123 3 4.33510971488613
124 3 4.33510971488613
138 3 4.33510971488613
148 3 0.9339123332239745
150 3 4.33510971488613
4 4 3.45964097753223
9 4 0.5974400966027618
20 4 3.747323049984011
26 4 4.33510971488613
32 4 3.7220052419997214
33 4 4.101494863704625
91 4 3.2364974262180204
92 4 4.33510971488613
6 5 3.6419625343261846
11 5 3.6419625343261846
23 5 4.33510971488613
28 5 4.33510971488613
29 5 4.33510971488613
40 5 4.33510971488613
54 5 4.33510971488613
58 5 4.33510971488613
346 5 4.33510971488613
347 5 3.2364974262180204
348 5 4.33510971488613
5 6 3.6419625343261846
6 6 2.948815353766239
11 6 2.948815353766239
23 6 4.33510971488613
28 6 4.33510971488613
29 6 4.33510971488613
40 6 4.33510971488613
54 6 4.047427642434349
58 6 4.33510971488613
71 6 2.0325246218920845
72 6 2.543350245658075
346 6 4.33510971488613
347 6 3.2364974262180204
348 6 4.33510971488613
49 7 4.33510971488613
296 7 4.33510971488613
297 7 4.33510971488613
315 7 1.8502030650981298
323 7 4.33510971488613
326 7 4.33510971488613
328 7 3.418818983011975
329 7 4.33510971488613
332 7 4.33510971488613
5 8 4.33510971488613
6 8 4.33510971488613
11 8 3.6419625343261846
23 8 4.33510971488613
28 8 4.33510971488613
29 8 4.33510971488613
40 8 4.33510971488613
58 8 4.33510971488613
346 8 4.33510971488613
347 8 3.2364974262180204
348 8 4.33510971488613
4 9 4.311012163307069
9 9 3.4878118544989265
20 9 3.370028818842543
26 9 2.3891995658308165
32 9 3.567854562172463
33 9 3.3054902977049716
91 9 0.7797616533967164
92 9 3.082346746390762
4 10 4.33510971488613
9 10 4.33510971488613
10 10 3.2364974262180204
20 10 2.1378851375499104
33 10 1.8502030650981298
5 11 3.6419625343261846
6 11 4.047427642434349
8 11 3.6419625343261846
11 11 2.948815353766239
23 11 4.33510971488613
28 11 4.33510971488613
29 11 4.33510971488613
40 11 4.33510971488613
47 11 2.948815353766239
54 11 3.6419625343261846
58 11 3.6419625343261846
72 11 2.543350245658075
346 11 4.33510971488613
347 11 3.2364974262180204
348 11 3.6419625343261846
15 12 4.581242784425038
298 12 4.33510971488613
300 12 4.33510971488613
301 12 4.33510971488613
306 12 4.33510971488613
7 13 4.33510971488613
13 13 3.2364974262180204
14 13 3.6419625343261846
18 13 4.33510971488613
19 13 4.33510971488613
22 13 4.33510971488613
24 13 4.33510971488613
25 13 4.33510971488613
34 13 4.33510971488613
49 13 4.33510971488613
328 13 1.62705951378392
329 13 2.948815353766239
332 13 3.2364974262180204
7 14 4.33510971488613
13 14 3.6419625343261846
14 14 2.948815353766239
18 14 4.33510971488613
19 14 4.33510971488613
22 14 4.33510971488613
24 14 4.33510971488613
25 14 4.33510971488613
34 14 4.33510971488613
49 14 4.33510971488613
328 14 2.0325246218920845
329 14 2.2556681732062938
332 14 3.6419625343261846
15 15 3.792785424060768
298 15 4.33510971488613
300 15 4.33510971488613
301 15 4.33510971488613
304 15 4.0166559837675955
305 15 4.288589699251237
306 15 4.33510971488613
307 15 2.1378851375499104
309 15 3.32350880320765
310 15 3.7289739113158142
13 16 4.33510971488613
14 16 4.33510971488613
18 16 4.33510971488613
19 16 4.33510971488613
22 16 4.33510971488613
25 16 4.33510971488613
42 16 4.33510971488613
43 16 4.33510971488613
46 16 4.33510971488613
13 17 4.33510971488613
14 17 4.33510971488613
16 17 4.33510971488613
18 17 3.6419625343261846
22 17 4.33510971488613
25 17 4.33510971488613
41 17 3.6419625343261846
42 17 4.33510971488613
43 17 4.33510971488613
46 17 4.33510971488613
7 18 4.33510971488613
18 18 2.948815353766239
19 18 4.33510971488613
24 18 4.33510971488613
34 18 4.33510971488613
49 18 4.33510971488613
296 18 4.047427642434349
326 18 4.33510971488613
328 18 3.418818983011975
329 18 4.047427642434349
332 18 4.33510971488613
7 19 4.33510971488613
24 19 4.33510971488613
34 19 4.33510971488613
49 19 4.33510971488613
296 19 4.33510971488613
297 19 4.33510971488613
326 19 4.33510971488613
328 19 3.418818983011975
329 19 4.047427642434349
332 19 4.33510971488613
20 20 3.3906481060452784
26 20 3.6419625343261846
32 20 3.45964097753223
33 20 3.45964097753223
90 20 3.929644606777966
91 20 3.8242840911201395
92 20 3.6419625343261846
95 20 2.6864510892987483
96 20 3.3542804618744038
12 21 5.251400446760285
15 21 4.534722768790146
21 21 5.251400446760285
298 21 2.543350245658075
300 21 3.2364974262180204
301 21 3.6419625343261846
7 22 4.33510971488613
18 22 4.33510971488613
19 22 4.33510971488613
22 22 2.948815353766239
24 22 4.33510971488613
25 22 4.33510971488613
34 22 4.33510971488613
49 22 4.33510971488613
328 22 3.418818983011975
329 22 3.3542804618744038
332 22 4.33510971488613
28 23 4.33510971488613
29 23 4.33510971488613
40 23 4.33510971488613
54 23 4.33510971488613
55 23 4.33510971488613
58 23 4.33510971488613
71 23 2.7256718024520294
72 23 3.2364974262180204
346 23 4.33510971488613
347 23 3.2364974262180204
348 23 4.33510971488613
7 24 4.33510971488613
34 24 4.33510971488613
49 24 4.33510971488613
296 24 4.33510971488613
297 24 4.33510971488613
326 24 4.33510971488613
328 24 3.418818983011975
329 24 4.33510971488613
332 24 4.33510971488613
7 25 4.33510971488613
18 25 4.33510971488613
19 25 4.33510971488613
24 25 4.33510971488613
25 25 2.948815353766239
34 25 4.33510971488613
49 25 4.33510971488613
296 25 2.948815353766239
326 25 4.33510971488613
328 25 3.418818983011975
329 25 3.6419625343261846
332 25 4.33510971488613
20 26 3.6419625343261846
32 26 3.6419625343261846
33 26 3.6419625343261846
90 26 4.33510971488613
91 26 4.33510971488613
96 26 2.948815353766239
27 27 3.5084311417016623
30 27 4.33510971488613
35 27 3.960416265444719
36 27 3.9754541428092596
94 27 3.171958905080449
102 27 2.2556681732062938
29 28 4.33510971488613
40 28 4.33510971488613
54 28 4.33510971488613
55 28 4.33510971488613
58 28 4.33510971488613
70 28 4.33510971488613
71 28 2.7256718024520294
72 28 3.2364974262180204
346 28 4.33510971488613
347 28 3.2364974262180204
348 28 4.33510971488613
40 29 4.33510971488613
54 29 4.33510971488613
55 29 4.33510971488613
58 29 4.33510971488613
70 29 4.33510971488613
71 29 3.418818983011975
72 29 3.2364974262180204
346 29 4.33510971488613
347 29 3.2364974262180204
348 29 4.33510971488613
35 30 3.6419625343261846
36 30 4.152788158092175
37 30 3.2364974262180204
94 30 4.33510971488613
102 30 4.33510971488613
31 31 3.5084311417016623
82 31 3.7817244767013434
20 32 3.7220052419997214
26 32 3.6419625343261846
32 32 3.3542804618744038
33 32 3.3542804618744038
90 32 3.6419625343261846
91 32 3.7372727141305093
92 32 3.6419625343261846
95 32 2.6864510892987483
96 32 3.3542804618744038
20 33 3.7220052419997214
26 33 3.6419625343261846
32 33 3.8651060856403943
33 33 3.3542804618744038
90 33 3.8651060856403943
91 33 3.904326798793676
92 33 3.6419625343261846
95 33 1.7701603574245932
96 33 3.171958905080449
7 34 4.33510971488613
49 34 4.33510971488613
296 34 4.33510971488613
297 34 4.33510971488613
323 34 4.33510971488613
326 34 4.33510971488613
328 34 3.418818983011975
329 34 4.33510971488613
332 34 4.33510971488613
27 35 2.948815353766239
30 35 3.6419625343261846
35 35 2.948815353766239
36 35 3.8651060856403943
37 35 3.6419625343261846
63 35 3.6419625343261846
94 35 3.6419625343261846
102 35 3.6419625343261846
27 36 1.8502030650981298
30 36 2.543350245658075
31 36 2.0733466164123393
35 36 3.1029660335934977
36 36 3.492430800355221
37 36 4.118886606416494
63 36 3.796113214153443
64 36 3.554951157336555
94 36 4.152788158092175
102 36 4.152788158092175
31 37 4.33510971488613
37 37 3.2364974262180204
63 37 4.33510971488613
64 37 4.33510971488613
82 37 1.339377441332139
4 38 4.152788158092175
9 38 4.33510971488613
10 38 4.33510971488613
4 39 3.929644606777966
9 39 4.33510971488613
10 39 4.33510971488613
38 39 4.33510971488613
40 40 3.2364974262180204
54 40 4.33510971488613
55 40 4.33510971488613
58 40 4.33510971488613
70 40 4.33510971488613
71 40 3.418818983011975
72 40 3.929644606777966
73 40 4.33510971488613
346 40 4.33510971488613
347 40 3.2364974262180204
348 40 4.33510971488613
13 41 4.33510971488613
14 41 4.33510971488613
16 41 4.33510971488613
17 41 3.6419625343261846
18 41 3.6419625343261846
22 41 4.33510971488613
25 41 4.33510971488613
41 41 2.948815353766239
42 41 4.33510971488613
43 41 4.33510971488613
46 41 4.33510971488613
7 42 4.33510971488613
13 42 4.33510971488613
14 42 4.33510971488613
18 42 4.33510971488613
19 42 4.33510971488613
22 42 4.33510971488613
24 42 4.33510971488613
25 42 4.33510971488613
34 42 4.33510971488613
13 43 4.33510971488613
14 43 4.33510971488613
18 43 4.33510971488613
19 43 4.33510971488613
22 43 4.33510971488613
24 43 4.33510971488613
25 43 4.33510971488613
42 43 4.33510971488613
46 43 4.33510971488613
27 44 4.33510971488613
30 44 4.33510971488613
35 44 3.6419625343261846
36 44 3.45964097753223
27 45 4.33510971488613
30 45 4.33510971488613
35 45 3.6419625343261846
36 45 3.2364974262180204
44 45 4.33510971488613
13 46 4.33510971488613
14 46 4.33510971488613
18 46 4.33510971488613
19 46 4.33510971488613
22 46 4.33510971488613
24 46 4.33510971488613
25 46 4.33510971488613
34 46 4.33510971488613
42 46 4.33510971488613
5 47 4.33510971488613
6 47 4.33510971488613
8 47 4.33510971488613
11 47 4.047427642434349
23 47 4.33510971488613
28 47 4.33510971488613
29 47 4.33510971488613
40 47 4.33510971488613
47 47 2.948815353766239
48 47 2.948815353766239
50 47 3.6419625343261846
346 47 3.6419625343261846
347 47 2.543350245658075
348 47 3.6419625343261846
5 48 4.33510971488613
6 48 4.33510971488613
8 48 4.33510971488613
11 48 4.33510971488613
23 48 4.33510971488613
28 48 4.33510971488613
29 48 4.33510971488613
40 48 4.152788158092175
47 48 4.047427642434349
48 48 2.948815353766239
50 48 4.33510971488613
347 48 2.543350245658075
296 49 4.33510971488613
297 49 4.33510971488613
315 49 2.543350245658075
323 49 4.33510971488613
326 49 4.33510971488613
328 49 3.418818983011975
329 49 4.33510971488613
332 49 4.33510971488613
5 50 4.33510971488613
6 50 4.33510971488613
8 50 4.33510971488613
11 50 4.33510971488613
23 50 4.33510971488613
28 50 4.33510971488613
29 50 4.33510971488613
40 50 4.33510971488613
47 50 3.6419625343261846
346 50 3.6419625343261846
347 50 3.2364974262180204
9 51 4.180959035058872
10 51 4.33510971488613
38 51 4.33510971488613
39 51 4.33510971488613
52 51 2.948815353766239
53 51 3.4878118544989265
4 52 1.1570558845381844
9 52 3.400800477509297
10 52 4.33510971488613
38 52 4.33510971488613
39 52 4.33510971488613
51 52 4.047427642434349
52 52 3.3542804618744038
53 52 3.9473441838773664
4 53 2.3891995658308165
9 53 3.8772766212606498
10 53 4.286319550716698
38 53 4.33510971488613
39 53 4.33510971488613
51 53 3.7754939269507073
52 53 3.2001297820471453
53 53 3.4878118544989265
54 54 2.948815353766239
55 54 4.33510971488613
69 54 4.33510971488613
70 54 4.33510971488613
71 54 4.33510971488613
72 54 4.33510971488613
73 54 4.33510971488613
78 54 3.082346746390762
79 54 3.6419625343261846
69 55 4.33510971488613
70 55 4.33510971488613
71 55 4.11196616357192
72 55 3.929644606777966
73 55 4.33510971488613
74 55 4.33510971488613
78 55 3.7754939269507073
79 55 4.33510971488613
56 56 3.45964097753223
57 56 3.2364974262180204
65 56 3.2364974262180204
67 56 3.2364974262180204
83 56 3.929644606777966
343 56 4.33510971488613
344 56 4.33510971488613
345 56 4.33510971488613
347 56 3.842633229788336
56 57 3.929644606777966
83 57 3.6419625343261846
343 57 4.33510971488613
344 57 4.33510971488613
345 57 4.33510971488613
347 57 3.929644606777966
54 58 4.33510971488613
55 58 4.33510971488613
69 58 4.33510971488613
70 58 4.33510971488613
71 58 4.33510971488613
72 58 4.33510971488613
73 58 4.33510971488613
78 58 2.3891995658308165
60 59 4.33510971488613
61 59 4.0166559837675955
62 59 3.929644606777966
66 59 4.33510971488613
80 59 3.6419625343261846
81 59 4.33510971488613
60 60 2.948815353766239
61 60 4.288589699251237
62 60 4.33510971488613
66 60 4.33510971488613
56 61 4.115746886411826
57 61 4.239799535081805
61 61 3.54665235452186
62 61 3.32350880320765
66 61 3.54665235452186
343 61 2.6303616226477047
344 61 3.4412918388640334
345 61 1.9372144420877595
56 62 3.929644606777966
57 62 3.929644606777966
61 62 3.8831245911430727
62 62 3.2364974262180204
66 62 3.929644606777966
344 62 3.054175869424066
31 63 4.33510971488613
63 63 3.2364974262180204
64 63 4.33510971488613
82 63 2.7256718024520294
31 64 4.33510971488613
64 64 2.948815353766239
82 64 3.2111796182337304
53 65 1.6960523852708713
65 65 2.948815353766239
67 65 3.6419625343261846
68 65 4.33510971488613
333 65 4.33510971488613
334 65 4.33510971488613
335 65 4.33510971488613
336 65 3.6419625343261846
352 65 4.33510971488613
353 65 4.33510971488613
354 65 4.33510971488613
355 65 4.33510971488613
56 66 4.33510971488613
57 66 4.33510971488613
61 66 3.7289739113158142
62 66 3.2364974262180204
344 66 2.543350245658075
65 67 3.6419625343261846
68 67 4.33510971488613
333 67 4.33510971488613
334 67 4.33510971488613
335 67 4.33510971488613
336 67 4.33510971488613
352 67 4.33510971488613
353 67 4.33510971488613
354 67 4.33510971488613
355 67 4.33510971488613
52 68 2.948815353766239
53 68 2.3891995658308165
333 68 4.33510971488613
334 68 4.33510971488613
335 68 4.33510971488613
336 68 4.33510971488613
352 68 4.33510971488613
353 68 4.33510971488613
354 68 4.33510971488613
355 68 4.33510971488613
71 69 3.824284091120139
74 69 4.33510971488613
76 69 4.33510971488613
77 69 4.33510971488613
78 69 4.33510971488613
79 69 4.33510971488613
106 69 4.33510971488613
69 70 4.33510971488613
71 70 4.11196616357192
72 70 3.929644606777966
73 70 4.33510971488613
74 70 4.33510971488613
76 70 4.33510971488613
78 70 3.7754939269507073
79 70 4.33510971488613
55 71 2.7256718024520294
69 71 3.418818983011975
70 71 2.7256718024520294
71 71 3.418818983011975
72 71 3.0133538749038107
73 71 3.418818983011975
74 71 4.33510971488613
76 71 4.11196616357192
77 71 4.11196616357192
78 71 4.11196616357192
79 71 4.33510971488613
103 71 3.8242840911201395
105 71 2.7256718024520294
106 71 3.8242840911201395
107 71 3.418818983011975
55 72 3.2364974262180204
69 72 4.33510971488613
70 72 3.2364974262180204
71 72 4.02495478658229
72 72 3.2364974262180204
73 72 3.2364974262180204
74 72 4.33510971488613
76 72 3.929644606777966
77 72 3.929644606777966
78 72 3.998637478264917
79 72 4.33510971488613
69 73 4.33510971488613
71 73 3.824284091120139
72 73 3.929644606777966
74 73 4.33510971488613
76 73 4.33510971488613
77 73 4.33510971488613
78 73 3.998637478264917
79 73 4.33510971488613
76 74 4.33510971488613
77 74 4.33510971488613
78 74 3.998637478264917
98 74 2.083817916279635
103 74 4.33510971488613
104 74 4.33510971488613
105 74 4.33510971488613
106 74 4.33510971488613
107 74 4.33510971488613
59 75 4.33510971488613
60 75 4.33510971488613
61 75 3.7289739113158142
62 75 3.929644606777966
66 75 4.33510971488613
80 75 4.33510971488613
81 75 4.33510971488613
77 76 4.33510971488613
78 76 3.4878118544989265
98 76 2.77696509683958
99 76 1.5625209926463486
103 76 4.33510971488613
104 76 4.33510971488613
105 76 4.33510971488613
106 76 4.33510971488613
107 76 4.33510971488613
78 77 3.4878118544989265
98 77 2.77696509683958
99 77 2.2556681732062938
103 77 4.33510971488613
104 77 4.33510971488613
105 77 4.33510971488613
106 77 4.33510971488613
107 77 4.33510971488613
74 78 3.082346746390762
76 78 3.7754939269507073
77 78 3.7754939269507073
78 78 3.4878118544989265
79 78 3.082346746390762
98 78 2.4892830243877992
99 78 1.919195936585081
103 78 4.33510971488613
104 78 4.261001742732408
105 78 4.33510971488613
106 78 4.33510971488613
107 78 4.33510971488613
74 79 4.33510971488613
76 79 4.33510971488613
77 79 4.33510971488613
78 79 3.998637478264917
98 79 1.3906707357196897
103 79 4.33510971488613
104 79 4.33510971488613
105 79 4.33510971488613
106 79 4.33510971488613
107 79 4.33510971488613
59 80 3.6419625343261846
60 80 4.33510971488613
61 80 4.0166559837675955
62 80 4.152788158092175
66 80 4.33510971488613
80 80 2.948815353766239
81 80 3.6419625343261846
60 81 4.33510971488613
61 81 4.0166559837675955
62 81 4.33510971488613
66 81 4.33510971488613
80 81 3.6419625343261846
59 82 3.904326798793676
60 82 3.5906692399386344
61 82 2.1195359988817137
62 82 2.6386604254624
66 82 1.339377441332139
75 82 4.047427642434349
80 82 3.8651060856403943
81 82 3.8242840911201395
82 82 3.5366020186683587
65 83 4.33510971488613
67 83 4.33510971488613
68 83 4.33510971488613
83 83 2.948815353766239
334 83 4.152788158092175
335 83 4.33510971488613
352 83 4.33510971488613
353 83 4.33510971488613
354 83 4.33510971488613
355 83 4.33510971488613
87 84 3.6419625343261846
119 84 4.33510971488613
121 84 4.33510971488613
122 84 4.33510971488613
123 84 4.33510971488613
124 84 4.33510971488613
138 84 4.33510971488613
148 84 2.7256718024520294
150 84 4.33510971488613
3 85 4.33510971488613
84 85 4.33510971488613
86 85 4.33510971488613
87 85 4.33510971488613
119 85 4.33510971488613
121 85 4.33510971488613
122 85 4.33510971488613
123 85 4.33510971488613
138 85 4.33510971488613
3 86 4.33510971488613
84 86 4.33510971488613
87 86 4.33510971488613
119 86 4.33510971488613
121 86 4.33510971488613
122 86 4.33510971488613
123 86 4.33510971488613
124 86 4.33510971488613
138 86 4.33510971488613
84 87 3.6419625343261846
87 87 2.948815353766239
119 87 4.33510971488613
121 87 4.33510971488613
122 87 4.33510971488613
123 87 4.33510971488613
124 87 4.33510971488613
138 87 4.33510971488613
148 87 2.7256718024520294
150 87 4.33510971488613
88 88 5.251400446760285
88 89 5.251400446760285
90 90 2.948815353766239
91 90 2.7256718024520294
93 90 3.6419625343261846
95 90 4.0214521560310885
96 90 4.047427642434349
20 91 2.7256718024520294
32 91 2.7256718024520294
33 91 2.7256718024520294
90 91 4.11196616357192
91 91 3.418818983011975
93 91 2.7256718024520294
95 91 3.528018274976967
96 91 3.8242840911201395
20 92 3.6419625343261846
26 92 4.33510971488613
32 92 3.6419625343261846
33 92 3.6419625343261846
90 92 4.33510971488613
91 92 4.33510971488613
13 93 3.6419625343261846
14 93 4.047427642434349
16 93 4.33510971488613
17 93 4.33510971488613
22 93 3.6419625343261846
25 93 2.948815353766239
41 93 4.33510971488613
42 93 4.33510971488613
43 93 4.33510971488613
46 93 4.33510971488613
93 93 2.948815353766239
95 93 2.6864510892987483
96 93 2.2556681732062938
31 94 3.960416265444719
37 94 4.33510971488613
63 94 4.33510971488613
64 94 4.33510971488613
94 94 2.948815353766239
102 94 4.33510971488613
13 95 3.1564547185444836
14 95 3.0229233259199613
16 95 3.9673849347608128
17 95 4.168055630222963
22 95 2.175625465532758
41 95 4.121535614588071
42 95 3.561919826652648
43 95 3.849601899104429
46 95 3.7160705064799067
93 95 4.072745450418639
95 95 3.5490164218167406
96 95 3.0229233259199613
13 96 2.948815353766239
14 96 2.948815353766239
16 96 2.948815353766239
17 96 2.948815353766239
41 96 3.3542804618744038
42 96 2.948815353766239
43 96 2.948815353766239
46 96 2.948815353766239
93 96 3.8651060856403943
95 96 3.9673849347608128
96 96 3.3542804618744038
97 97 2.948815353766239
98 97 3.1824302049477446
99 97 3.5774240131886135
100 97 3.2364974262180204
27 98 1.3906707357196897
36 98 -1.0942359140683107
44 98 2.77696509683958
45 98 3.0001086481537897
97 98 3.4055737562619544
98 98 3.1647306278483436
99 98 3.3185623792723242
100 98 3.3831009004098958
101 98 3.4701122773995254
27 99 3.472063497530787
30 99 2.2556681732062938
35 99 2.948815353766239
36 99 1.8502030650981298
44 99 3.759745569982568
45 99 3.759745569982568
97 99 2.948815353766239
98 99 2.695619457385628
99 99 2.9008061345798786
100 99 2.6611332813144584
101 99 3.171958905080449
27 100 1.8502030650981298
44 100 3.2364974262180204
45 100 3.2364974262180204
97 100 3.929644606777966
98 100 3.125271791107796
99 100 3.297122048034455
100 100 2.1378851375499104
101 100 3.929644606777966
97 101 4.33510971488613
98 101 3.4701122773995254
99 101 2.948815353766239
100 101 3.2364974262180204
31 102 4.201578322261607
37 102 4.33510971488613
63 102 4.33510971488613
64 102 4.33510971488613
98 103 3.3365808847750027
99 103 2.6611332813144584
100 103 3.2364974262180204
104 103 4.33510971488613
105 103 4.33510971488613
107 103 4.33510971488613
98 104 3.53073689921596
99 104 2.948815353766239
100 104 3.929644606777966
104 104 2.948815353766239
98 105 3.4701122773995254
99 105 2.6611332813144584
100 105 3.929644606777966
104 105 4.33510971488613
98 106 3.1824302049477446
99 106 2.6611332813144584
100 106 3.2364974262180204
103 106 4.33510971488613
104 106 4.33510971488613
105 106 4.33510971488613
107 106 4.33510971488613
98 107 3.3365808847750027
99 107 2.6611332813144584
100 107 3.929644606777966
104 107 4.33510971488613
105 107 4.33510971488613
88 108 5.097249766933027
89 108 5.097249766933027
88 109 4.963718374308504
89 109 4.963718374308504
108 109 4.963718374308504
88 110 4.8459353386521204
89 110 4.8459353386521204
108 110 4.8459353386521204
109 110 4.8459353386521204
88 111 4.691784658824862
89 111 4.691784658824862
108 111 4.691784658824862
109 111 4.691784658824862
110 111 4.691784658824862
111 111 3.3054902977049716
88 112 3.2364974262180204
89 112 4.33510971488613
108 112 4.33510971488613
109 112 4.33510971488613
110 112 4.33510971488613
111 112 4.33510971488613
113 112 4.33510971488613
114 112 4.33510971488613
115 112 4.33510971488613
116 112 4.33510971488613
88 113 3.929644606777966
89 113 4.33510971488613
108 113 4.33510971488613
109 113 4.33510971488613
110 113 4.33510971488613
111 113 4.33510971488613
113 113 3.2364974262180204
114 113 4.33510971488613
115 113 4.33510971488613
116 113 4.33510971488613
88 114 4.33510971488613
89 114 4.33510971488613
108 114 4.33510971488613
109 114 4.33510971488613
110 114 4.33510971488613
111 114 4.33510971488613
115 114 4.33510971488613
116 114 4.33510971488613
88 115 4.404102586373082
89 115 4.404102586373082
108 115 4.404102586373082
109 115 4.404102586373082
110 115 4.404102586373082
111 115 4.404102586373082
116 115 4.404102586373082
88 116 4.517431271680085
89 116 4.517431271680085
108 116 4.517431271680085
109 116 4.517431271680085
110 116 4.517431271680085
111 116 4.517431271680085
116 116 3.131136910560194
88 117 1.8502030650981298
89 117 4.33510971488613
108 117 4.33510971488613
109 117 4.33510971488613
110 117 4.33510971488613
111 117 4.33510971488613
112 117 4.33510971488613
113 117 4.33510971488613
114 117 4.33510971488613
115 117 4.33510971488613
116 117 4.33510971488613
117 117 2.948815353766239
108 118 4.33510971488613
109 118 4.33510971488613
110 118 4.33510971488613
111 118 4.33510971488613
112 118 4.33510971488613
113 118 4.33510971488613
114 118 4.33510971488613
115 118 4.33510971488613
116 118 4.33510971488613
117 118 4.33510971488613
121 119 4.33510971488613
122 119 4.33510971488613
123 119 4.33510971488613
124 119 4.33510971488613
148 119 3.5729696628392333
150 119 4.33510971488613
120 120 3.2364974262180204
129 120 4.33510971488613
130 120 4.33510971488613
153 120 4.292550100467334
154 120 4.33510971488613
156 120 3.2364974262180204
121 121 3.3542804618744038
122 121 2.948815353766239
124 121 4.33510971488613
148 121 4.047427642434349
150 121 4.33510971488613
121 122 4.047427642434349
124 122 4.33510971488613
148 122 3.929644606777966
150 122 4.33510971488613
121 123 4.33510971488613
122 123 4.33510971488613
124 123 4.33510971488613
148 123 3.7065010554637556
150 123 4.33510971488613
148 124 4.266116843399178
150 124 4.33510971488613
120 125 3.054175869424066
125 125 3.5650014931900564
126 125 3.842633229788336
129 125 1.4447379569899652
130 125 2.543350245658075
153 125 0.05844359587007458
120 126 4.33510971488613
126 126 3.524179498669801
129 126 4.33510971488613
130 126 4.33510971488613
153 126 3.584804120486236
154 126 3.747323049984011
125 127 4.083795286605224
128 127 2.7256718024520294
125 128 3.9461739087291763
127 128 4.11196616357192
128 128 3.418818983011975
153 129 4.201578322261607
154 129 4.33510971488613
156 129 4.33510971488613
157 129 4.33510971488613
158 129 4.33510971488613
129 130 4.33510971488613
153 130 4.33510971488613
154 130 4.33510971488613
156 130 4.33510971488613
157 130 4.33510971488613
125 131 3.524179498669801
127 131 4.33510971488613
128 131 4.33510971488613
132 131 3.6419625343261846
125 132 3.524179498669801
127 132 4.33510971488613
128 132 4.33510971488613
131 132 3.6419625343261846
132 132 2.948815353766239
125 133 3.2364974262180204
127 133 4.33510971488613
128 133 4.33510971488613
131 133 4.33510971488613
132 133 4.33510971488613
109 134 4.33510971488613
110 134 4.33510971488613
111 134 4.33510971488613
112 134 4.33510971488613
113 134 4.33510971488613
114 134 4.33510971488613
115 134 4.33510971488613
116 134 4.33510971488613
117 134 4.33510971488613
118 134 4.33510971488613
110 135 4.33510971488613
111 135 4.33510971488613
112 135 4.33510971488613
113 135 4.33510971488613
114 135 4.33510971488613
115 135 4.33510971488613
116 135 4.33510971488613
117 135 4.33510971488613
118 135 4.33510971488613
134 135 4.33510971488613
112 136 4.33510971488613
113 136 4.33510971488613
114 136 4.33510971488613
115 136 3.6419625343261846
117 136 4.33510971488613
118 136 4.33510971488613
134 136 4.33510971488613
135 136 4.33510971488613
136 136 2.948815353766239
137 136 4.33510971488613
111 137 3.3542804618744038
112 137 4.33510971488613
113 137 4.33510971488613
114 137 4.33510971488613
115 137 4.33510971488613
116 137 4.201578322261607
117 137 4.33510971488613
118 137 4.33510971488613
134 137 4.33510971488613
135 137 4.33510971488613
137 137 3.3542804618744038
119 138 4.33510971488613
121 138 4.33510971488613
122 138 4.33510971488613
123 138 4.33510971488613
124 138 4.33510971488613
138 138 2.948815353766239
148 138 3.331807606022345
150 138 4.33510971488613
139 139 2.948815353766239
140 139 3.6419625343261846
141 139 4.047427642434349
142 139 3.796113214153443
143 139 3.6419625343261846
144 139 4.33510971488613
139 140 3.6419625343261846
140 140 2.948815353766239
141 140 4.33510971488613
142 140 3.796113214153443
143 140 3.3542804618744038
144 140 4.33510971488613
139 141 2.948815353766239
141 141 2.948815353766239
142 141 3.9902692285944004
143 141 4.047427642434349
144 141 4.152788158092175
125 142 0.7515907764300199
127 142 3.45964097753223
128 142 3.4988616906855112
131 142 3.6419625343261846
132 142 3.7220052419997214
133 142 3.929644606777966
142 142 3.5396836852057665
143 142 3.45964097753223
144 142 3.2364974262180204
147 142 4.152788158092175
155 142 4.047427642434349
128 143 3.2852875903874525
131 143 4.047427642434349
132 143 3.8651060856403943
133 143 4.047427642434349
139 143 2.948815353766239
140 143 2.948815353766239
141 143 2.948815353766239
142 143 3.554951157336555
143 143 2.948815353766239
144 143 3.2364974262180204
147 143 4.047427642434349
155 143 4.047427642434349
128 144 1.62705951378392
131 144 3.929644606777966
132 144 3.929644606777966
133 144 3.929644606777966
141 144 2.543350245658075
142 144 3.796113214153443
143 144 3.796113214153443
144 144 3.2364974262180204
147 144 3.929644606777966
155 144 3.929644606777966
139 145 4.33510971488613
140 145 4.33510971488613
141 145 4.33510971488613
142 145 3.1029660335934977
143 145 2.948815353766239
144 145 3.2364974262180204
145 145 2.948815353766239
146 145 4.33510971488613
139 146 4.33510971488613
140 146 4.33510971488613
141 146 4.33510971488613
142 146 3.584804120486236
143 146 3.2364974262180204
144 146 3.2364974262180204
146 146 3.2364974262180204
125 147 2.831032318109856
127 147 4.33510971488613
128 147 4.33510971488613
131 147 4.33510971488613
132 147 4.33510971488613
133 147 4.33510971488613
155 147 4.33510971488613
139 148 1.6270595137839199
140 148 0.9339123332239745
143 148 1.339377441332139
145 148 3.6419625343261846
146 148 3.2364974262180204
148 148 3.5729696628392333
149 148 4.266116843399178
151 148 4.11196616357192
152 148 3.929644606777966
139 149 3.929644606777966
140 149 4.33510971488613
141 149 3.2364974262180204
143 149 2.948815353766239
145 149 4.33510971488613
146 149 4.33510971488613
149 149 3.2364974262180204
151 149 4.33510971488613
152 149 4.33510971488613
148 150 4.33510971488613
139 151 4.33510971488613
140 151 4.33510971488613
141 151 3.6419625343261846
143 151 2.948815353766239
144 151 3.2364974262180204
145 151 4.33510971488613
146 151 4.33510971488613
152 151 4.33510971488613
139 152 4.33510971488613
140 152 4.33510971488613
141 152 4.33510971488613
142 152 1.8502030650981298
143 152 2.948815353766239
144 152 3.2364974262180204
145 152 4.33510971488613
146 152 4.33510971488613
152 152 3.2364974262180204
117 153 2.6611332813144584
118 153 3.3542804618744038
129 153 2.2556681732062938
134 153 3.6419625343261846
135 153 3.6419625343261846
136 153 4.1274703501078855
137 153 3.8138127912528437
153 153 3.5084311417016623
154 153 3.5084311417016623
156 153 4.33510971488613
157 153 4.33510971488613
158 153 4.270571193748559
135 154 2.948815353766239
136 154 4.33510971488613
137 154 3.960416265444719
153 154 3.759745569982568
154 154 3.3542804618744038
156 154 4.33510971488613
157 154 4.33510971488613
158 154 4.33510971488613
125 155 3.0541758694240655
127 155 4.33510971488613
128 155 4.33510971488613
131 155 4.33510971488613
132 155 4.33510971488613
133 155 4.33510971488613
112 156 4.33510971488613
117 156 4.33510971488613
118 156 4.33510971488613
134 156 4.33510971488613
135 156 4.33510971488613
136 156 4.33510971488613
137 156 4.33510971488613
157 156 4.33510971488613
158 156 4.33510971488613
112 157 4.33510971488613
113 157 3.2364974262180204
117 157 4.33510971488613
118 157 4.33510971488613
134 157 4.33510971488613
135 157 4.33510971488613
136 157 4.33510971488613
137 157 4.33510971488613
158 157 4.33510971488613
112 158 4.33510971488613
113 158 4.152788158092175
117 158 4.33510971488613
118 158 4.33510971488613
134 158 4.33510971488613
135 158 4.33510971488613
136 158 4.33510971488613
137 158 4.33510971488613
158 158 2.948815353766239
159 159 3.5729696628392333
166 159 4.33510971488613
167 159 4.192008871245457
171 159 3.28161786149849
172 159 2.3202066943438653
173 159 2.3202066943438653
174 159 3.0133538749038102
178 159 4.266116843399178
160 160 2.948815353766239
179 160 4.152788158092175
180 160 3.929644606777966
184 160 4.33510971488613
185 160 4.33510971488613
189 160 4.33510971488613
190 160 4.33510971488613
191 160 4.33510971488613
161 161 3.418818983011975
169 161 4.33510971488613
170 161 3.8242840911201395
217 161 4.11196616357192
219 161 4.33510971488613
220 161 3.0823467463907623
221 161 3.418818983011975
222 161 4.33510971488613
160 162 4.33510971488613
163 162 4.33510971488613
179 162 3.2364974262180204
184 162 4.33510971488613
185 162 4.33510971488613
189 162 4.33510971488613
190 162 4.33510971488613
191 162 4.33510971488613
160 163 4.33510971488613
163 163 2.948815353766239
179 163 3.929644606777966
180 163 2.543350245658075
184 163 4.33510971488613
185 163 4.33510971488613
189 163 4.33510971488613
190 163 4.33510971488613
191 163 4.33510971488613
160 164 3.8242840911201395
162 164 3.8242840911201395
163 164 3.8242840911201395
164 164 2.50252825113782
165 164 2.7256718024520294
175 164 1.62705951378392
179 164 2.7256718024520294
181 164 3.418818983011975
182 164 3.418818983011975
183 164 3.418818983011975
184 164 3.8242840911201395
185 164 3.8242840911201395
186 164 3.418818983011975
187 164 3.418818983011975
188 164 3.418818983011975
189 164 3.536602018668358
190 164 3.131136910560194
191 164 3.8242840911201395
164 165 2.7256718024520294
175 165 2.543350245658075
181 165 4.33510971488613
182 165 4.33510971488613
183 165 4.33510971488613
186 165 4.33510971488613
187 165 4.33510971488613
188 165 4.33510971488613
167 166 4.33510971488613
171 166 3.9673849347608128
172 166 4.33510971488613
173 166 4.33510971488613
174 166 4.33510971488613
178 166 4.33510971488613
171 167 4.168055630222963
172 167 4.33510971488613
173 167 4.33510971488613
174 167 4.33510971488613
161 168 4.33510971488613
169 168 4.33510971488613
170 168 4.33510971488613
219 168 4.33510971488613
220 168 2.794664673938981
221 168 3.418818983011975
222 168 4.33510971488613
217 169 4.33510971488613
219 169 4.33510971488613
220 169 3.6419625343261846
221 169 3.418818983011975
222 169 4.33510971488613
161 170 3.418818983011975
169 170 4.33510971488613
217 170 4.33510971488613
219 170 4.33510971488613
220 170 3.082346746390762
221 170 3.418818983011975
222 170 4.33510971488613
171 171 3.5490164218167406
172 171 3.849601899104429
173 171 3.849601899104429
174 171 3.849601899104429
223 171 3.3795982698586937
224 171 3.657230006456973
225 171 1.7701603574245932
226 171 3.3795982698586937
227 171 3.7160705064799067
171 172 3.3795982698586937
172 172 2.948815353766239
173 172 3.6419625343261846
224 172 3.9784347709473975
226 172 4.33510971488613
227 172 4.33510971488613
171 173 3.3795982698586937
172 173 3.6419625343261846
224 173 3.9784347709473975
226 173 4.33510971488613
227 173 4.33510971488613
171 174 3.3795982698586937
172 174 4.33510971488613
173 174 4.33510971488613
224 174 3.824284091120139
227 174 4.33510971488613
160 175 3.6419625343261846
162 175 4.33510971488613
163 175 4.047427642434349
164 175 3.8242840911201395
175 175 3.45964097753223
176 175 4.33510971488613
177 175 3.6419625343261846
179 175 2.1378851375499104
184 175 2.543350245658075
160 176 4.33510971488613
162 176 4.33510971488613
163 176 4.33510971488613
164 176 3.8242840911201395
176 176 3.418818983011975
179 176 3.2364974262180204
184 176 4.33510971488613
185 176 4.33510971488613
189 176 2.4379897300002487
190 176 2.0325246218920845
191 176 3.8242840911201395
160 177 3.6419625343261846
162 177 4.33510971488613
163 177 4.33510971488613
164 177 3.824284091120139
175 177 3.6419625343261846
176 177 4.33510971488613
167 178 4.33510971488613
171 178 4.072745450418639
172 178 4.33510971488613
173 178 4.33510971488613
174 178 4.33510971488613
159 179 3.747323049984011
179 179 3.2364974262180204
180 179 4.083795286605224
184 179 3.2364974262180204
185 179 3.2364974262180204
189 179 3.2364974262180204
190 179 3.2364974262180204
191 179 3.2364974262180204
159 180 4.217326679229746
179 180 2.831032318109856
180 180 3.2364974262180204
164 181 2.50252825113782
175 181 4.11196616357192
176 181 3.755291219633188
177 181 4.11196616357192
181 181 3.418818983011975
182 181 3.9784347709473975
183 181 3.418818983011975
186 181 3.418818983011975
187 181 3.418818983011975
188 181 3.418818983011975
164 182 2.7256718024520294
175 182 4.33510971488613
176 182 4.33510971488613
177 182 4.33510971488613
181 182 3.131136910560194
182 182 2.948815353766239
175 183 4.152788158092175
177 183 4.33510971488613
181 183 3.824284091120139
182 183 4.33510971488613
186 183 3.6419625343261846
187 183 4.33510971488613
188 183 4.33510971488613
159 184 1.6270595137839199
179 184 3.929644606777966
180 184 4.33510971488613
185 184 4.33510971488613
189 184 4.33510971488613
190 184 4.33510971488613
191 184 4.33510971488613
159 185 2.3202066943438653
179 185 3.929644606777966
180 185 4.33510971488613
189 185 4.33510971488613
190 185 4.33510971488613
191 185 4.33510971488613
175 186 4.152788158092175
176 186 2.7256718024520294
177 186 4.33510971488613
181 186 3.824284091120139
182 186 4.33510971488613
183 186 3.6419625343261846
186 186 2.948815353766239
187 186 4.047427642434349
188 186 3.6419625343261846
175 187 4.33510971488613
176 187 3.418818983011975
177 187 4.33510971488613
181 187 3.824284091120139
182 187 4.33510971488613
186 187 2.948815353766239
187 187 2.948815353766239
175 188 4.33510971488613
177 188 4.33510971488613
181 188 3.824284091120139
182 188 4.33510971488613
186 188 3.6419625343261846
187 188 4.33510971488613
159 189 3.5729696628392333
179 189 3.929644606777966
180 189 4.33510971488613
189 189 3.3542804618744038
190 189 3.8651060856403943
191 189 2.2556681732062938
159 190 3.7065010554637556
179 190 3.929644606777966
180 190 4.33510971488613
189 190 3.3542804618744038
190 190 2.948815353766239
159 191 3.0133538749038102
179 191 3.929644606777966
180 191 4.33510971488613
189 191 4.201578322261607
190 191 4.33510971488613
191 191 2.948815353766239
164 192 3.418818983011975
165 192 4.33510971488613
181 192 3.418818983011975
183 192 4.33510971488613
186 192 3.6419625343261846
188 192 4.33510971488613
193 192 4.33510971488613
194 192 4.33510971488613
195 192 4.33510971488613
196 192 4.33510971488613
164 193 3.418818983011975
165 193 4.33510971488613
181 193 3.9784347709473975
182 193 3.6419625343261846
183 193 4.33510971488613
186 193 4.33510971488613
187 193 4.33510971488613
188 193 4.33510971488613
193 193 3.3542804618744038
164 194 3.418818983011975
165 194 4.33510971488613
181 194 3.418818983011975
183 194 4.33510971488613
186 194 4.33510971488613
187 194 4.33510971488613
188 194 4.33510971488613
193 194 4.33510971488613
164 195 3.418818983011975
165 195 4.33510971488613
181 195 3.418818983011975
183 195 4.33510971488613
186 195 4.33510971488613
187 195 3.6419625343261846
188 195 4.33510971488613
193 195 4.33510971488613
194 195 4.33510971488613
164 196 3.418818983011975
165 196 4.33510971488613
181 196 3.418818983011975
183 196 4.33510971488613
186 196 3.6419625343261846
187 196 3.6419625343261846
188 196 4.33510971488613
193 196 4.33510971488613
194 196 4.33510971488613
195 196 4.33510971488613
197 197 2.948815353766239
198 197 2.7256718024520294
199 197 4.33510971488613
274 197 3.131136910560194
275 197 4.33510971488613
276 197 4.33510971488613
277 197 4.33510971488613
278 197 3.082346746390762
279 197 4.33510971488613
281 197 4.33510971488613
192 198 2.7256718024520294
194 198 2.7256718024520294
195 198 2.7256718024520294
196 198 2.7256718024520294
197 198 4.11196616357192
198 198 3.418818983011975
199 198 4.11196616357192
274 198 2.7256718024520294
275 198 3.418818983011975
276 198 4.229749199228304
277 198 4.11196616357192
278 198 2.859203195076552
279 198 4.11196616357192
281 198 4.11196616357192
198 199 2.7256718024520294
274 199 3.824284091120139
275 199 4.33510971488613
276 199 4.33510971488613
277 199 4.33510971488613
278 199 3.082346746390762
279 199 4.33510971488613
281 199 4.33510971488613
209 200 2.543350245658075
211 200 2.888190731949804
212 200 4.33510971488613
213 200 4.33510971488613
215 200 4.33510971488613
231 200 4.33510971488613
232 200 4.33510971488613
289 200 4.33510971488613
295 200 4.33510971488613
201 201 3.418818983011975
202 201 4.11196616357192
203 201 4.11196616357192
206 201 3.5729696628392333
207 201 4.33510971488613
208 201 3.6419625343261846
209 201 0.9339123332239747
210 201 4.11196616357192
211 201 3.293655840057969
216 201 4.33510971488613
201 202 2.7256718024520294
203 202 4.33510971488613
206 202 3.2364974262180204
207 202 4.33510971488613
208 202 4.33510971488613
210 202 4.33510971488613
211 202 3.4478065198852272
216 202 4.33510971488613
201 203 2.7256718024520294
206 203 3.2364974262180204
207 203 4.33510971488613
208 203 4.33510971488613
209 203 2.543350245658075
210 203 4.33510971488613
211 203 3.4478065198852272
216 203 4.33510971488613
201 204 2.214846178686039
204 204 3.418818983011975
205 204 4.318302596569749
206 204 2.7256718024520294
201 205 4.192008871245457
202 205 4.047427642434349
203 205 3.929644606777966
205 205 3.554951157336555
206 205 4.118886606416494
207 205 3.6419625343261846
211 205 1.0964312627217496
216 205 2.543350245658075
201 206 3.706501055463756
202 206 3.929644606777966
203 206 3.929644606777966
206 206 3.2364974262180204
207 206 3.929644606777966
208 206 3.2364974262180204
209 206 1.4447379569899652
210 206 3.2364974262180204
211 206 3.4478065198852272
216 206 4.33510971488613
206 207 3.2364974262180204
208 207 4.33510971488613
209 207 2.543350245658075
210 207 4.33510971488613
211 207 3.6991209481661333
216 207 4.33510971488613
200 208 4.33510971488613
208 208 2.948815353766239
209 208 4.248098337896501
211 208 3.4478065198852272
214 208 4.33510971488613
200 209 4.152788158092175
209 209 3.45964097753223
211 209 3.1758728044015854
212 209 4.152788158092175
213 209 4.152788158092175
214 209 4.152788158092175
215 209 4.152788158092175
231 209 2.948815353766239
232 209 3.6419625343261846
289 209 3.929644606777966
291 209 -0.0215991118034617
295 209 2.543350245658075
208 210 4.33510971488613
209 210 4.152788158092175
211 210 3.4478065198852272
214 210 4.33510971488613
200 211 3.4478065198852272
208 211 3.293655840057969
209 211 3.6221599070300052
210 211 3.293655840057969
211 211 3.3034120150033335
212 211 3.5813379125097495
213 211 3.4478065198852272
214 211 3.4478065198852272
215 211 3.293655840057969
216 211 2.195043551389859
231 211 2.888190731949804
232 211 3.1113342832640143
289 211 3.293655840057969
291 211 0.8828571624236904
292 211 2.0615121587653364
295 211 2.888190731949804
213 212 4.33510971488613
215 212 4.33510971488613
231 212 4.33510971488613
232 212 4.33510971488613
289 212 4.33510971488613
290 212 3.2364974262180204
291 212 2.8687726460927028
292 212 3.6419625343261846
295 212 4.33510971488613
215 213 4.33510971488613
231 213 4.33510971488613
232 213 4.33510971488613
289 213 4.33510971488613
290 213 3.929644606777966
291 213 2.8687726460927028
292 213 3.6419625343261846
295 213 4.33510971488613
200 214 4.33510971488613
209 214 2.543350245658075
211 214 2.888190731949804
212 214 4.33510971488613
213 214 4.33510971488613
215 214 4.33510971488613
231 214 4.33510971488613
232 214 4.33510971488613
289 214 4.33510971488613
231 215 4.33510971488613
232 215 4.33510971488613
289 215 4.33510971488613
290 215 4.33510971488613
291 215 2.8687726460927028
292 215 3.6419625343261846
295 215 4.33510971488613
208 216 4.33510971488613
209 216 3.6419625343261846
210 216 4.33510971488613
211 216 3.6991209481661333
217 217 3.2364974262180204
220 217 3.7754939269507073
221 217 2.7256718024520294
228 217 2.948815353766239
229 217 4.33510971488613
230 217 4.33510971488613
161 218 4.33510971488613
168 218 4.33510971488613
169 218 4.33510971488613
170 218 4.33510971488613
218 218 3.2364974262180204
220 218 3.0823467463907623
221 218 3.418818983011975
217 219 4.33510971488613
220 219 3.7754939269507073
221 219 2.7256718024520294
222 219 4.33510971488613
230 219 3.6419625343261846
161 220 2.794664673938981
168 220 2.794664673938981
169 220 2.794664673938981
170 220 2.794664673938981
204 220 2.0325246218920845
217 220 2.794664673938981
219 220 3.082346746390762
220 220 3.1513396178777136
221 220 3.131136910560194
222 220 2.9488153537662396
228 220 3.60559489015531
229 220 3.7754939269507073
230 220 3.7754939269507073
161 221 3.418818983011975
168 221 3.418818983011975
169 221 3.418818983011975
170 221 3.418818983011975
204 221 2.214846178686039
217 221 3.418818983011975
219 221 3.8242840911201395
220 221 3.305490297704972
221 221 3.0621440390732424
222 221 3.418818983011975
228 221 2.7256718024520294
229 221 2.7256718024520294
230 221 2.7256718024520294
217 222 4.33510971488613
220 222 3.7754939269507073
221 222 2.7256718024520294
222 222 2.948815353766239
229 222 3.6419625343261846
230 222 4.33510971488613
161 223 2.7256718024520294
168 223 4.33510971488613
218 223 4.33510971488613
220 223 2.794664673938981
221 223 3.418818983011975
224 223 2.7256718024520294
225 223 4.33510971488613
161 224 2.0325246218920845
168 224 3.131136910560194
218 224 4.11196616357192
220 224 2.166056014516607
221 224 2.6203112867942036
223 224 4.11196616357192
224 224 3.5366020186683587
225 224 4.33510971488613
226 224 3.8242840911201395
227 224 3.418818983011975
161 225 4.11196616357192
168 225 4.33510971488613
170 225 4.33510971488613
218 225 4.33510971488613
220 225 2.794664673938981
221 225 3.418818983011975
225 225 3.2364974262180204
218 226 4.33510971488613
220 226 2.3891995658308165
221 226 3.418818983011975
223 226 4.33510971488613
224 226 3.418818983011975
225 226 4.33510971488613
218 227 4.33510971488613
220 227 1.6960523852708713
223 227 4.33510971488613
224 227 3.824284091120139
225 227 4.33510971488613
226 227 4.33510971488613
204 228 4.33510971488613
205 228 3.7220052419997214
228 228 3.5084311417016623
204 229 4.33510971488613
205 229 2.543350245658075
228 229 4.33510971488613
204 230 4.33510971488613
205 230 1.1570558845381844
228 230 4.33510971488613
229 230 4.33510971488613
230 230 2.948815353766239
231 231 2.948815353766239
290 231 4.33510971488613
291 231 3.6419625343261846
292 231 4.047427642434349
294 231 4.33510971488613
295 231 4.33510971488613
231 232 4.33510971488613
232 232 3.2364974262180204
290 232 4.33510971488613
291 232 3.5047614128126994
292 232 3.796113214153443
295 232 4.33510971488613
235 233 4.33510971488613
236 233 4.33510971488613
241 233 4.33510971488613
242 233 3.7065010554637556
244 233 3.929644606777966
233 234 4.33510971488613
235 234 4.33510971488613
241 234 4.33510971488613
242 234 3.0133538749038102
244 234 3.6419625343261846
267 234 4.33510971488613
268 234 4.33510971488613
269 234 4.33510971488613
236 235 4.33510971488613
241 235 4.33510971488613
242 235 3.824284091120139
244 235 3.929644606777966
239 236 3.6419625343261846
242 236 3.7065010554637556
243 236 4.33510971488613
244 236 3.2364974262180204
245 236 4.33510971488613
246 236 4.33510971488613
255 237 3.6419625343261846
257 237 4.33510971488613
284 237 4.33510971488613
285 237 2.4633075379845386
286 237 4.33510971488613
287 237 3.418818983011975
237 238 4.33510971488613
255 238 4.33510971488613
256 238 4.33510971488613
257 238 4.33510971488613
286 238 4.33510971488613
239 239 2.948815353766239
248 239 1.5625209926463486
251 239 3.6419625343261846
252 239 3.6419625343261846
253 239 4.33510971488613
237 240 3.929644606777966
238 240 4.33510971488613
240 240 3.554951157336555
247 240 3.45964097753223
255 240 3.97545414280926
256 240 4.33510971488613
257 240 2.7664937969722847
236 241 4.33510971488613
242 241 3.929644606777966
244 241 3.929644606777966
236 242 3.5729696628392333
239 242 3.7065010554637556
242 242 3.4728862042822506
243 242 4.02495478658229
244 242 3.0541758694240655
245 242 4.069406549153125
246 242 3.824284091120139
251 242 1.5757662193963695
252 242 1.6270595137839199
253 242 3.418818983011975
239 243 4.33510971488613
242 243 2.3202066943438653
244 243 3.2364974262180204
246 243 4.33510971488613
251 243 2.948815353766239
253 243 4.33510971488613
236 244 3.929644606777966
239 244 3.2364974262180204
242 244 3.66394144104496
243 244 2.543350245658075
244 244 2.948815353766239
245 244 3.2364974262180204
246 244 3.2364974262180204
251 244 2.0325246218920845
252 244 2.543350245658075
253 244 3.2364974262180204
239 245 4.33510971488613
242 245 2.7256718024520294
243 245 4.33510971488613
244 245 3.2364974262180204
245 245 2.948815353766239
246 245 4.33510971488613
251 245 2.2556681732062938
253 245 4.33510971488613
239 246 4.33510971488613
251 246 3.536602018668358
252 246 3.6419625343261846
253 246 4.33510971488613
237 247 4.33510971488613
238 247 4.33510971488613
240 247 3.796113214153443
255 247 3.8651060856403943
256 247 4.33510971488613
248 248 3.267269084884774
249 248 3.7220052419997214
250 248 3.6419625343261846
251 248 2.9976055179356713
252 248 2.6611332813144584
254 248 2.6611332813144584
271 248 3.142971368207197
272 248 3.6419625343261846
273 248 3.6419625343261846
248 249 2.7664937969722847
249 249 3.2364974262180204
250 249 4.33510971488613
251 249 2.3202066943438653
254 249 3.929644606777966
271 249 3.7754939269507073
272 249 3.929644606777966
273 249 3.929644606777966
250 250 3.2364974262180204
254 250 4.33510971488613
271 250 4.33510971488613
272 250 4.33510971488613
273 250 4.33510971488613
376 250 4.33510971488613
377 250 2.6303616226477047
248 251 3.5906692399386344
249 251 3.4988616906855117
250 251 3.2852875903874525
251 251 3.226447090364519
252 251 3.3542804618744038
254 251 1.339377441332139
271 251 2.166056014516607
272 251 2.948815353766239
273 251 3.131136910560194
376 251 1.339377441332139
248 252 3.6419625343261846
249 252 3.6419625343261846
251 252 3.536602018668358
252 252 2.948815353766239
248 253 3.2364974262180204
251 253 3.6419625343261846
252 253 3.929644606777966
253 253 3.2364974262180204
254 254 2.948815353766239
271 254 3.082346746390762
376 254 4.33510971488613
377 254 3.8090166189893506
379 254 4.33510971488613
380 254 4.33510971488613
237 255 3.6419625343261846
255 255 3.5084311417016623
257 255 4.33510971488613
284 255 4.33510971488613
285 255 2.175625465532758
286 255 4.33510971488613
287 255 3.6419625343261846
237 256 4.33510971488613
255 256 4.33510971488613
257 256 4.33510971488613
284 256 3.6419625343261846
286 256 4.33510971488613
257 257 3.3542804618744038
284 257 4.33510971488613
285 257 3.328304975471143
286 257 4.33510971488613
287 257 4.33510971488613
288 257 3.3542804618744038
240 258 2.948815353766239
259 258 4.33510971488613
238 259 2.543350245658075
240 259 3.980416932151389
247 259 4.152788158092175
256 259 1.8502030650981298
259 259 3.554951157336555
260 260 2.948815353766239
262 260 4.33510971488613
263 260 4.33510971488613
264 260 2.948815353766239
265 260 2.7256718024520294
266 260 3.2364974262180204
324 260 3.2364974262180204
325 260 3.6419625343261846
365 260 2.3891995658308165
369 260 3.6419625343261846
260 261 4.33510971488613
264 261 3.929644606777966
265 261 3.824284091120139
266 261 3.2364974262180204
324 262 3.2364974262180204
325 262 3.6419625343261846
365 262 3.7754939269507073
368 262 4.33510971488613
369 262 4.33510971488613
370 262 4.33510971488613
262 263 4.33510971488613
263 263 2.948815353766239
324 263 3.2364974262180204
325 263 3.6419625343261846
365 263 3.7754939269507073
368 263 4.33510971488613
369 263 4.33510971488613
370 263 2.948815353766239
260 264 3.8651060856403943
261 264 2.948815353766239
262 264 3.796113214153443
263 264 3.8651060856403943
264 264 3.4083476831446795
265 264 3.45964097753223
266 264 3.2773194207382756
324 264 2.4563388686684453
325 264 2.2556681732062938
365 264 1.9837344577226523
369 264 2.948815353766239
260 265 3.8242840911201395
261 265 3.418818983011975
262 265 3.418818983011975
263 265 3.8242840911201395
264 265 3.536602018668358
265 265 3.0621440390732424
266 265 3.331807606022345
324 265 2.3202066943438653
325 265 2.7256718024520294
365 265 2.0325246218920845
369 265 2.7256718024520294
260 266 3.6419625343261846
261 266 3.6419625343261846
262 266 3.2364974262180204
263 266 3.2364974262180204
264 266 3.584804120486236
265 266 3.418818983011975
266 266 2.948815353766239
324 266 2.1378851375499104
325 266 2.543350245658075
365 266 2.389199565830817
369 266 3.2364974262180204
233 267 4.33510971488613
235 267 4.33510971488613
236 267 3.6419625343261846
241 267 4.33510971488613
242 267 3.5729696628392333
244 267 3.929644606777966
267 267 2.948815353766239
233 268 4.33510971488613
235 268 4.33510971488613
241 268 4.33510971488613
242 268 3.331807606022345
244 268 3.929644606777966
267 268 4.33510971488613
268 268 2.948815353766239
233 269 4.33510971488613
235 269 4.33510971488613
241 269 4.33510971488613
242 269 3.2364974262180204
244 269 3.6419625343261846
267 269 4.33510971488613
268 269 4.33510971488613
233 270 4.33510971488613
234 270 4.33510971488613
235 270 4.33510971488613
241 270 4.33510971488613
242 270 2.7256718024520294
244 270 3.6419625343261846
267 270 4.33510971488613
268 270 4.33510971488613
269 270 4.33510971488613
254 271 3.998637478264917
271 271 3.4878118544989265
376 271 4.33510971488613
377 271 3.7754939269507073
378 271 1.2905872771627072
379 271 3.8932769626070907
380 271 3.082346746390762
381 271 2.3891995658308165
254 272 4.33510971488613
271 272 4.33510971488613
376 272 4.33510971488613
377 272 3.54665235452186
254 273 4.33510971488613
271 273 4.33510971488613
272 273 4.33510971488613
376 273 4.33510971488613
377 273 3.32350880320765
164 274 3.418818983011975
165 274 4.33510971488613
181 274 3.0621440390732424
183 274 2.7256718024520294
186 274 2.7256718024520294
192 274 4.33510971488613
193 274 4.33510971488613
194 274 4.33510971488613
195 274 4.33510971488613
196 274 4.33510971488613
274 274 3.418818983011975
164 275 2.7256718024520294
165 275 4.33510971488613
192 275 4.33510971488613
193 275 4.33510971488613
194 275 4.33510971488613
195 275 4.33510971488613
196 275 4.33510971488613
274 275 4.33510971488613
164 276 1.339377441332139
192 276 4.33510971488613
193 276 3.8651060856403943
194 276 4.33510971488613
195 276 4.33510971488613
196 276 4.33510971488613
274 276 4.33510971488613
275 276 4.33510971488613
276 276 3.3542804618744038
277 276 4.047427642434349
192 277 4.33510971488613
193 277 4.33510971488613
194 277 4.33510971488613
195 277 4.33510971488613
196 277 4.33510971488613
274 277 4.33510971488613
275 277 4.33510971488613
276 277 2.948815353766239
192 278 2.3891995658308165
195 278 2.3891995658308165
196 278 2.3891995658308165
197 278 3.998637478264917
198 278 3.998637478264917
199 278 3.998637478264917
274 278 2.9769862307329356
275 278 3.082346746390762
276 278 3.4008004775092964
277 278 3.082346746390762
278 278 3.439021690329495
279 278 4.180959035058872
281 278 4.180959035058872
192 279 3.6419625343261846
196 279 3.6419625343261846
198 279 2.7256718024520294
274 279 4.33510971488613
275 279 4.33510971488613
276 279 4.33510971488613
277 279 4.33510971488613
278 279 2.3891995658308165
279 279 2.948815353766239
281 279 3.6419625343261846
197 280 4.33510971488613
198 280 4.11196616357192
199 280 4.33510971488613
278 280 4.180959035058872
279 280 3.6419625343261846
281 280 4.33510971488613
192 281 4.33510971488613
198 281 2.7256718024520294
274 281 4.33510971488613
275 281 4.33510971488613
276 281 4.33510971488613
277 281 4.33510971488613
278 281 2.3891995658308165
279 281 3.6419625343261846
197 282 4.33510971488613
198 282 4.11196616357192
199 282 4.33510971488613
278 282 4.180959035058872
279 282 3.6419625343261846
280 282 4.33510971488613
197 283 4.33510971488613
198 283 4.11196616357192
199 283 4.33510971488613
278 283 4.093947658069242
280 283 4.33510971488613
282 283 4.33510971488613
283 283 2.948815353766239
284 284 2.948815353766239
285 284 3.785063377966858
287 284 4.33510971488613
288 284 4.33510971488613
197 285 2.175625465532758
198 285 3.0510942028866577
278 285 3.5131296624832165
280 285 4.072745450418639
282 285 4.072745450418639
283 285 4.168055630222963
285 285 3.509276093167226
287 285 2.240163986670329
288 285 3.3795982698586937
284 286 4.33510971488613
285 286 3.561919826652648
287 286 4.33510971488613
288 286 4.33510971488613
282 287 2.7256718024520294
283 287 3.131136910560194
285 287 4.092548077714818
287 287 3.418818983011975
288 287 4.33510971488613
278 288 3.305490297704972
280 288 4.33510971488613
282 288 4.33510971488613
283 288 4.33510971488613
285 288 3.849601899104429
288 288 2.948815353766239
231 289 4.33510971488613
232 289 4.33510971488613
290 289 4.33510971488613
291 289 3.1564547185444836
292 289 3.6419625343261846
295 289 4.33510971488613
0 290 1.62705951378392
290 290 3.2364974262180204
291 290 4.038843898742957
292 290 3.6419625343261846
293 290 4.33510971488613
294 290 4.33510971488613
0 291 3.898392063273861
1 291 3.9673849347608128
2 291 3.7160705064799067
3 291 3.3795982698586937
84 291 2.8687726460927028
85 291 3.561919826652648
86 291 3.3795982698586937
87 291 2.8687726460927028
138 291 1.0770131768646478
290 291 2.8687726460927028
291 291 3.424718705139163
292 291 3.091916197406913
293 291 3.849601899104429
294 291 3.561919826652648
0 292 3.536602018668358
1 292 3.6419625343261846
2 292 2.948815353766239
3 292 2.2556681732062938
85 292 2.948815353766239
86 292 2.948815353766239
290 292 3.6419625343261846
291 292 3.6797028623090315
292 292 3.3542804618744038
293 292 4.047427642434349
294 292 4.047427642434349
0 293 4.33510971488613
1 293 4.33510971488613
2 293 4.33510971488613
85 293 4.33510971488613
86 293 4.33510971488613
291 293 3.3795982698586937
292 293 2.948815353766239
0 294 4.33510971488613
1 294 4.33510971488613
291 294 3.7160705064799067
292 294 2.948815353766239
293 294 4.33510971488613
290 295 4.33510971488613
291 295 3.849601899104429
292 295 4.047427642434349
294 295 4.33510971488613
296 296 2.948815353766239
297 296 4.33510971488613
315 296 4.152788158092175
316 296 4.33510971488613
323 296 4.33510971488613
329 296 3.3542804618744038
315 297 4.33510971488613
316 297 4.33510971488613
323 297 4.33510971488613
329 297 2.948815353766239
304 298 4.33510971488613
305 298 4.33510971488613
306 298 4.33510971488613
307 298 3.929644606777966
309 298 4.33510971488613
310 298 4.33510971488613
311 298 3.6419625343261846
299 299 3.2364974262180204
302 299 4.33510971488613
303 299 3.929644606777966
314 299 4.277951301046182
317 299 3.929644606777966
318 299 4.33510971488613
322 299 3.2364974262180204
340 299 4.33510971488613
341 299 4.33510971488613
342 299 4.33510971488613
298 300 4.33510971488613
304 300 4.33510971488613
305 300 4.33510971488613
306 300 4.33510971488613
307 300 3.747323049984011
309 300 4.33510971488613
310 300 4.33510971488613
311 300 3.6419625343261846
298 301 4.33510971488613
300 301 4.33510971488613
304 301 4.33510971488613
305 301 4.33510971488613
306 301 4.33510971488613
307 301 3.524179498669801
309 301 4.33510971488613
310 301 4.33510971488613
311 301 3.6419625343261846
47 302 3.6419625343261846
48 302 3.6419625343261846
314 302 4.33510971488613
317 302 4.33510971488613
318 302 4.33510971488613
322 302 4.33510971488613
341 302 4.33510971488613
342 302 4.33510971488613
299 303 3.2364974262180204
302 303 4.33510971488613
314 303 4.33510971488613
317 303 4.33510971488613
318 303 4.33510971488613
340 303 4.33510971488613
341 303 4.33510971488613
342 303 4.33510971488613
304 304 3.2364974262180204
307 304 4.217326679229746
308 304 4.33510971488613
309 304 4.33510971488613
310 304 4.33510971488613
311 304 4.33510971488613
304 305 4.33510971488613
305 305 2.948815353766239
307 305 4.083795286605224
308 305 2.948815353766239
309 305 4.33510971488613
310 305 4.33510971488613
311 305 4.33510971488613
304 306 4.33510971488613
305 306 4.33510971488613
307 306 3.929644606777966
309 306 4.33510971488613
310 306 4.33510971488613
311 306 4.33510971488613
307 307 3.524179498669801
308 307 4.083795286605224
309 307 2.1378851375499104
311 307 3.747323049984011
349 307 3.7671256772801907
350 307 3.8426332297883357
351 307 3.524179498669801
307 308 2.831032318109856
308 308 2.948815353766239
349 308 4.11196616357192
350 308 4.33510971488613
351 308 4.152788158092175
307 309 4.217326679229746
308 309 4.33510971488613
311 309 4.33510971488613
349 309 2.7256718024520294
351 309 3.2364974262180204
307 310 4.33510971488613
308 310 4.33510971488613
309 310 4.33510971488613
311 310 4.33510971488613
349 310 2.0325246218920845
307 311 3.524179498669801
308 311 4.33510971488613
311 311 2.948815353766239
349 311 3.904326798793676
350 311 3.6419625343261846
351 311 3.2364974262180204
312 312 3.524179498669801
327 312 3.619489678474126
328 312 3.418818983011975
330 312 4.33510971488613
366 312 3.136413967661038
367 312 3.2364974262180204
373 312 4.217326679229746
374 312 3.929644606777966
375 312 3.747323049984011
312 313 4.33510971488613
313 313 2.948815353766239
327 313 3.418818983011975
328 313 3.6419625343261846
330 313 4.33510971488613
5 314 3.6419625343261846
6 314 3.6419625343261846
8 314 3.929644606777966
11 314 4.047427642434349
23 314 3.2364974262180204
28 314 2.543350245658075
47 314 4.2480983378965
48 314 4.33510971488613
50 314 4.33510971488613
314 314 3.45964097753223
317 314 4.047427642434349
318 314 2.948815353766239
322 314 4.33510971488613
342 314 3.6419625343261846
264 315 0.4639087039782391
265 315 1.339377441332139
266 315 1.1570558845381844
315 315 3.554951157336555
316 315 4.047427642434349
319 315 4.33510971488613
337 315 4.33510971488613
338 315 4.292550100467334
358 315 3.796113214153443
359 315 3.554951157336555
360 315 4.101494863704625
361 315 3.929644606777966
363 315 3.2364974262180204
265 316 2.7256718024520294
315 316 2.948815353766239
319 316 4.33510971488613
337 316 4.33510971488613
338 316 4.33510971488613
358 316 4.33510971488613
359 316 4.33510971488613
360 316 4.33510971488613
361 316 4.33510971488613
363 316 4.33510971488613
5 317 4.33510971488613
6 317 4.047427642434349
8 317 4.33510971488613
11 317 4.33510971488613
23 317 3.6419625343261846
28 317 3.6419625343261846
29 317 3.6419625343261846
47 317 4.33510971488613
48 317 4.33510971488613
50 317 4.33510971488613
314 317 2.948815353766239
317 317 2.948815353766239
322 317 4.33510971488613
6 318 2.948815353766239
8 318 3.6419625343261846
11 318 2.948815353766239
47 318 4.047427642434349
48 318 4.33510971488613
50 318 4.33510971488613
314 318 4.047427642434349
317 318 4.33510971488613
318 318 2.948815353766239
322 318 4.33510971488613
342 318 4.33510971488613
264 319 2.948815353766239
265 319 2.7256718024520294
266 319 2.543350245658075
337 319 4.33510971488613
338 319 4.33510971488613
358 319 4.33510971488613
359 319 4.33510971488613
360 319 4.33510971488613
361 319 4.33510971488613
363 319 4.33510971488613
312 320 2.36102868886412
313 320 4.201578322261607
320 320 3.3542804618744038
321 320 4.33510971488613
324 320 3.554951157336555
327 320 2.948815353766239
331 320 4.33510971488613
365 320 2.9488153537662396
372 320 4.33510971488613
312 321 3.747323049984011
313 321 4.33510971488613
324 321 3.2364974262180204
327 321 3.824284091120139
328 321 2.7256718024520294
331 321 4.33510971488613
372 321 4.33510971488613
5 322 4.33510971488613
6 322 4.33510971488613
8 322 4.33510971488613
11 322 4.33510971488613
23 322 4.33510971488613
28 322 4.33510971488613
29 322 4.33510971488613
40 322 3.2364974262180204
47 322 4.33510971488613
48 322 4.33510971488613
50 322 4.33510971488613
315 323 4.33510971488613
316 323 4.33510971488613
319 323 4.33510971488613
337 323 4.33510971488613
312 324 3.1793390123780716
313 324 3.6419625343261846
320 324 2.7664937969722847
321 324 3.2364974262180204
324 324 2.6975009254853335
325 324 3.2364974262180204
327 324 3.0133538749038107
328 324 2.3202066943438653
331 324 3.2364974262180204
365 324 3.0823467463907623
368 324 3.2364974262180204
369 324 3.2364974262180204
370 324 3.2364974262180204
372 324 3.6419625343261846
320 325 3.6419625343261846
321 325 3.6419625343261846
324 325 3.2364974262180204
325 325 2.948815353766239
331 325 3.6419625343261846
365 325 3.710955405813136
368 325 3.6419625343261846
369 325 3.6419625343261846
370 325 3.6419625343261846
296 326 4.33510971488613
297 326 4.33510971488613
315 326 4.047427642434349
323 326 4.33510971488613
329 326 3.6419625343261846
234 327 2.7256718024520294
270 327 2.7256718024520294
312 327 3.5729696628392333
313 327 2.7256718024520294
327 327 3.1956754316977656
328 327 3.0621440390732424
330 327 3.418818983011975
366 327 3.4188189830119753
367 327 3.6419625343261846
373 327 3.8242840911201395
374 327 4.11196616357192
375 327 3.418818983011975
296 328 3.418818983011975
297 328 3.418818983011975
312 328 2.7256718024520294
315 328 2.7256718024520294
323 328 3.418818983011975
326 328 3.418818983011975
327 328 3.0621440390732424
328 328 2.50252825113782
329 328 3.131136910560194
330 328 3.418818983011975
332 328 2.0325246218920845
366 328 3.0823467463907623
367 328 3.131136910560194
373 328 3.8242840911201395
374 328 3.8242840911201395
375 328 3.418818983011975
296 329 3.8651060856403943
297 329 4.047427642434349
315 329 3.9604162654447195
316 329 3.6419625343261846
319 329 2.948815353766239
323 329 4.33510971488613
326 329 3.6419625343261846
328 329 2.0325246218920845
329 329 3.3542804618744038
332 329 2.948815353766239
327 330 3.418818983011975
328 330 2.7256718024520294
366 330 4.180959035058872
367 330 4.047427642434349
373 330 4.33510971488613
374 330 4.33510971488613
375 330 4.33510971488613
312 331 3.929644606777966
313 331 4.33510971488613
324 331 3.2364974262180204
327 331 3.824284091120139
328 331 2.7256718024520294
372 331 4.33510971488613
296 332 4.33510971488613
297 332 4.33510971488613
315 332 3.45964097753223
323 332 4.33510971488613
326 332 4.33510971488613
328 332 3.131136910560194
329 332 4.047427642434349
332 332 2.948815353766239
38 333 4.33510971488613
39 333 4.33510971488613
51 333 4.33510971488613
52 333 4.33510971488613
53 333 4.33510971488613
336 333 4.33510971488613
39 334 3.2364974262180204
51 334 4.33510971488613
52 334 4.33510971488613
53 334 4.180959035058872
333 334 4.33510971488613
334 334 3.2364974262180204
335 334 3.929644606777966
336 334 4.33510971488613
51 335 4.33510971488613
52 335 4.33510971488613
53 335 4.33510971488613
333 335 4.33510971488613
334 335 3.2364974262180204
336 335 4.33510971488613
10 336 3.2364974262180204
38 336 4.33510971488613
39 336 4.33510971488613
51 336 4.33510971488613
52 336 4.33510971488613
53 336 4.33510971488613
264 337 2.948815353766239
265 337 2.7256718024520294
266 337 3.2364974262180204
338 337 4.33510971488613
358 337 4.33510971488613
359 337 4.33510971488613
360 337 4.33510971488613
361 337 4.33510971488613
363 337 4.33510971488613
264 338 2.948815353766239
265 338 3.131136910560194
266 338 3.6419625343261846
338 338 2.948815353766239
358 338 4.33510971488613
359 338 4.33510971488613
360 338 4.33510971488613
361 338 4.33510971488613
363 338 4.33510971488613
299 339 4.33510971488613
302 339 4.33510971488613
303 339 4.33510971488613
314 339 3.747323049984011
317 339 3.2364974262180204
318 339 4.33510971488613
339 339 3.2364974262180204
340 339 4.33510971488613
341 339 4.33510971488613
342 339 4.33510971488613
48 340 3.6419625343261846
302 340 4.33510971488613
314 340 4.33510971488613
317 340 4.33510971488613
318 340 4.33510971488613
322 340 4.33510971488613
341 340 4.33510971488613
342 340 4.33510971488613
47 341 3.6419625343261846
48 341 4.33510971488613
314 341 4.33510971488613
317 341 4.33510971488613
318 341 4.33510971488613
322 341 4.33510971488613
342 341 4.33510971488613
5 342 4.33510971488613
6 342 3.6419625343261846
8 342 4.33510971488613
11 342 3.6419625343261846
47 342 4.33510971488613
48 342 4.33510971488613
50 342 4.33510971488613
314 342 3.6419625343261846
317 342 4.33510971488613
322 342 4.33510971488613
65 343 4.33510971488613
67 343 4.33510971488613
68 343 4.33510971488613
83 343 4.33510971488613
345 343 4.33510971488613
347 343 3.929644606777966
352 343 4.33510971488613
353 343 3.6419625343261846
354 343 4.33510971488613
355 343 4.33510971488613
65 344 4.33510971488613
67 344 4.33510971488613
68 344 4.33510971488613
83 344 4.33510971488613
343 344 4.33510971488613
344 344 3.45964097753223
345 344 4.33510971488613
347 344 3.929644606777966
352 344 3.929644606777966
353 344 2.948815353766239
354 344 3.2364974262180204
355 344 3.2364974262180204
65 345 4.33510971488613
67 345 4.33510971488613
68 345 4.33510971488613
83 345 4.33510971488613
347 345 3.929644606777966
352 345 4.33510971488613
353 345 4.33510971488613
354 345 4.33510971488613
355 345 4.33510971488613
54 346 4.33510971488613
55 346 4.33510971488613
58 346 4.33510971488613
69 346 4.33510971488613
70 346 4.33510971488613
71 346 3.9784347709473975
72 346 4.33510971488613
73 346 4.33510971488613
346 346 2.948815353766239
348 346 4.33510971488613
54 347 3.2364974262180204
55 347 3.2364974262180204
58 347 3.2364974262180204
65 347 3.929644606777966
67 347 3.929644606777966
68 347 3.929644606777966
69 347 3.2364974262180204
70 347 3.2364974262180204
71 347 2.3202066943438653
72 347 3.2364974262180204
73 347 3.2364974262180204
83 347 3.929644606777966
334 347 3.2364974262180204
346 347 3.2364974262180204
347 347 2.1378851375499104
348 347 3.2364974262180204
352 347 3.929644606777966
353 347 3.929644606777966
354 347 3.929644606777966
355 347 3.929644606777966
54 348 4.33510971488613
55 348 4.33510971488613
58 348 4.33510971488613
69 348 4.33510971488613
70 348 4.33510971488613
71 348 4.33510971488613
72 348 4.33510971488613
73 348 4.33510971488613
299 349 4.024954786582291
302 349 3.418818983011975
303 349 3.9784347709473975
314 349 2.0325246218920845
318 349 2.4379897300002487
339 349 4.229749199228304
340 349 3.6419625343261846
341 349 3.131136910560194
349 349 3.5366020186683587
350 349 3.6419625343261846
351 349 3.8242840911201395
299 350 3.929644606777966
302 350 3.6419625343261846
303 350 3.6419625343261846
318 350 2.948815353766239
339 350 4.33510971488613
340 350 3.6419625343261846
341 350 3.6419625343261846
349 350 3.6419625343261846
350 350 2.948815353766239
351 350 3.929644606777966
299 351 3.929644606777966
302 351 3.929644606777966
303 351 3.929644606777966
314 351 2.543350245658075
318 351 3.2364974262180204
339 351 4.33510971488613
340 351 3.929644606777966
341 351 3.929644606777966
349 351 3.418818983011975
350 351 3.2364974262180204
351 351 3.2364974262180204
52 352 3.6419625343261846
53 352 3.082346746390762
333 352 4.33510971488613
334 352 4.33510971488613
335 352 4.33510971488613
336 352 4.33510971488613
353 352 4.33510971488613
354 352 3.929644606777966
355 352 4.33510971488613
51 353 3.6419625343261846
52 353 4.047427642434349
53 353 3.6419625343261846
333 353 4.33510971488613
334 353 4.33510971488613
335 353 4.33510971488613
336 353 4.33510971488613
353 353 2.948815353766239
354 353 3.2364974262180204
355 353 3.6419625343261846
51 354 3.2364974262180204
52 354 3.929644606777966
53 354 3.4878118544989265
333 354 4.33510971488613
334 354 4.33510971488613
335 354 4.33510971488613
336 354 4.33510971488613
352 354 3.2364974262180204
353 354 3.929644606777966
354 354 3.2364974262180204
355 354 3.2364974262180204
52 355 4.047427642434349
53 355 3.4878118544989265
333 355 4.33510971488613
334 355 4.33510971488613
335 355 4.33510971488613
336 355 4.33510971488613
353 355 3.6419625343261846
354 355 3.929644606777966
240 356 1.1570558845381844
258 356 4.33510971488613
259 356 4.33510971488613
356 356 2.948815353766239
357 356 4.33510971488613
240 357 2.543350245658075
258 357 4.33510971488613
259 357 4.33510971488613
261 358 4.33510971488613
264 358 3.45964097753223
265 358 3.418818983011975
266 358 3.929644606777966
359 358 4.33510971488613
363 358 4.33510971488613
261 359 4.33510971488613
264 359 3.554951157336555
265 359 3.824284091120139
266 359 3.929644606777966
359 359 2.948815353766239
363 359 4.33510971488613
261 360 4.33510971488613
264 360 2.948815353766239
265 360 3.418818983011975
266 360 3.796113214153443
358 360 4.33510971488613
359 360 4.33510971488613
360 360 2.948815353766239
361 360 4.33510971488613
363 360 4.33510971488613
261 361 4.33510971488613
264 361 3.2364974262180204
265 361 3.418818983011975
266 361 3.929644606777966
358 361 4.33510971488613
359 361 4.33510971488613
363 361 4.33510971488613
258 362 4.33510971488613
259 362 3.929644606777966
356 362 4.33510971488613
357 362 4.33510971488613
362 362 3.2364974262180204
364 362 4.33510971488613
371 362 4.33510971488613
261 363 4.33510971488613
264 363 3.796113214153443
265 363 3.824284091120139
266 363 3.929644606777966
258 364 4.33510971488613
259 364 4.248098337896501
356 364 4.33510971488613
357 364 4.33510971488613
312 365 1.8967230807330226
313 365 3.082346746390762
320 365 3.743745228636127
321 365 3.4878118544989265
324 365 3.2001297820471453
325 365 3.2001297820471453
327 365 2.2838390501729906
328 365 1.1852267615048808
331 365 3.4878118544989265
365 365 3.2765027608317197
368 365 3.7754939269507073
369 365 2.3891995658308165
370 365 3.7754939269507073
372 365 3.4878118544989265
233 366 4.180959035058872
234 366 4.33510971488613
235 366 3.998637478264917
241 366 3.7754939269507073
242 366 -0.31885063527139346
244 366 2.3891995658308165
267 366 4.261001742732408
268 366 4.33510971488613
269 366 4.33510971488613
270 366 4.33510971488613
366 366 3.4878118544989265
367 366 3.567854562172463
375 366 2.3891995658308165
233 367 3.6419625343261846
234 367 4.33510971488613
235 367 3.6419625343261846
241 367 3.6419625343261846
242 367 1.3393774413321389
244 367 2.7664937969722847
267 367 3.6419625343261846
268 367 4.201578322261607
269 367 4.33510971488613
270 367 4.33510971488613
366 367 3.710955405813136
367 367 3.3542804618744038
375 367 3.6419625343261846
320 368 4.33510971488613
324 368 3.2364974262180204
325 368 3.6419625343261846
365 368 3.4878118544989265
370 368 4.33510971488613
320 369 3.6419625343261846
324 369 2.543350245658075
325 369 3.6419625343261846
365 369 3.7754939269507073
368 369 4.33510971488613
370 369 4.33510971488613
320 370 4.33510971488613
321 370 4.33510971488613
324 370 3.2364974262180204
325 370 3.6419625343261846
331 370 3.6419625343261846
365 370 3.4878118544989265
370 370 2.948815353766239
258 371 4.33510971488613
259 371 4.152788158092175
356 371 4.33510971488613
357 371 4.33510971488613
364 371 4.33510971488613
312 372 4.083795286605224
313 372 4.33510971488613
324 372 2.543350245658075
327 372 3.824284091120139
328 372 3.418818983011975
270 373 4.33510971488613
327 373 2.7256718024520294
366 373 4.33510971488613
367 373 4.33510971488613
374 373 4.33510971488613
375 373 4.33510971488613
234 374 4.33510971488613
269 374 4.33510971488613
270 374 4.33510971488613
366 374 4.33510971488613
367 374 4.33510971488613
375 374 4.33510971488613
234 375 4.33510971488613
267 375 4.33510971488613
268 375 4.33510971488613
269 375 4.33510971488613
270 375 4.33510971488613
366 375 4.180959035058872
367 375 3.6419625343261846
377 376 3.8831245911430727
378 376 3.929644606777966
379 376 4.33510971488613
380 376 4.33510971488613
381 376 3.6419625343261846
258 377 3.32350880320765
259 377 2.017257149761296
356 377 3.4412918388640334
357 377 3.32350880320765
362 377 3.54665235452186
364 377 3.54665235452186
371 377 3.54665235452186
377 377 3.367960565778484
378 377 3.8831245911430727
379 377 3.7289739113158142
380 377 3.7289739113158142
381 377 3.809016618989351
258 378 3.929644606777966
259 378 1.8502030650981298
356 378 4.33510971488613
357 378 4.33510971488613
362 378 4.33510971488613
364 378 4.33510971488613
371 378 4.33510971488613
377 378 3.1411872464136956
378 378 3.2364974262180204
381 378 3.6419625343261846
362 379 4.047427642434349
371 379 2.948815353766239
377 379 3.54665235452186
378 379 4.33510971488613
379 379 3.3542804618744038
380 379 4.33510971488613
381 379 4.33510971488613
362 380 4.33510971488613
364 380 4.33510971488613
371 380 4.33510971488613
377 380 3.54665235452186
378 380 4.33510971488613
381 380 4.33510971488613
258 381 3.6419625343261846
259 381 2.7664937969722847
356 381 4.33510971488613
357 381 3.6419625343261846
362 381 4.33510971488613
364 381 4.33510971488613
371 381 4.33510971488613
377 381 2.8535051739619144
378 381 3.6419625343261846
381 381 2.948815353766239
