0 0 0.5468271542297337
3 0 0.409356163601131
5 0 -0.15025962433429174
6 0 -2.8677885693910454
0 1 0.409356163601131
3 1 1.3388921222253065
5 1 1.1847414423980485
6 1 -0.8396403220987602
0 2 -0.15025962433429174
1 2 2.976500911626103
3 2 1.1847414423980485
4 2 2.976500911626103
5 2 1.7237379431307351
6 2 -0.9937910019260184
5 3 2.976500911626103
6 3 1.6452663276892403
5 4 2.976500911626103
6 4 1.6452663276892403
6 5 2.0507314357974042
6 6 1.0761717957992738
7 6 -1.3504659458647508
8 6 0.952119147129295
9 6 -0.059481764549184954
10 6 2.0107261011837054
12 6 1.4957345937182764
13 6 -0.3241743187762673
6 7 1.981738564310453
10 7 -0.2133873763688452
12 7 -0.2705457902087937
6 8 1.6452663276892403
7 8 2.6198259676873707
6 9 1.2622740754331345
7 9 2.4191552722252196
8 9 1.8313686073231008
9 9 0.12662051508467573
10 9 -0.3086975561731698
11 9 2.524515787883046
12 9 0.3272912105468267
13 9 -1.2366843278105162
6 10 -1.8810941969269213
7 10 1.3960505360652553
8 10 1.3960505360652553
9 10 1.0775968049467208
12 10 1.9714146809688171
13 10 1.5060514312795839
6 11 -0.14649314153881487
7 11 2.2143608595792066
8 11 3.1306515914533617
9 11 2.119050679774882
12 11 1.6265741946770875
13 11 0.06259865631974455
6 12 -0.32881469833276955
7 12 1.5212136790192614
9 12 1.4259034992149364
13 12 1.8817570997359139
0 13 -2.6586967715324863
1 13 1.8543581255477994
2 13 2.259823233655964
3 13 -0.6305485242402008
4 13 1.8543581255477994
5 13 -0.7846992040674591
6 13 -1.7104686798961577
7 13 0.4680637644279088
8 13 0.4680637644279088
9 13 1.5359043944292652
11 13 1.8543581255477994
12 13 -1.0360136323483653
13 13 1.3889948758585662
