0 0 1.1149015707384544
1 0 -3.783364577545498
3 0 -0.5363178757106007
4 0 -1.9747979900010617
6 0 -1.7684615570032332
7 0 0.9460195344292673
8 0 -2.1739266651113978
10 0 0.4907730951171988
11 0 -2.0335693074164753
13 0 -2.780062468681713
15 0 1.0041271652365482
17 0 0.8218056084425936
18 0 -3.7998938794967083
20 0 0.4933015414705574
21 0 -2.9661647483155735
22 0 -4.101818308664033
0 1 0.9788093572522583
3 1 1.227270716550758
4 1 -2.002968866967758
7 1 1.279638702068074
8 1 0.28280910770990636
10 1 0.592964036013746
11 1 -1.8794186275892169
14 1 -1.8374544284901846
15 1 1.3814213963780162
17 1 0.9759562882698517
18 1 -1.3431581066754046
20 1 0.4651306645038612
0 2 0.5986620571283836
4 2 0.2996162260262875
7 2 1.6363136460068062
10 2 1.2861112165736912
11 2 -0.8295965030905391
0 3 0.15682930484934451
1 3 1.514952789002539
3 3 2.2770928410494355
8 3 3.124390701436639
10 3 1.1319605367464332
11 3 -0.578282074809633
0 4 0.4819377828202423
1 4 1.9288567657565676
3 4 1.5317599073189199
4 4 -1.9861617486513765
7 4 0.7974546542654672
8 4 1.8036936228025617
10 4 0.6097711543301272
11 4 -2.1990837458940486
14 4 -1.8206473101738032
15 4 0.7050813341344521
16 4 2.0913756952543427
20 4 1.1750849633801876
0 5 0.7629651084196598
1 5 2.0745685769379616
7 5 0.7890157856196027
10 5 0.03334824807832329
0 6 0.023297912224821873
2 6 4.089471597480226
7 6 1.0609495011032442
9 6 4.089471597480226
10 6 1.509254767887901
11 6 -1.8104257561022654
18 6 -0.021402266693085013
0 7 -3.8161544003684886
1 7 -0.2608063388790751
3 7 1.7053065174937576
4 7 0.2668264032032969
8 7 1.3486315735550252
10 7 1.8951752799230952
11 7 0.5113292529995007
12 7 -1.9472052924493037
13 7 -1.049263699243345
14 7 -1.8702442513131754
17 7 2.041778754114971
18 7 0.233489982935705
21 7 -0.3190752470030508
22 7 -3.06416671978561
0 8 -1.4807794845514524
1 8 0.6882742158180708
3 8 2.836708628984858
4 8 -0.3935309545336578
8 8 1.1990998395840615
10 8 1.7969368403396822
11 8 0.349058493251107
18 8 0.6717449138668603
10 9 1.9792583971336366
11 9 0.2690157855775706
18 9 1.3648920944268057
21 9 1.505474045047995
0 10 -3.185527576789877
1 10 -0.16917601603315055
3 10 0.03334824807832329
4 10 0.7349342972841334
7 10 -0.7615816267915642
8 10 0.880646108465527
10 10 -1.5172491643328434
11 10 0.9313913074707624
14 10 -0.8341523196263996
18 10 0.5764347340625354
21 10 0.6480238131967736
22 10 -3.126687076766944
0 11 -2.1549301644207426
1 11 0.37936384274643603
3 11 -1.6768943634777427
4 11 0.8065988585131105
5 11 -0.2906000023578521
7 11 -2.24868068703342
8 11 -0.13644932253059383
10 11 -2.5343445953289643
11 11 0.7776472230545772
12 11 -1.5227436836504844
13 11 0.43606987024073673
14 11 -1.245111947052205
16 11 0.962162966137516
18 11 0.9703262767766769
19 11 -2.1288794872207997
20 11 -1.3404221268565297
21 11 0.4883786140518744
22 11 -1.504725178147806
0 12 -2.0685661494535714
1 12 0.5704911801616873
4 12 0.9927634065862332
7 12 -1.2540581118893583
8 12 -0.30497755719221264
11 12 0.8443799304811324
12 12 -1.1159077734085414
13 12 0.4751810003573625
14 12 -1.7320939128323583
15 12 0.7936347314758971
18 12 0.7771054295246866
21 12 -0.4040684598364435
22 12 -2.926016381304793
0 13 -1.3937681075618225
1 13 0.7752855928077007
4 13 0.38662760301591753
5 13 2.5182548978663237
11 13 0.22249576994267792
12 13 1.861475361477253
18 13 0.06560911029654483
19 13 1.3731225935633211
21 13 0.49387313336951516
22 13 -1.334927607538889
0 14 -2.907895840191598
1 14 0.359770148846035
4 14 0.376577267162416
5 14 1.4095922733447126
7 14 -1.8702442513131754
11 14 0.34597682671369895
12 14 2.00557570545101
13 14 1.1117578294289137
14 14 -0.9619856911362844
18 14 -0.24454581800729483
19 14 2.1615799539275913
21 14 -0.32710741870031496
22 14 -2.1559081596087193
2 15 2.9908593088121163
6 15 2.7031772363603355
12 15 0.7936347314758971
14 15 1.5637429531719707
20 15 4.5594752267259615
22 15 0.7752855928077007
12 16 2.179929092595788
14 16 2.256890133731916
20 16 4.5594752267259615
11 17 -0.8295965030905391
12 17 1.081316803927678
13 17 1.9792583971336366
14 17 1.1582778450638065
19 17 2.672405577693582
21 17 1.7931561174997759
22 17 0.657502557151317
1 18 -0.6500109261154592
4 18 -1.3263509883590232
5 18 1.721567038365538
6 18 1.3648920944268057
11 18 -1.7624165369159048
12 18 1.2879310532906774
13 18 1.7395855438682162
14 18 0.979229613614821
18 18 -2.0528345891865603
19 18 -0.3398559978116197
21 18 1.916388757923724
22 18 0.9410778476504447
11 19 -1.0302671985526901
12 19 1.3914717322315178
13 19 2.289413325437476
14 19 0.9576071496016553
18 19 -0.3398559978116197
19 19 2.0662697741232665
21 19 1.7466361018648833
22 19 0.6109825415164244
2 20 2.7677157574979065
6 20 2.4800336850461258
7 20 0.43234084168087017
11 20 -0.6472749462965846
12 20 1.669103468829797
14 20 2.0337465824177063
22 20 0.5521420414934909
1 21 -1.8957233366141601
2 21 1.505474045047995
4 21 -0.7803039296296694
5 21 0.9458582571125724
6 21 1.505474045047995
9 21 1.505474045047995
11 21 -1.3033808551761805
12 21 1.0428505230998821
13 21 -0.19927404719043013
14 21 1.6188027303549983
18 21 -1.9122526385653709
19 21 0.49387313336951516
22 21 1.5234925505506733
0 22 -3.696353200555868
1 22 -2.3382297164026737
2 22 1.2171183450867398
4 22 -1.9159574899781282
5 22 0.21566980487227788
6 22 1.5484754810411825
7 22 -2.3710195392256646
9 22 1.468432773367646
10 22 -2.4335398962069985
11 22 -2.003716344266794
12 22 0.7375452648248535
13 22 -0.9294624994307247
14 22 1.4550097530355053
18 22 -3.0479061989138296
19 22 1.3041297220763697
21 22 -1.5210298871727497
22 22 1.6773339679663126
