0 0 1.2603276544926338
1 0 -2.0937328717905923
3 0 0.06575137756278043
4 0 -1.374610204827386
8 0 1.0177601920390147
9 0 -0.8869069984822495
11 0 0.3658559700131184
12 0 -2.7476593391972557
14 0 0.4712164856709448
16 0 -1.831368607323101
17 0 1.3875072175450998
19 0 0.4712164856709448
20 0 -1.5212136790192614
21 0 -2.236833715431265
22 0 0.876681593779109
23 0 -2.167840843944314
0 1 1.0851614909439866
1 1 -1.1096621248546947
3 1 0.7621400520468967
4 1 -0.3905394578914886
8 1 1.6223413172700083
11 1 0.7621400520468967
12 1 -2.169053700369523
14 1 2.1484344131667874
15 1 -0.3364722366212129
17 1 0.7621400520468967
19 1 0.7621400520468967
0 2 1.152300793781615
8 2 2.302585092994046
0 3 0.053688505113505286
1 3 1.5965345075981925
3 3 1.8101086078962514
8 3 0.9162907318741551
9 3 2.3978952727983702
11 3 0.6061358035703155
12 3 -1.4087672169719492
18 3 2.908720896564361
20 3 -0.1823215567939547
22 3 1.5224265354444706
24 3 -2.250334402650168
0 4 0.5683529051866617
1 4 1.9219569080328205
3 4 0.3437715391028244
8 4 0.8362480242006185
9 4 1.4705547047376304
11 4 0.9315582040049435
12 4 -1.0833448165373214
17 4 0.7492366472109887
18 4 2.1355310083308794
19 4 1.442383827770934
23 4 -1.1966735018443246
9 5 2.9368917735310576
11 5 2.3978952727983702
12 5 1.076139432816051
10 6 4.700480365792417
11 6 2.3978952727983702
12 6 1.076139432816051
0 7 0.4591536132216696
1 7 1.442383827770934
2 7 4.700480365792417
3 7 2.2155737160044158
10 7 4.007333185232471
0 8 -1.9387416595767009
1 8 0.8362480242006185
3 8 1.7635885922613586
4 8 0.8622235106038793
8 8 -0.78845736036427
9 8 1.6376087894007967
11 8 2.0149030205422647
12 8 -0.2231435513142097
13 8 -0.9932517730102834
15 8 0.5108256237659906
16 8 -0.4054651081081643
19 8 2.0149030205422647
20 8 0.8209805520698301
23 8 0.3566749439387324
0 9 -1.3326058560063854
1 9 0.3437715391028244
3 9 2.3697243958316743
4 9 -0.32340015505386027
9 9 1.1451323043030024
11 9 1.7047480922384253
12 9 0.6706743247078867
16 9 -0.49247648509779424
18 9 2.908720896564361
19 9 1.5224265354444706
20 9 0.5108256237659906
22 9 1.5224265354444706
23 9 0.2696635669491026
0 10 -0.23399356733827573
1 10 1.442383827770934
3 10 2.2155737160044158
11 10 1.704748092238425
12 10 0.3829922522561057
20 10 1.6094379124341003
0 11 -1.892221643941808
1 11 0.477302931727347
3 11 -0.13580154115906176
4 11 1.196425598690553
8 11 -0.7419373447293773
9 11 1.2786636969275251
11 11 0.4519851237430572
12 11 0.9760559742590685
15 11 0.9628107475090479
20 11 1.4552872326068418
21 11 -0.35894509247327155
23 11 0.6263385108878349
24 11 -1.7113379019174808
0 12 -1.293385142853104
1 12 1.0369187196627696
3 12 -1.4087672169719492
4 12 1.278005585682976
8 12 -0.916290731874155
9 12 -1.380596340005253
12 12 1.1774919270763387
13 12 -2.219697433188278
15 12 0.537142932083364
16 12 -2.325057948846104
20 12 1.3173014896329394
21 12 -0.24561640716626829
23 12 0.5771482666970632
24 12 -1.7803307734044325
0 13 -2.8366832527826595
1 13 0.7856042913818637
4 13 1.4306189861913476
9 13 0.33420208808667373
12 13 1.4691820209256583
15 13 -0.387115969439968
19 13 0.7114963192281417
20 13 1.2039728043259357
23 13 0.3750240826069288
24 13 -2.3681174383065513
16 14 1.9924301646902063
21 14 2.6855773452501515
23 14 2.0614230361771577
6 15 2.908720896564361
10 15 2.2155737160044158
12 15 0.7884573603642703
13 15 1.5587941796153455
15 15 0.42381424677636087
16 15 0.20067069546215105
20 15 0.5108256237659906
21 15 1.992430164690206
23 15 1.1859542988232576
24 15 -1.5571872220902225
1 16 -1.2656663733312759
4 16 0.9575336904082041
5 16 1.9924301646902063
9 16 0.22884157242884745
11 16 -1.0033021088637848
12 16 0.9330385891753777
13 16 1.8746471290338227
15 16 0.8938178760220964
16 16 -0.7156200364120039
20 16 0.287682072451781
21 16 1.4816045409242156
23 16 0.2696635669491026
24 16 -2.4734779539643776
13 17 1.404643499788087
14 17 4.007333185232471
16 17 1.704748092238425
21 17 1.9924301646902063
22 17 3.71965111278069
23 17 0.6751286750572669
22 18 4.007333185232471
24 18 0.9277194276977776
5 19 4.007333185232471
12 19 -0.3101549283038396
13 19 1.8101086078962514
15 19 1.5224265354444706
16 19 1.704748092238425
23 19 1.7737409637253767
12 20 -2.0149030205422647
13 20 -0.30010459245033816
15 20 1.7635885922613586
16 20 0.5108256237659907
21 20 1.2039728043259361
23 20 1.9661128563728327
24 20 0.40162633180099866
6 21 3.378724525810097
10 21 1.9924301646902063
11 21 -0.31015492830383945
12 21 -0.5332984796180493
13 21 1.4691820209256583
15 21 1.8101086078962516
16 21 1.2302901126433095
20 21 -0.4054651081081643
21 21 0.6706743247078867
23 21 1.5505974124111668
24 21 -0.6817184847363225
4 22 0.7752121336142496
12 22 -0.3101549283038396
13 22 1.404643499788087
15 22 1.5224265354444706
16 22 1.704748092238425
21 22 1.2992829841302609
24 22 -0.053109825313948526
4 23 -1.1706980154410638
5 23 2.0614230361771577
7 23 1.3682758556172123
9 23 -0.3953127366441464
12 23 -0.6466271649250525
13 23 1.250492819960829
16 23 1.4934389985712184
20 23 -1.0296194171811581
21 23 0.04652001563489291
23 23 -1.2707814739980463
24 23 0.6400373552459968
0 24 -4.6999016859928595
2 24 0.9277194276977776
3 24 -2.250334402650168
7 24 1.1508629790119875
10 24 0.23457224713783234
12 24 -1.5980092166104776
13 24 -0.1168256397000562
15 24 -1.1517221139820584
16 24 0.5222543195896134
21 24 -0.07558268116600696
23 24 -1.9990199743692618
24 24 1.1228891269695813
