0 0 0.12909504212892484
3 0 -0.14158945395428504
4 0 -0.5470545620624494
5 0 -2.7983463606689445
0 1 -0.14158945395428504
3 1 2.1498223384416355
4 1 2.1498223384416355
5 1 0.5916777203950855
0 2 -0.5470545620624494
1 2 3.536116699561526
3 2 2.1498223384416355
4 2 2.1498223384416355
2 3 2.1498223384416355
4 3 3.536116699561526
5 3 2.537587869450399
1 4 2.1498223384416355
2 4 2.1498223384416355
5 4 2.894262813389131
0 5 -2.7983463606689445
1 5 2.3834371896231406
2 5 2.3834371896231406
3 5 0.5916777203950855
5 5 2.1690273182776854
8 5 3.076584370183086
9 5 2.6711192620749213
10 5 0.8793597928468666
1 6 2.4375044108934163
2 6 3.536116699561526
5 6 2.488797705280967
2 7 2.4375044108934163
5 7 2.488797705280967
6 7 3.823798772013307
9 8 3.823798772013307
10 8 3.4183336639051425
7 9 2.725186483345197
10 9 3.7060157363569233
5 10 0.8793597928468666
6 10 3.4183336639051425
7 10 3.7060157363569233
10 10 2.8305469990030234
