0 0 1.5215010379235279
1 0 -1.8690010546218796
3 0 0.6486954179891115
4 0 -1.90074975293646
9 0 1.0880620777729573
10 0 -1.0976016771621862
12 0 0.40647571961408785
13 0 -1.9111125399720066
15 0 1.159521041755102
18 0 1.4314547572387437
19 0 0.1786917887433759
21 0 -0.38092399919204667
22 0 -1.7672183603119374
23 0 -0.8329091229351039
24 0 0.1786917887433759
25 0 -2.4954568606831526
26 0 -4.083988088297939
0 1 1.2449869560863063
3 1 0.35020242943311497
4 1 -0.40748327226440145
9 1 1.4827162697769058
12 1 1.0888119840698176
13 1 -1.005632724202067
14 1 -1.4743468626179308
15 1 0.8610280531991055
18 1 1.6719582694154345
22 1 -0.6794169877480433
3 2 1.992430164690206
9 2 2.0263317163658874
10 2 1.632427430658799
12 2 0.9392802500988536
13 2 -0.279695720819131
16 2 1.6559579280689933
21 2 2.3491051086289385
0 3 0.3395071403163668
1 3 1.4488147181012245
9 3 0.8223589120399516
10 3 1.5270669150009728
12 3 1.1216018068928084
13 3 -1.483668525145067
16 3 1.1451323043030024
19 3 2.3978952727983702
21 3 1.8382794848629478
24 3 1.704748092238425
26 3 -1.8647846042429448
0 4 0.6496620686202067
1 4 1.6411866107486806
3 4 0.287682072451781
4 4 -1.5686159179138452
9 4 0.7270487322356267
10 4 1.6324274306587991
12 4 1.0262916270884836
13 4 -1.068153081183401
15 4 0.7985076962177716
18 4 0.5108256237659907
21 4 1.0498221244986776
25 4 -0.37156355643248296
0 5 0.3395071403163668
1 5 1.7364967905530055
2 5 2.6855773452501515
3 5 1.4816045409242156
6 5 3.784189633918261
9 5 1.1100409844917325
10 5 1.1216018068928084
12 5 0.4284546263328632
19 5 3.0910424533583156
2 6 4.295015257684252
9 6 2.0263317163658874
12 6 2.0378925387669637
1 7 0.8610280531991055
2 7 3.196402969016142
3 7 2.6855773452501515
9 7 0.9277194276977776
11 7 3.6018680771243066
17 7 0.8938178760220964
20 7 3.6018680771243066
24 7 2.908720896564361
2 8 3.196402969016142
4 8 0.8292793548845252
9 8 0.9277194276977776
11 8 3.6018680771243066
12 8 0.9392802500988536
20 8 3.6018680771243066
21 8 2.3491051086289385
24 8 2.908720896564361
26 8 -0.6608117999170089
1 9 0.20178242431484175
3 9 1.5155060925998969
4 9 0.7578203909023804
7 9 0.9277194276977776
9 9 -0.6478169330606411
10 9 0.9731818017745352
12 9 1.7616391621388052
13 9 0.34199249575866936
14 9 -1.4076554881192587
16 9 0.08042156731057401
17 9 -1.3748656652962679
19 9 1.333184535805942
21 9 1.4667159284304647
22 9 0.4858866754187386
24 9 0.6400373552459968
25 9 -0.24235182495247687
0 10 -1.1645702564599072
1 10 0.6378845018848959
3 10 1.4816045409242156
4 10 -0.08701137698962969
9 10 -0.6817184847363225
12 10 1.2757524867200667
13 10 0.41345145974081443
14 10 -0.055262678675049415
16 10 0.7396671961948382
17 10 -0.7156200364120039
21 10 2.3491051086289385
22 10 -0.6466271649250525
25 10 0.4168938039317872
26 10 -1.577102531791164
0 11 0.15718558352241235
1 11 1.26649316130727
3 11 2.3978952727983702
4 11 1.2347444629926896
10 11 2.0378925387669637
12 11 1.3447453582070181
0 12 -1.4183507772360067
1 12 0.6717860535605773
3 12 -0.2762533766281581
4 12 1.1255451710276978
7 12 0.9277194276977776
9 12 -1.3409641136205865
10 12 0.7500382504603252
11 12 1.333184535805942
13 12 1.0625386505067291
16 12 -0.6127256132493712
17 12 -1.3748656652962679
21 12 0.7735687478705193
22 12 0.6400373552459968
23 12 -0.37156355643248296
25 12 0.26847379881351374
26 12 -2.929495341235373
0 13 -1.3264829416226545
1 13 0.7522251933503065
3 13 -1.483668525145067
4 13 1.2450009631598786
5 13 -0.7905213445851217
9 13 -0.938941349703395
10 13 0.4589138338175716
12 13 -0.927380527302319
13 13 0.8885964884869687
14 13 -2.6150706366361676
16 13 -0.4338464006463894
17 13 -1.8891336332532314
18 13 -0.5673777932709121
21 13 -1.1269935812063347
22 13 0.9832196191402549
23 13 -1.578978704949392
25 13 0.5426631912208206
26 13 -1.7390152169539115
0 14 -2.5836544404027886
1 14 -0.7811996820579854
4 14 0.691129016403708
10 14 0.39566480350987226
13 14 1.1915918531341525
14 14 0.13509104981616962
16 14 1.26649316130727
17 14 -0.7484098592349947
22 14 1.26649316130727
25 14 -0.021361126999368044
26 14 -2.9961867157340456
7 15 3.196402969016142
8 15 3.196402969016142
14 15 0.8610280531991055
16 15 1.6559579280689933
20 15 3.6018680771243066
22 15 0.9628107475090479
23 15 2.5902671654458267
25 15 0.9277194276977776
3 16 0.4519851237430571
4 16 -0.7111656860626236
5 16 1.1451323043030024
10 16 0.09198238971165006
13 16 0.8189165678489785
14 16 1.805489662039957
16 16 1.2141251757899538
22 16 0.8086600676817896
23 16 1.0498221244986776
25 16 0.08042156731057401
26 16 -2.2012568408641577
0 17 -1.8577174370198524
1 17 -0.055262678675049415
2 17 0.8938178760220964
4 17 -0.08701137698962969
5 17 1.7692866133759966
6 17 1.9924301646902063
7 17 0.8938178760220964
9 17 -1.3748656652962679
13 17 0.5532134021159729
14 17 1.5541752337590509
16 17 0.4519851237430572
17 17 -1.4087672169719492
19 17 1.2992829841302609
22 17 0.4519851237430572
23 17 1.540445040947149
25 17 0.5710444837590455
26 17 -1.577102531791164
7 18 2.908720896564361
14 18 0.5733459807473247
15 18 4.007333185232471
17 18 0.6061358035703156
22 18 0.6751286750572669
23 18 2.302585092994046
24 18 2.6210388241125804
25 18 0.6400373552459968
26 18 -0.9484938723687899
2 19 3.6018680771243066
6 19 4.700480365792417
9 19 1.333184535805942
17 19 1.2992829841302609
24 19 3.3141860046725258
26 19 -0.25534669180884456
5 20 3.0910424533583156
17 20 1.2992829841302609
24 20 4.007333185232471
26 20 0.4378004887511008
13 21 -0.4338464006463894
14 21 1.6231681052460025
16 21 1.9072723563498992
17 21 0.7396671961948382
22 21 0.11551288712184424
25 21 1.4667159284304647
26 21 -0.12181529918432198
3 22 -0.24116205681688824
5 22 0.4519851237430571
7 22 0.9628107475090479
10 22 -0.6011647908482952
11 22 1.3682758556172123
13 22 -0.9038500298921248
14 22 1.025331104490382
16 22 1.7249507995559445
17 22 1.0581209273133727
22 22 -1.2707814739980463
23 22 0.3566749439387324
25 22 1.638566185357124
26 22 0.1013282521298878
2 23 2.5902671654458267
7 23 2.5902671654458267
8 23 1.8971199848858813
9 23 -0.37156355643248296
13 23 -1.578978704949392
14 23 0.2548922496287902
16 23 1.0498221244986776
17 23 -0.4054651081081643
20 23 2.302585092994046
22 23 -0.3364722366212129
23 23 0.5978370007556205
24 23 1.6094379124341003
25 23 1.5743465926228302
26 23 0.3424903089467759
1 24 0.5733459807473247
5 24 2.3978952727983702
14 24 1.26649316130727
17 24 1.9924301646902063
26 24 0.4378004887511008
2 25 0.9277194276977776
7 25 0.9277194276977776
8 25 0.9277194276977776
9 25 -1.3409641136205865
13 25 -0.9389413497033949
14 25 0.8949296048747871
17 25 1.458347678759948
22 25 -0.6127256132493712
23 25 1.0147308046874077
26 25 0.8771671485349464
1 26 -2.3030395351741
4 26 -3.027935414048626
5 26 0.6201220455450556
8 26 1.130947669311046
11 26 0.4378004887511008
12 26 -2.917934518834297
13 26 -1.9396859124160626
14 26 -0.05174773656760482
16 26 -2.2012568408641577
17 26 0.797803222782508
19 26 -0.25534669180884456
20 26 0.4378004887511008
22 26 -2.2012568408641577
23 26 0.23712979328894954
24 26 -0.9484938723687899
25 26 -1.3200574288012727
26 26 1.2377156447367523
