0 0 0.2949339073300227
5 0 -0.03195159980660236
8 0 -0.7738889445359798
9 0 -3.118438236629058
0 1 0.07340891585122376
5 1 1.5869650565820417
8 1 1.250492819960829
9 1 -0.4009092915723037
5 2 3.0910424533583156
8 2 2.7545702167371027
9 2 1.1031681052039704
0 3 -0.5327268877190916
1 3 2.995732273553991
5 3 1.3862943611198906
6 3 2.995732273553991
8 3 1.742969305058623
9 3 -0.6015799870344549
2 4 4.295015257684252
5 4 1.992430164690206
7 4 4.295015257684252
8 4 2.7545702167371027
9 4 0.697702997095806
8 5 2.7545702167371027
9 5 1.7963152857639155
8 6 2.7545702167371027
9 6 1.7963152857639155
8 7 2.7545702167371027
9 7 1.7963152857639155
9 8 2.20178039387208
0 9 -3.1184382366290575
1 9 1.6785322501075322
3 9 2.001109698409929
5 9 -1.1994169877900753
6 9 1.1031681052039704
8 9 -1.5358892244112883
9 9 1.4666690142131025
10 9 -0.14959486329139765
11 9 1.7963152857639155
13 9 2.20178039387208
14 9 1.7963152857639155
15 9 -0.07548689113767583
1 10 1.250492819960829
3 10 1.742969305058623
5 10 1.1451323043030024
6 10 2.7545702167371027
8 10 0.8086600676817896
9 10 1.8653081572508672
9 11 1.7963152857639155
10 11 3.447717397297048
1 12 1.5869650565820417
3 12 2.0794415416798357
6 12 3.0910424533583156
9 12 1.285489661997925
10 12 3.447717397297048
9 13 -0.50626980723013
10 13 1.8382794848629478
11 13 3.0910424533583156
12 13 1.4816045409242156
14 13 3.0910424533583156
15 13 2.5409961164390436
10 14 1.3682758556172123
12 14 1.704748092238425
15 14 3.1471319200093593
2 15 2.828678188890825
3 15 0.43078291609245434
4 15 3.234143296998989
5 15 -0.1670540846631662
7 15 2.828678188890825
8 15 0.18962085927556593
9 15 -1.056316144149402
10 15 2.3868454366117855
12 15 3.091042453358316
15 15 2.3739420317758775
