0 0 0.0781920515593279
3 0 0.09097177820572679
4 0 -0.3144933299024376
5 0 -3.0870820521422186
0 1 0.09097177820572659
0 2 -0.3144933299024376
1 2 4.051784947803305
4 3 4.051784947803305
5 3 2.665490586683414
5 4 3.0709556947915786
5 5 2.783273622339798
6 5 3.0709556947915786
7 5 2.665490586683414
8 5 1.9723434061234688
2 6 4.051784947803305
7 6 4.051784947803305
8 6 4.051784947803305
1 7 4.051784947803305
2 7 4.051784947803305
8 7 4.051784947803305
0 8 -1.007640510462383
1 8 4.051784947803305
2 8 4.051784947803305
