0 0 3.3586377672433594
13 0 2.9531726591351948
13 1 3.1354942159291497
2 2 3.41806118771416
4 2 2.329018350062201
17 2 3.8976342679760463
3 3 3.3586377672433594
15 3 4.74493212836325
16 3 4.74493212836325
27 3 4.051784947803305
2 4 2.329018350062201
4 4 3.150998402465115
7 4 3.0709556947915786
3 5 4.74493212836325
5 5 3.3586377672433594
16 5 4.051784947803305
6 6 3.64631983969514
18 6 4.339467020255086
7 7 3.764102875351524
19 7 2.4423470353692043
44 8 3.64631983969514
46 8 4.74493212836325
10 9 4.74493212836325
10 10 3.64631983969514
22 10 4.562610571569295
34 10 2.9531726591351948
80 11 4.74493212836325
81 11 1.8545603704670852
12 12 3.764102875351524
23 12 4.2749284991175145
35 12 2.665490586683414
0 13 2.9531726591351948
4 13 -0.04255961441879589
13 13 2.855192250774991
25 13 2.9531726591351948
1 14 4.74493212836325
13 14 2.7300291078209855
26 15 4.74493212836325
27 15 4.74493212836325
38 15 4.051784947803305
15 16 4.74493212836325
26 16 4.74493212836325
27 16 4.74493212836325
4 17 3.764102875351524
18 18 3.64631983969514
29 18 4.74493212836325
40 18 4.339467020255086
51 18 3.64631983969514
19 19 2.9923933722884763
30 19 1.8827312474337816
8 20 4.74493212836325
44 20 2.9531726591351948
46 20 4.74493212836325
71 21 4.74493212836325
73 21 4.74493212836325
22 22 3.3586377672433594
34 22 4.74493212836325
45 22 4.051784947803305
23 23 3.3586377672433594
35 23 4.74493212836325
56 23 4.051784947803305
11 24 4.74493212836325
80 24 4.74493212836325
2 25 3.2044870874161013
4 25 2.665490586683414
25 25 3.3586377672433594
38 26 4.74493212836325
60 26 4.74493212836325
26 27 4.74493212836325
38 27 4.74493212836325
3 28 2.26002547857525
5 28 3.86946339100935
28 28 3.3586377672433594
40 29 4.74493212836325
51 29 4.74493212836325
62 29 4.74493212836325
28 30 2.511339906856156
30 30 3.5611620313548333
6 31 3.86946339100935
31 31 3.3586377672433594
41 31 3.253277251585533
8 32 4.74493212836325
20 32 4.74493212836325
46 32 4.74493212836325
33 33 3.4764208028997428
43 33 2.317183892415198
44 33 1.5668782980153044
34 34 3.3586377672433594
45 34 4.74493212836325
55 34 4.74493212836325
76 34 4.051784947803305
35 35 3.3586377672433594
54 35 4.74493212836325
56 35 4.74493212836325
75 35 4.051784947803305
21 36 4.74493212836325
71 36 4.051784947803305
73 36 4.74493212836325
1 37 4.74493212836325
13 37 2.03688192726104
14 37 4.74493212836325
38 38 3.3586377672433594
60 38 4.74493212836325
70 38 4.74493212836325
79 38 2.665490586683414
28 39 2.847812143477369
39 39 3.7232808808312687
51 40 4.74493212836325
62 40 4.74493212836325
72 40 4.74493212836325
6 41 2.03688192726104
31 41 3.6951100038645723
41 41 3.5409593240373143
43 41 2.0940403411009885
8 42 4.74493212836325
20 42 4.74493212836325
32 42 4.74493212836325
31 43 1.5668782980153044
41 43 2.4423470353692043
43 43 3.2980131454269244
44 43 1.16141318990714
53 43 3.64631983969514
33 44 2.665490586683414
43 44 2.317183892415198
44 44 3.3586377672433594
55 45 4.74493212836325
76 45 4.74493212836325
89 45 4.74493212836325
44 46 4.051784947803305
11 47 4.74493212836325
24 47 4.74493212836325
47 47 3.3586377672433594
80 47 3.3586377672433594
21 48 4.74493212836325
36 48 4.74493212836325
73 48 4.74493212836325
1 49 4.74493212836325
14 49 4.74493212836325
37 49 4.74493212836325
39 50 3.1354942159291497
50 50 3.64631983969514
62 51 4.74493212836325
72 51 4.74493212836325
82 51 4.74493212836325
20 52 4.74493212836325
32 52 4.74493212836325
42 52 4.74493212836325
53 53 3.64631983969514
65 53 3.64631983969514
75 54 4.74493212836325
86 54 4.051784947803305
108 54 2.1058747987479913
76 55 4.74493212836325
89 55 4.74493212836325
113 55 3.1354942159291497
54 56 4.74493212836325
75 56 4.74493212836325
86 56 4.051784947803305
24 57 4.74493212836325
47 57 4.74493212836325
21 58 4.74493212836325
36 58 4.74493212836325
48 58 4.74493212836325
14 59 4.051784947803305
37 59 4.74493212836325
49 59 4.74493212836325
59 59 3.3586377672433594
70 60 4.74493212836325
79 60 3.3586377672433594
94 60 1.9723434061234688
63 61 4.74493212836325
72 62 4.74493212836325
82 62 4.74493212836325
99 62 2.9531726591351948
50 63 3.64631983969514
63 63 3.64631983969514
32 64 4.051784947803305
42 64 4.74493212836325
52 64 4.74493212836325
64 64 3.3586377672433594
9 65 4.051784947803305
10 65 2.9531726591351948
65 65 3.64631983969514
47 66 4.051784947803305
48 66 4.051784947803305
57 66 4.051784947803305
58 66 4.051784947803305
67 66 4.051784947803305
36 67 4.74493212836325
48 67 4.74493212836325
58 67 4.74493212836325
59 68 4.74493212836325
69 68 4.74493212836325
49 69 4.74493212836325
59 69 4.74493212836325
79 70 3.3586377672433594
94 70 2.665490586683414
61 71 4.74493212836325
63 71 4.051784947803305
71 71 3.3586377672433594
82 72 4.74493212836325
99 72 3.64631983969514
61 73 4.74493212836325
71 73 4.74493212836325
52 74 4.051784947803305
64 74 4.74493212836325
74 74 3.3586377672433594
86 75 4.051784947803305
108 75 2.7990219793079367
89 76 4.74493212836325
113 76 3.8286413964890946
47 77 2.9531726591351948
57 77 3.64631983969514
58 77 3.64631983969514
66 77 4.051784947803305
67 77 4.339467020255086
77 77 2.5477075510270306
57 78 4.74493212836325
66 78 4.051784947803305
77 78 3.64631983969514
59 79 2.665490586683414
68 79 4.457250055911469
69 79 4.051784947803305
79 79 3.0709556947915786
94 79 1.6846613336716878
80 80 3.3586377672433594
81 80 2.7708511023412403
81 81 2.7708511023412403
83 81 2.9531726591351948
101 81 1.8545603704670852
104 81 1.8545603704670852
98 82 3.3586377672433594
99 82 3.64631983969514
104 83 4.74493212836325
74 84 3.3586377672433594
84 84 3.3586377672433594
85 84 4.74493212836325
64 85 3.3586377672433594
74 85 4.74493212836325
85 85 3.3586377672433594
87 86 4.051784947803305
108 86 2.511339906856156
66 87 2.9531726591351948
77 87 4.157145463461131
87 87 3.64631983969514
66 88 2.665490586683414
77 88 2.9531726591351948
78 88 4.457250055911469
88 88 3.764102875351524
113 89 4.23410650459726
12 90 4.457250055911469
79 91 4.457250055911469
79 92 3.764102875351524
91 92 4.74493212836325
92 92 3.3586377672433594
12 93 3.0709556947915786
90 93 4.457250055911469
93 93 3.764102875351524
91 94 1.9723434061234688
92 94 2.8886341379976237
94 94 2.8106725965279122
95 94 3.0709556947915786
97 94 2.665490586683414
94 95 2.665490586683414
97 95 4.74493212836325
93 96 3.5409593240373143
96 96 3.7232808808312687
94 97 3.0709556947915786
98 98 3.764102875351524
99 98 3.3586377672433594
98 99 3.1763162104494045
99 99 3.1073233389624533
100 99 2.7990219793079367
100 100 3.5611620313548333
102 100 2.2881963555419462
103 100 2.2881963555419462
81 101 1.8545603704670852
96 101 3.64631983969514
101 101 2.5477075510270306
102 102 3.3178157727231046
103 102 3.6054978451748854
106 102 2.4423470353692043
102 103 3.3178157727231046
103 103 2.91235066461494
105 103 2.4423470353692043
106 103 3.1354942159291497
96 104 2.03688192726104
101 104 4.157145463461131
104 104 3.64631983969514
105 105 3.64631983969514
106 105 3.3586377672433594
107 105 3.3586377672433594
84 106 3.3586377672433594
105 106 3.3586377672433594
107 106 4.051784947803305
84 107 4.74493212836325
85 107 3.3586377672433594
107 107 3.3586377672433594
86 108 2.511339906856156
87 108 2.1058747987479913
108 108 3.050336407588843
110 109 4.23410650459726
88 110 3.5409593240373143
109 110 3.1354942159291497
110 110 3.6054978451748854
109 111 4.74493212836325
110 111 3.5409593240373143
111 111 3.3586377672433594
110 112 2.4423470353692043
111 112 4.74493212836325
112 112 3.3586377672433594
111 113 2.4423470353692043
112 113 4.051784947803305
113 113 3.7232808808312687
