0 0 0.19801271733020795
5 0 0.26004810824966057
6 0 -0.14541699985850381
7 0 -2.0172191767600953
0 1 0.26004810824966057
0 2 0.26004810824966057
0 3 -0.14541699985850381
1 3 3.3586377672433594
0 4 -0.14541699985850381
2 4 3.3586377672433594
6 5 2.665490586683414
7 5 2.179982770901713
7 6 2.5854478790098776
0 7 -2.7103663573200407
1 7 2.179982770901713
3 7 2.5854478790098776
7 7 1.6299364339824411
8 7 2.5854478790098776
9 7 2.179982770901713
10 7 0.30818059400012177
9 8 3.3586377672433594
10 8 2.8731299514616584
10 9 3.278595059569823
0 10 -2.0172191767600953
2 10 2.8731299514616584
4 10 3.278595059569823
10 10 2.3230836145423863
