0 0 0.15140142245707358
5 0 0.17495171185349298
6 0 -0.23051339625467132
7 0 -2.8897734331874494
0 1 0.17495171185349298
0 2 0.17495171185349298
0 3 -0.23051339625467132
1 3 3.6039637816985253
0 4 -0.23051339625467132
2 4 6.168913139160062
6 5 3.5298558095448036
7 5 2.256890133731916
7 6 2.6623552418400807
0 7 -2.963881405341171
1 7 2.2176694205786345
3 7 2.5251541203265955
7 7 2.046169102416264
8 7 -0.7388421398220748
9 7 2.256890133731916
11 7 2.6623552418400807
12 7 2.256890133731916
13 7 0.3698204846995365
1 8 1.3013786887044796
3 8 2.68767304982437
7 8 2.4800336850461258
7 9 2.256890133731916
8 9 3.866328046166016
3 10 1.406739204362306
7 10 2.1997317198919677
8 10 3.866328046166016
7 11 -0.8341523196263996
8 11 1.468432773367646
9 11 3.771017866361692
12 11 3.771017866361692
13 11 3.2702425784492024
13 12 3.771017866361692
0 13 -4.420168138281097
2 13 3.365552758253527
4 13 3.771017866361692
7 13 0.2644599690417101
8 13 3.260192242595701
10 13 3.771017866361692
13 13 2.8394596623567483
