0 0 0.08954889527518599
3 0 0.10357874348562462
4 0 -0.3018863646225398
5 0 -2.7681008813983876
0 1 0.10357874348562462
0 2 -0.30188636462253965
1 2 3.971688561823843
4 3 3.971688561823843
5 3 2.891768406167886
5 4 3.29723351427605
0 5 -3.0194153096792937
1 5 2.1986212256079405
2 5 2.1986212256079405
5 5 2.6103559467297
8 5 3.29723351427605
9 5 2.891768406167886
10 5 1.6232570807043787
0 6 -2.4991109419587594
1 6 3.7203741335429363
2 6 3.971688561823843
5 6 2.1986212256079405
1 7 2.4676111650475687
2 7 3.7203741335429363
5 7 2.1986212256079405
6 7 3.971688561823843
7 8 2.4676111650475687
9 8 3.971688561823843
10 8 3.971688561823843
6 9 2.4676111650475687
7 9 3.971688561823843
10 9 3.971688561823843
2 10 1.8922470201440067
5 10 1.3719426524234724
6 10 3.971688561823843
7 10 3.971688561823843
10 10 2.5696458437358127
