0 0 2.434048232554509
2 0 2.3470368555648795
3 0 1.6538896750049341
7 0 1.4997389951776758
40 0 2.3470368555648795
46 0 1.0477538714346186
47 0 0.044451762570833796
0 1 3.040184036124825
2 1 2.7990219793079367
0 2 2.3470368555648795
1 2 2.7990219793079367
2 2 1.951724118920733
3 2 1.7004096906398272
7 2 1.5462590108125687
40 2 2.1058747987479913
46 2 1.0942738870695115
57 2 1.1895840668738362
60 2 0.8531118302526234
3 3 2.26002547857525
7 3 1.0072625100798818
10 3 1.0072625100798818
31 3 1.3437347467010947
32 3 3.64631983969514
33 3 4.051784947803305
34 3 1.5668782980153044
43 3 2.9531726591351948
46 3 1.6538896750049341
57 3 1.3437347467010947
3 4 2.9531726591351948
46 4 2.3470368555648795
57 4 3.1354942159291497
0 5 3.040184036124825
2 5 2.7990219793079367
6 6 3.3586377672433594
31 6 2.4423470353692043
47 6 1.3437347467010947
60 6 1.0072625100798818
1 7 2.7990219793079367
2 7 1.5462590108125687
7 7 1.5462590108125687
10 7 2.6448712994806782
11 7 2.1058747987479913
31 7 1.1895840668738362
46 7 1.0942738870695115
47 7 0.4964368863138909
57 7 1.8827312474337816
60 7 1.5462590108125687
0 8 2.3470368555648795
3 8 2.9531726591351948
40 8 3.3586377672433594
12 9 4.74493212836325
13 9 4.339467020255086
2 10 0.8531118302526234
7 10 2.239406191372514
10 10 2.9325533719324595
11 10 3.2044870874161013
46 10 1.4997389951776758
57 10 1.8827312474337816
1 11 4.051784947803305
2 11 2.1058747987479913
7 11 2.1058747987479913
47 11 1.7491998548092589
48 11 4.051784947803305
60 11 2.1058747987479913
13 12 4.74493212836325
13 13 3.64631983969514
14 13 4.74493212836325
35 13 4.051784947803305
28 14 4.051784947803305
35 14 4.74493212836325
16 15 4.74493212836325
20 15 3.492169159867882
20 16 3.8976342679760463
17 17 4.051784947803305
18 17 3.828641396489095
17 18 2.4423470353692043
18 18 3.4719664525503626
22 18 4.051784947803305
25 18 3.1354942159291497
15 19 4.74493212836325
16 19 4.051784947803305
19 19 3.3586377672433594
86 19 4.74493212836325
20 20 3.5611620313548333
36 20 3.8976342679760463
49 20 3.492169159867882
62 20 2.1058747987479913
17 21 4.74493212836325
18 21 3.1354942159291497
18 22 2.4423470353692043
22 22 3.3586377672433594
25 22 4.457250055911469
38 22 4.051784947803305
19 23 4.74493212836325
86 23 4.74493212836325
94 24 4.74493212836325
95 24 4.051784947803305
25 25 3.3586377672433594
37 25 4.74493212836325
38 25 4.74493212836325
50 25 3.3586377672433594
112 26 4.74493212836325
117 26 4.051784947803305
24 27 4.457250055911469
27 27 3.764102875351524
94 27 3.3586377672433594
95 27 2.665490586683414
28 28 3.3586377672433594
44 28 4.74493212836325
55 28 4.051784947803305
3 29 2.9531726591351948
4 29 4.74493212836325
46 29 2.3470368555648795
0 30 2.3470368555648795
2 30 2.7990219793079367
5 30 4.74493212836325
2 31 0.4964368863138909
6 31 2.26002547857525
7 31 0.4964368863138909
31 31 2.7047112998366956
34 31 2.1546649629174235
46 31 0.044451762570833796
47 31 1.5260563034950492
53 31 0.8329091229351039
60 31 0.4964368863138909
43 32 4.74493212836325
54 32 4.051784947803305
58 32 4.74493212836325
32 33 4.74493212836325
43 33 4.74493212836325
54 33 4.051784947803305
0 34 2.0593547831130987
2 34 1.4127276181880462
7 34 1.4127276181880462
31 34 1.7491998548092589
34 34 1.9723434061234688
46 34 0.9607424944449888
47 34 1.0560526742493137
57 34 1.7491998548092589
60 34 1.4127276181880462
28 35 4.74493212836325
35 35 3.3586377672433594
44 35 3.3586377672433594
49 36 4.74493212836325
62 36 4.74493212836325
50 37 4.74493212836325
63 37 4.74493212836325
37 38 4.74493212836325
50 38 4.74493212836325
26 39 4.74493212836325
112 39 4.051784947803305
117 39 4.051784947803305
0 40 1.6538896750049341
3 40 2.9531726591351948
40 40 3.764102875351524
2 41 2.7990219793079367
5 41 4.74493212836325
30 41 4.74493212836325
42 42 2.5477075510270306
46 42 1.9415717474567151
53 42 3.4231762883809305
68 42 3.64631983969514
54 43 4.051784947803305
58 43 4.74493212836325
66 43 4.051784947803305
44 44 3.3586377672433594
54 44 4.051784947803305
55 44 4.74493212836325
66 44 3.3586377672433594
3 45 2.9531726591351948
31 45 2.4423470353692043
34 45 3.3586377672433594
3 46 0.5552773863368246
6 46 0.5552773863368246
7 46 1.7874210676294569
8 46 2.3470368555648795
10 46 1.0942738870695115
11 46 1.6538896750049341
31 46 0.7375989431307791
34 46 0.9607424944449888
40 46 0.9607424944449888
42 46 1.9415717474567151
46 46 1.3354359438863996
47 46 1.1430640512389436
53 46 2.12389330425067
57 46 2.12389330425067
60 46 1.0942738870695115
0 47 0.7375989431307791
2 47 0.4964368863138909
6 47 1.3437347467010947
8 47 3.1354942159291497
31 47 0.8329091229351039
34 47 2.1546649629174235
40 47 1.0560526742493137
46 47 0.7375989431307791
47 47 2.336986519711378
48 47 2.4423470353692043
60 47 1.8827312474337816
61 47 1.3437347467010947
60 48 2.7990219793079367
61 48 3.64631983969514
70 48 3.3586377672433594
62 49 4.74493212836325
73 49 4.74493212836325
50 50 3.3586377672433594
63 50 4.74493212836325
72 50 4.74493212836325
85 50 4.051784947803305
26 51 4.74493212836325
39 51 4.74493212836325
117 51 4.051784947803305
5 52 4.74493212836325
30 52 4.74493212836325
41 52 4.74493212836325
9 53 3.1354942159291497
42 53 3.64631983969514
46 53 0.7375989431307791
53 53 3.1354942159291497
68 53 3.5409593240373143
58 54 4.051784947803305
66 54 4.051784947803305
75 54 4.051784947803305
78 54 4.051784947803305
89 54 4.051784947803305
54 55 4.051784947803305
66 55 4.051784947803305
75 55 4.74493212836325
3 56 2.26002547857525
4 56 4.74493212836325
29 56 4.74493212836325
56 56 3.3586377672433594
7 57 1.8827312474337816
10 57 2.575878427993727
11 57 2.4423470353692043
46 57 1.8362112317988888
47 57 0.8329091229351039
57 57 2.2192034840549946
60 57 1.8827312474337816
66 58 4.051784947803305
78 58 4.74493212836325
105 58 3.3586377672433594
3 59 2.9531726591351948
34 59 3.3586377672433594
45 59 4.74493212836325
0 60 1.0942738870695115
34 60 1.4127276181880462
42 60 1.7004096906398272
46 60 1.7874210676294569
47 60 1.1895840668738362
48 60 2.7990219793079367
53 60 1.1895840668738362
57 60 1.1895840668738362
60 60 0.8531118302526234
61 60 2.3935568711997726
70 60 2.511339906856156
71 60 2.3935568711997726
6 61 1.8545603704670852
47 61 2.03688192726104
60 61 2.3935568711997726
70 61 2.26002547857525
71 61 3.240854731586976
83 61 2.26002547857525
62 62 3.3586377672433594
73 62 4.74493212836325
87 62 4.74493212836325
96 62 4.051784947803305
72 63 4.74493212836325
85 63 4.74493212836325
97 63 4.74493212836325
26 64 4.74493212836325
39 64 4.74493212836325
51 64 4.74493212836325
30 65 4.74493212836325
41 65 4.74493212836325
52 65 4.74493212836325
75 66 4.051784947803305
78 66 4.051784947803305
89 66 4.051784947803305
100 66 2.665490586683414
104 66 3.3586377672433594
105 66 2.665490586683414
29 67 4.74493212836325
56 67 4.74493212836325
9 68 4.74493212836325
12 68 4.74493212836325
13 68 2.9531726591351948
68 68 3.3586377672433594
3 69 2.9531726591351948
45 69 4.74493212836325
59 69 4.74493212836325
23 70 3.3586377672433594
60 70 2.1058747987479913
61 70 2.26002547857525
70 70 2.665490586683414
71 70 2.9531726591351948
84 70 2.9531726591351948
95 70 3.3586377672433594
61 71 2.5477075510270306
71 71 3.64631983969514
83 71 3.64631983969514
84 71 2.5477075510270306
85 72 4.74493212836325
97 72 4.74493212836325
119 72 4.74493212836325
87 73 4.74493212836325
96 73 4.74493212836325
122 73 4.74493212836325
39 74 4.74493212836325
51 74 4.74493212836325
64 74 4.74493212836325
89 75 4.74493212836325
100 75 3.3586377672433594
101 75 4.74493212836325
52 76 4.74493212836325
65 76 4.74493212836325
77 76 4.74493212836325
41 77 4.74493212836325
52 77 4.74493212836325
65 77 4.74493212836325
104 78 4.74493212836325
105 78 3.3586377672433594
56 79 4.051784947803305
67 79 4.74493212836325
80 79 4.74493212836325
56 80 4.74493212836325
67 80 4.74493212836325
45 81 4.74493212836325
59 81 4.74493212836325
69 81 4.74493212836325
59 82 4.74493212836325
69 82 4.74493212836325
81 82 4.74493212836325
61 83 2.26002547857525
70 83 3.3586377672433594
83 83 2.665490586683414
84 83 3.64631983969514
95 83 2.665490586683414
19 84 3.64631983969514
23 84 3.64631983969514
47 84 2.4423470353692043
61 84 3.240854731586976
84 84 2.5477075510270306
97 85 4.74493212836325
119 85 4.74493212836325
143 85 4.74493212836325
15 86 4.74493212836325
16 86 4.74493212836325
20 86 2.7990219793079367
96 87 4.74493212836325
122 87 4.74493212836325
145 87 3.3586377672433594
51 88 4.74493212836325
64 88 4.74493212836325
74 88 4.74493212836325
100 89 3.3586377672433594
101 89 4.74493212836325
128 89 2.9531726591351948
65 90 4.051784947803305
76 90 4.74493212836325
77 90 4.74493212836325
90 90 3.3586377672433594
81 91 4.74493212836325
82 91 4.74493212836325
92 91 4.74493212836325
69 92 4.74493212836325
81 92 4.74493212836325
82 92 4.74493212836325
67 93 4.74493212836325
79 93 4.74493212836325
80 93 4.74493212836325
70 94 2.665490586683414
83 94 3.764102875351524
94 94 3.3586377672433594
95 94 3.3586377672433594
19 95 3.3586377672433594
23 95 4.051784947803305
83 95 3.3586377672433594
84 95 2.9531726591351948
94 95 3.3586377672433594
122 96 4.74493212836325
145 96 4.051784947803305
119 97 4.74493212836325
139 97 4.74493212836325
143 97 4.74493212836325
64 98 4.74493212836325
74 98 4.74493212836325
88 98 4.74493212836325
99 99 3.3586377672433594
105 99 2.665490586683414
129 99 3.3586377672433594
132 99 3.3586377672433594
134 99 4.74493212836325
100 100 3.0709556947915786
101 100 3.3586377672433594
105 100 3.581781318557569
106 100 2.26002547857525
107 100 2.26002547857525
128 100 1.5668782980153044
107 101 4.339467020255086
128 101 2.9531726591351948
76 102 3.64631983969514
82 102 3.64631983969514
90 102 4.339467020255086
91 102 3.64631983969514
92 102 3.64631983969514
102 102 2.5477075510270306
91 103 4.74493212836325
92 103 4.74493212836325
102 103 3.64631983969514
99 104 4.457250055911469
104 104 3.3586377672433594
105 104 3.3586377672433594
99 105 3.3586377672433594
102 105 2.26002547857525
104 105 3.3586377672433594
105 105 1.9723434061234688
106 105 3.64631983969514
132 105 2.665490586683414
134 105 3.3586377672433594
90 106 2.9531726591351948
102 106 3.9340019121469214
106 106 2.5477075510270306
109 106 3.64631983969514
132 106 2.9531726591351948
102 107 2.5477075510270306
103 107 3.64631983969514
106 107 3.240854731586976
107 107 2.5477075510270306
108 107 3.64631983969514
109 107 4.051784947803305
91 108 4.74493212836325
102 108 3.64631983969514
103 108 4.74493212836325
109 109 3.3586377672433594
128 109 2.26002547857525
130 109 3.64631983969514
132 109 4.051784947803305
93 110 3.64631983969514
110 110 3.64631983969514
111 110 3.64631983969514
115 110 4.74493212836325
79 111 4.051784947803305
80 111 4.051784947803305
93 111 4.051784947803305
113 111 4.051784947803305
116 111 4.051784947803305
118 111 4.051784947803305
27 112 2.665490586683414
112 112 3.3586377672433594
117 112 4.051784947803305
135 112 4.74493212836325
110 113 3.64631983969514
114 113 4.74493212836325
118 113 4.74493212836325
110 114 4.74493212836325
79 115 4.74493212836325
93 115 4.74493212836325
111 115 4.051784947803305
113 116 4.74493212836325
114 116 4.74493212836325
118 116 4.74493212836325
27 117 3.3586377672433594
112 117 4.051784947803305
117 117 3.3586377672433594
135 117 4.051784947803305
110 118 4.339467020255086
114 118 4.74493212836325
138 119 3.3586377672433594
139 119 4.74493212836325
143 119 4.74493212836325
146 120 4.339467020255086
151 120 4.74493212836325
121 121 3.64631983969514
148 121 3.3586377672433594
149 121 3.64631983969514
145 122 4.457250055911469
123 123 2.5477075510270306
126 123 4.339467020255086
146 123 2.5477075510270306
150 123 3.64631983969514
154 123 4.051784947803305
88 124 4.051784947803305
98 124 4.74493212836325
124 124 3.3586377672433594
125 124 4.74493212836325
74 125 4.74493212836325
88 125 4.74493212836325
98 125 4.74493212836325
154 126 4.74493212836325
155 126 4.74493212836325
128 127 2.9531726591351948
129 127 4.051784947803305
131 127 3.64631983969514
100 128 1.5668782980153044
106 128 1.8545603704670852
107 128 2.5477075510270306
128 128 2.9531726591351948
130 128 3.4639982829011857
131 128 2.9531726591351948
127 129 4.051784947803305
128 129 2.9531726591351948
129 129 3.3586377672433594
131 129 3.64631983969514
100 130 3.86946339100935
128 130 2.9531726591351948
130 130 2.5477075510270306
107 131 3.240854731586976
108 131 3.64631983969514
131 131 3.64631983969514
133 131 4.74493212836325
127 132 4.051784947803305
128 132 2.9531726591351948
129 132 4.051784947803305
130 132 2.9531726591351948
103 133 4.74493212836325
107 133 3.64631983969514
108 133 4.74493212836325
127 134 4.74493212836325
129 134 4.051784947803305
132 134 4.051784947803305
27 135 4.457250055911469
138 136 4.051784947803305
142 136 4.051784947803305
111 137 4.051784947803305
113 137 4.74493212836325
116 137 4.74493212836325
120 138 4.051784947803305
136 138 3.3586377672433594
138 138 3.581781318557569
142 138 3.3586377672433594
146 138 2.9531726591351948
136 139 4.74493212836325
138 139 4.051784947803305
111 140 3.3586377672433594
116 140 4.051784947803305
137 140 4.74493212836325
140 140 3.3586377672433594
141 140 4.051784947803305
111 141 4.051784947803305
137 141 4.74493212836325
140 141 4.051784947803305
120 142 4.051784947803305
138 142 2.665490586683414
146 142 2.9531726591351948
147 142 4.051784947803305
148 142 2.665490586683414
136 143 4.74493212836325
138 143 3.3586377672433594
139 143 4.74493212836325
140 144 4.74493212836325
141 144 4.74493212836325
140 145 3.3586377672433594
141 145 3.3586377672433594
144 145 4.457250055911469
145 145 3.764102875351524
123 146 3.64631983969514
142 146 2.9531726591351948
146 146 2.5477075510270306
147 146 2.9531726591351948
150 146 2.9531726591351948
151 146 4.339467020255086
121 147 4.051784947803305
147 147 3.3586377672433594
148 147 3.3586377672433594
121 148 3.3586377672433594
148 148 3.0709556947915786
149 148 3.86946339100935
152 148 2.26002547857525
148 149 3.3586377672433594
149 149 2.5477075510270306
152 149 4.157145463461131
142 150 4.051784947803305
146 150 2.9531726591351948
147 150 4.051784947803305
150 150 3.3586377672433594
123 151 4.339467020255086
126 151 4.74493212836325
152 152 3.64631983969514
153 152 4.74493212836325
156 152 4.339467020255086
157 152 3.64631983969514
124 153 4.051784947803305
156 153 4.74493212836325
157 153 4.74493212836325
123 154 3.64631983969514
150 154 3.3586377672433594
154 154 3.3586377672433594
155 154 4.74493212836325
123 155 3.64631983969514
146 155 3.64631983969514
150 155 4.051784947803305
124 156 4.74493212836325
157 156 4.74493212836325
124 157 4.74493212836325
125 157 4.74493212836325
