0 0 3.5084311417016623
1 0 3.395102456394659
3 0 4.11196616357192
55 0 1.7701603574245932
58 0 2.2556681732062938
1 1 2.8329835382411175
2 1 3.2132018636144983
3 1 1.5625209926463486
49 1 0.5816917396346226
55 1 3.1407063615763446
58 1 3.066598389422623
72 1 2.2556681732062938
0 2 3.833017771088894
1 2 1.5625209926463486
2 2 3.40205881415451
3 2 2.6716045811817537
18 2 1.208349178925735
19 2 0.6975235551597443
20 2 0.9852056276115252
1 3 3.418818983011975
2 3 0.879845111953699
3 3 2.9079933592459843
18 3 0.9339123332239747
20 3 1.62705951378392
55 3 3.418818983011975
58 3 3.418818983011975
72 3 2.0325246218920845
4 4 3.418818983011975
5 4 3.9784347709473975
6 4 3.8888226122577105
7 4 2.7256718024520294
8 4 3.2364974262180204
12 4 3.8242840911201395
13 4 3.344711010858253
14 4 2.214846178686039
15 4 2.2556681732062938
4 5 2.948815353766239
5 5 3.3542804618744038
6 5 3.418818983011975
8 5 2.948815353766239
12 5 4.33510971488613
13 5 3.9473441838773664
14 5 2.4379897300002487
15 5 3.066598389422623
4 6 3.313458467354149
5 6 3.8242840911201395
6 6 3.418818983011975
8 6 3.131136910560194
12 6 4.11196616357192
13 6 3.7242006325631567
14 6 2.50252825113782
15 6 2.7256718024520294
4 7 4.11196616357192
5 7 4.33510971488613
6 7 4.33510971488613
8 7 3.2364974262180204
4 8 2.3202066943438653
5 8 2.948815353766239
6 8 2.7256718024520294
8 8 2.543350245658075
9 8 2.794664673938981
10 8 2.2556681732062938
11 8 1.6960523852708715
12 8 3.6419625343261846
13 8 3.2364974262180204
14 8 2.3202066943438653
15 8 2.0733466164123393
49 8 1.8502030650981298
67 8 2.831032318109856
88 8 0.1010032102888706
8 9 2.6123431171450266
9 9 3.100046323490163
10 9 2.9488153537662396
11 9 2.8856364521447078
49 9 2.752105059520185
67 9 3.2600279236282144
83 9 1.878373942064826
88 9 1.6516006227000377
107 9 2.0325246218920845
8 10 2.948815353766239
9 10 3.3542804618744038
10 10 2.2556681732062938
11 10 3.082346746390762
49 10 2.4788117245205035
67 10 3.0541758694240655
83 10 2.0325246218920845
88 10 1.1996154989569803
107 10 2.0325246218920845
9 11 1.541901705443613
10 11 1.0029052047109261
11 11 3.1513396178777136
49 11 1.919195936585081
67 11 2.137885137549911
83 11 3.177656926195087
88 11 3.082346746390762
107 11 3.344711010858253
113 11 0.5974400966027618
13 12 4.180959035058872
14 12 3.418818983011975
15 12 4.201578322261607
12 13 2.3891995658308165
13 13 3.4878118544989265
14 13 3.082346746390762
15 13 4.15990562586104
25 13 2.6515638302983078
13 14 2.5715211226247714
14 14 2.214846178686039
15 14 3.0441255335705644
24 14 2.5964600709720234
25 14 2.214846178686039
26 14 2.543350245658075
27 14 2.879822482279288
28 14 3.418818983011975
13 15 2.255668173206294
14 15 2.948815353766239
15 15 3.5084311417016623
25 15 3.3870702846973946
27 15 2.7664937969722847
28 15 3.3542804618744038
16 16 3.3542804618744038
17 16 2.7862964242684645
19 16 2.0325246218920845
30 16 2.871854312630111
31 16 4.33510971488613
2 17 -0.5064492491661916
16 17 3.8651060856403943
17 17 3.1558295231505658
18 17 2.255668173206294
19 17 2.255668173206294
20 17 1.7448425494403035
30 17 2.103983585874229
31 17 3.47944360482841
1 18 2.3357108808798306
2 18 1.6783528081714705
3 18 2.543350245658075
18 18 3.3906481060452784
19 18 3.2364974262180204
20 18 4.152788158092175
1 19 2.7564434611187836
2 19 1.2853102200618634
3 19 2.0325246218920845
17 19 -0.27006047110196113
18 19 3.6080609826505037
19 19 3.131136910560194
20 19 3.6080609826505037
30 19 1.1345830286861258
31 19 2.0325246218920845
1 20 3.3542804618744038
2 20 2.1638606239531715
3 20 2.3202066943438653
18 20 2.543350245658075
19 20 3.0133538749038107
20 20 3.45964097753223
21 21 3.1502370819336134
22 21 3.4412918388640334
72 21 2.8535051739619144
76 21 3.4412918388640334
79 21 3.32350880320765
83 21 0.32777652965365905
88 21 0.41115813859271017
95 21 3.54665235452186
113 21 1.5317493339795953
21 22 3.377576024477926
22 22 3.350156744690542
72 22 2.831032318109856
76 22 3.3542804618744038
79 22 2.831032318109856
88 22 0.6118288340548613
95 22 3.524179498669801
113 22 1.7324200294417462
23 23 3.2364974262180204
24 23 3.1072856947380143
42 23 3.028858061439776
23 24 3.477659483034908
24 24 3.1885333670108937
41 24 -1.3586224239165696
42 24 2.7294525252919355
14 25 3.0972353588845127
24 25 2.3087779985202426
25 25 2.886939950048152
26 25 2.879822482279288
27 25 3.517909885656206
28 25 3.536602018668358
14 26 2.879822482279288
24 26 0.4331370453114852
25 26 3.706501055463756
26 26 3.45964097753223
25 27 3.18520413183047
26 27 4.33510971488613
27 27 3.45964097753223
28 27 2.543350245658075
25 28 2.7256718024520294
26 28 4.33510971488613
27 28 4.152788158092175
17 29 2.8434548381084133
29 29 3.3542804618744038
30 29 3.2364974262180204
2 30 0.17427541139519628
16 30 1.0392728488818008
17 30 2.941380375278721
18 30 2.2432456532077367
19 30 2.628508053998382
20 30 -0.752486620346254
29 30 2.831032318109856
30 30 2.837186183684234
31 30 1.0392728488818008
17 31 2.4379897300002487
19 31 1.339377441332139
30 31 3.4371681216801715
31 31 2.948815353766239
32 32 3.5366020186683587
33 32 3.6419625343261846
34 32 3.910226520920864
29 33 3.6419625343261846
30 33 2.948815353766239
33 33 3.3542804618744038
34 33 3.328304975471143
29 34 3.474908449663018
30 34 2.617458217811797
33 34 3.849601899104429
34 34 3.561919826652648
32 35 2.4845097456351417
35 35 3.439021690329495
36 35 3.524179498669801
48 35 1.0029052047109261
59 35 3.9055470551989053
32 36 1.914741586235701
35 36 3.747323049984011
36 36 3.524179498669801
48 36 1.088063013051233
59 36 3.832480858324318
21 37 3.32350880320765
22 37 3.290564647488296
37 37 3.2364974262180204
38 37 4.2480983378965
21 38 3.495359060134309
22 38 3.584804120486236
37 38 1.8502030650981298
38 38 3.3542804618744038
39 39 3.45964097753223
40 39 4.33510971488613
42 39 1.5625209926463486
43 39 4.33510971488613
44 39 3.6419625343261846
61 39 4.33510971488613
62 39 1.8502030650981298
64 39 4.33510971488613
42 40 1.5625209926463486
43 40 4.33510971488613
44 40 3.6419625343261846
61 40 4.33510971488613
62 40 2.7256718024520294
64 40 4.33510971488613
39 41 4.316417581873978
40 41 4.083795286605224
41 41 3.524179498669801
42 41 1.9302457727716662
43 41 2.9263424979141806
44 41 4.152788158092175
39 42 2.543350245658075
40 42 1.5625209926463486
41 42 3.950263893980701
42 42 3.3748997490771395
43 42 2.150307657548468
44 42 2.815283961141717
61 42 1.5625209926463486
62 42 0.3585481883204127
64 42 1.5625209926463486
42 43 -0.0469169197877516
43 43 3.418818983011975
61 43 4.33510971488613
62 43 3.3134584673541485
64 43 4.33510971488613
39 44 3.6419625343261846
40 44 3.6419625343261846
42 44 1.5625209926463486
43 44 4.33510971488613
44 44 2.948815353766239
61 44 3.6419625343261846
62 44 2.1866753017193425
64 44 4.33510971488613
35 45 3.082346746390762
36 45 2.831032318109856
47 45 4.239799535081805
53 45 3.2364974262180204
56 46 2.948815353766239
57 46 4.33510971488613
70 46 4.33510971488613
71 46 4.33510971488613
75 46 4.33510971488613
86 46 3.6419625343261846
87 46 3.6419625343261846
91 46 4.33510971488613
35 47 3.628890452758832
36 47 3.8004328752979597
45 47 1.9372144420877595
47 47 3.4105201801972798
48 47 1.339377441332139
53 47 2.7845123024749627
54 47 1.5317493339795953
32 48 -0.27006047110196113
35 48 1.0029052047109261
36 48 0.7515907764300199
45 48 3.7372727141305093
47 48 3.372298967377082
48 48 3.2852875903874525
53 48 3.18520413183047
54 48 3.45964097753223
59 48 1.339377441332139
4 49 3.6419625343261846
5 49 3.171958905080449
6 49 3.3542804618744038
7 49 4.047427642434349
8 49 2.2556681732062938
21 49 0.5509200809678688
22 49 0.05844359587007458
37 49 2.2556681732062938
38 49 2.2556681732062938
49 49 3.220749069249881
55 49 0.789331104412867
58 49 1.5625209926463486
67 49 3.1029660335934977
88 49 0.9119334265051993
50 50 3.5084311417016623
65 50 4.33510971488613
66 50 4.33510971488613
85 50 3.2364974262180204
116 50 2.1015174933790357
117 50 3.2364974262180204
46 51 4.33510971488613
52 51 2.1378851375499104
56 51 2.948815353766239
57 51 4.33510971488613
70 51 4.33510971488613
71 51 4.33510971488613
75 51 4.33510971488613
86 51 3.6419625343261846
91 51 3.6419625343261846
46 52 4.33510971488613
51 52 4.217326679229746
52 52 3.524179498669801
53 52 2.831032318109856
56 52 3.45964097753223
57 52 4.33510971488613
70 52 3.929644606777966
71 52 3.747323049984011
75 52 3.9837118280482415
86 52 1.8502030650981298
87 52 1.4447379569899652
91 52 2.543350245658075
35 53 2.9000251895968074
36 53 2.831032318109856
45 53 3.2364974262180204
46 53 3.2364974262180204
47 53 2.918043695099486
48 53 2.3202066943438653
51 53 3.2364974262180204
52 53 2.1378851375499104
54 53 2.831032318109856
56 53 1.8502030650981298
57 53 3.2364974262180204
70 53 3.2364974262180204
71 53 3.2364974262180204
75 53 3.2364974262180204
45 54 3.929644606777966
47 54 3.32350880320765
48 54 3.5366020186683587
53 54 2.1378851375499104
54 54 3.2364974262180204
21 55 2.0803152857284326
22 55 1.1823736925224742
37 55 4.10553527324163
38 55 3.8178532007898487
49 55 1.993303908738803
55 55 3.5490164218167406
58 55 3.561919826652648
72 55 3.2742377542008674
46 56 4.047427642434349
51 56 4.047427642434349
52 56 3.796113214153443
53 56 2.948815353766239
56 56 3.171958905080449
57 56 4.047427642434349
70 56 3.6419625343261846
71 56 3.3542804618744038
75 56 3.796113214153443
86 56 2.6611332813144584
87 56 2.948815353766239
91 56 2.948815353766239
56 57 2.948815353766239
70 57 4.33510971488613
71 57 4.33510971488613
75 57 4.33510971488613
86 57 3.6419625343261846
87 57 4.33510971488613
91 57 4.33510971488613
21 58 2.342679550195924
22 58 1.4447379569899652
37 58 3.929644606777966
38 58 3.6419625343261846
49 58 1.5625209926463486
55 58 3.7160705064799067
58 58 2.948815353766239
72 58 2.948815353766239
32 59 4.266116843399178
33 59 1.4447379569899652
34 59 2.1378851375499104
59 59 3.524179498669801
60 60 3.554951157336555
63 60 3.6419625343261846
109 60 4.2480983378965
110 60 4.33510971488613
134 60 3.669361508514299
135 60 4.047427642434349
154 60 0.8693738120864033
155 60 2.2556681732062938
62 61 3.6419625343261846
62 62 3.5577328002984316
99 62 3.8678877286022715
161 62 3.79889485711532
60 63 3.6419625343261846
109 63 4.33510971488613
110 63 4.33510971488613
134 63 3.6419625343261846
135 63 4.33510971488613
61 64 4.33510971488613
62 64 3.5729696628392333
66 65 4.047427642434349
85 65 3.2364974262180204
116 65 3.082346746390762
117 65 3.929644606777966
65 66 2.948815353766239
66 66 3.3542804618744038
85 66 2.948815353766239
116 66 3.2541970033174215
117 66 4.083795286605224
4 67 3.3616605691720265
5 67 2.543350245658075
6 67 3.0133538749038102
7 67 3.929644606777966
8 67 2.292035817377169
49 67 3.7220052419997214
67 67 3.524179498669801
88 67 1.4872975714087613
68 68 3.3680737840067394
69 68 3.3542804618744038
73 68 0.4639087039782391
93 68 2.1555847146493115
96 68 1.1570558845381844
68 69 3.524179498669801
69 69 3.2364974262180204
73 69 0.6715480687564837
93 69 1.7605909064084424
71 70 4.047427642434349
75 70 3.2364974262180204
86 70 4.33510971488613
87 70 4.33510971488613
91 70 4.33510971488613
92 70 4.33510971488613
48 71 1.8989932292675618
54 71 1.8502030650981298
70 71 2.948815353766239
71 71 3.3542804618744038
75 71 2.948815353766239
86 71 4.33510971488613
87 71 4.33510971488613
91 71 4.33510971488613
92 71 4.152788158092175
21 72 1.244067261527814
22 72 0.7515907764300199
37 72 3.6419625343261846
38 72 3.6419625343261846
49 72 1.5625209926463486
55 72 2.4633075379845386
58 72 2.948815353766239
76 72 3.3542804618744038
79 72 3.6419625343261846
83 72 2.0325246218920845
88 72 2.1159062308311354
95 72 2.948815353766239
113 72 3.2364974262180204
68 73 -0.714746292363407
73 73 2.6941139620443173
74 73 3.1564547185444836
77 73 2.4940791966512923
93 73 2.05426460852849
94 73 2.5586177177888634
96 73 0.8946916200706934
97 73 2.1268353013633257
73 74 1.4824782849728124
74 74 2.948815353766239
77 74 2.6611332813144584
93 74 0.7797616533967162
94 74 3.6419625343261846
96 74 2.948815353766239
97 74 3.6419625343261846
48 75 0.9339123332239747
70 75 3.929644606777966
71 75 4.047427642434349
75 75 3.2364974262180204
86 75 4.33510971488613
87 75 4.33510971488613
91 75 4.33510971488613
92 75 3.747323049984011
72 76 2.2556681732062938
76 76 3.3542804618744038
79 76 4.33510971488613
83 76 3.131136910560194
88 76 2.8090534113910803
95 76 2.948815353766239
107 76 2.4379897300002487
113 76 4.047427642434349
50 77 2.3734512088626776
65 77 1.8502030650981298
66 77 1.5625209926463486
73 77 2.4207479235657425
74 77 3.028858061439776
77 77 2.5007906312392794
78 77 2.715200502584734
85 77 0.05844359587007458
93 77 1.0674437258484972
94 77 2.3202066943438653
96 77 2.4563388686684453
97 77 2.8220636481270955
50 78 4.33510971488613
65 78 4.047427642434349
66 78 3.6419625343261846
77 78 1.3801994358523941
78 78 3.3542804618744038
85 78 2.2556681732062938
96 78 1.8502030650981298
97 78 1.0029052047109261
9 79 1.6960523852708713
83 79 3.418818983011975
88 79 2.9913749681850352
107 79 2.7256718024520294
113 79 4.152788158092175
60 80 3.765022627083412
63 80 3.7754939269507073
80 80 3.567854562172463
81 80 2.6515638302983078
110 80 1.6960523852708713
60 81 2.8057145101255663
63 81 2.7256718024520294
80 81 4.018440105561097
81 81 3.418818983011975
82 82 3.2364974262180204
100 82 2.543350245658075
101 82 3.7329343125319117
102 82 3.747323049984011
124 82 3.2364974262180204
125 82 0.8386021534196499
9 83 2.0325246218920845
10 83 2.0325246218920845
11 83 3.5523503756364976
83 83 3.0621440390732424
88 83 2.9223820966980836
107 83 3.418818983011975
113 83 2.543350245658075
68 84 2.7352412534681805
69 84 2.7509896104363194
84 84 3.522699113499367
85 84 3.615987047922924
108 84 4.168055630222963
66 85 1.8502030650981298
68 85 2.831032318109856
69 85 3.054175869424066
84 85 2.6174582178117967
85 85 2.6975009254853335
108 85 3.6419625343261846
116 85 2.302188188841187
117 85 3.118714390561637
48 86 3.418818983011975
54 86 3.2364974262180204
86 86 3.3542804618744038
87 86 3.6419625343261846
91 86 2.948815353766239
92 86 4.33510971488613
48 87 3.418818983011975
54 87 3.2364974262180204
86 87 3.6419625343261846
87 87 2.948815353766239
91 87 2.948815353766239
92 87 4.33510971488613
4 88 1.381937055750935
5 88 0.506468318397035
6 88 0.6887898751909896
7 88 1.8927626795169257
8 88 2.403588303282916
9 88 2.864623262545891
10 88 3.1091580038414186
11 88 1.892762679516926
49 88 1.1996154989569803
67 88 0.7941503908488159
83 88 2.5346165656893205
88 88 2.817711474134195
107 88 2.72567180245203
113 88 2.626731854597126
52 89 4.047427642434349
53 89 2.948815353766239
56 89 4.047427642434349
89 89 3.3542804618744038
90 89 3.4878118544989265
46 90 2.3891995658308165
51 90 3.4878118544989265
52 90 3.9055470551989053
53 90 2.3891995658308165
56 90 3.998637478264917
89 90 3.7754939269507073
90 90 3.4878118544989265
48 91 3.131136910560194
54 91 3.2364974262180204
86 91 4.047427642434349
87 91 4.047427642434349
91 91 2.948815353766239
92 91 4.33510971488613
47 92 1.9372144420877595
48 92 3.7372727141305093
53 92 2.831032318109856
54 92 3.524179498669801
92 92 3.2364974262180204
50 93 -0.6065327077231745
73 93 2.456139048505926
77 93 2.0443590795390874
78 93 0.7797616533967162
93 93 2.7850952229228305
94 93 1.878373942064826
96 93 1.6270595137839199
97 93 0.6256109735694579
50 94 0.6462302607721937
73 94 1.5470168061103835
77 94 2.8057145101255663
78 94 2.948815353766239
93 94 1.7352730984241527
94 94 2.50252825113782
96 94 3.2364974262180204
97 94 2.859203195076552
72 95 2.948815353766239
76 95 4.047427642434349
79 95 4.33510971488613
83 95 2.7256718024520294
88 95 2.8090534113910803
95 95 2.948815353766239
113 95 3.929644606777966
50 96 2.8618039767766095
65 96 2.543350245658075
66 96 1.8502030650981298
73 96 -0.0215991118034617
77 96 2.4098188530335523
78 96 3.796113214153443
93 96 1.6960523852708713
94 96 2.0325246218920845
96 96 2.948815353766239
97 96 3.0823467463907623
50 97 3.2541970033174215
66 97 1.0029052047109261
77 97 2.346639951412021
78 97 3.4878118544989265
93 97 0.7797616533967162
94 97 3.082346746390762
96 97 3.5418790757692022
97 97 3.0823467463907623
80 98 3.082346746390762
81 98 3.843702176977241
98 98 3.5739578052121272
161 99 7.0431599159883405
82 100 3.2364974262180204
84 100 2.175625465532758
101 100 3.4878118544989265
102 100 2.543350245658075
122 100 2.083817916279635
123 100 3.6419625343261846
125 100 1.244067261527814
126 100 2.0325246218920845
82 101 2.6768816382825977
84 101 2.175625465532758
85 101 1.6960523852708713
101 101 3.1174380662020322
102 101 3.703520427325618
124 101 3.567854562172463
125 101 2.3891995658308165
127 101 2.3891995658308165
141 101 2.3891995658308165
142 101 -0.24985776378444186
143 101 1.6960523852708713
144 101 2.255668173206294
82 102 2.1378851375499104
101 102 2.9645637107343785
102 102 3.3746477646988375
124 102 4.083795286605224
125 102 3.2663503893677017
127 102 2.831032318109856
141 102 2.1378851375499104
142 102 1.2905872771627072
143 102 3.0541758694240655
144 102 2.6975009254853335
103 103 3.45964097753223
104 103 4.152788158092175
106 103 -0.7888542645171288
121 103 1.8502030650981298
122 103 3.095418827958115
125 103 2.9786683169159205
126 103 2.3808313161603003
103 104 2.543350245658075
121 104 2.948815353766239
122 104 3.3365808847750027
125 104 3.035826730755869
126 104 2.4379897300002487
122 105 3.1824302049477446
125 105 1.9372144420877595
126 105 3.418818983011975
103 106 3.4306534406589777
104 106 3.2001297820471453
106 106 3.3440239617072147
122 106 0.6975235551597443
125 106 1.2440672615278143
126 106 0.2043975084931545
128 106 3.710955405813136
8 107 0.9339123332239747
9 107 2.389199565830817
10 107 2.7256718024520294
11 107 3.264668303184717
83 107 3.0621440390732424
88 107 3.08668514798936
107 107 2.9079933592459843
113 107 1.62705951378392
68 108 3.45964097753223
69 108 3.929644606777966
84 108 2.4633075379845386
85 108 2.543350245658075
134 109 4.33510971488613
135 109 4.33510971488613
153 109 4.33510971488613
154 109 3.8651060856403943
155 109 3.6419625343261846
109 110 4.33510971488613
110 110 3.2364974262180204
134 110 4.33510971488613
135 110 4.33510971488613
153 110 3.2364974262180204
154 110 3.554951157336555
155 110 3.6419625343261846
56 111 2.948815353766239
89 111 4.33510971488613
90 111 4.33510971488613
112 111 3.2364974262180204
114 111 4.33510971488613
52 112 1.7324200294417462
56 112 1.8502030650981298
89 112 4.33510971488613
90 112 4.180959035058872
111 112 3.929644606777966
112 112 3.45964097753223
114 112 4.152788158092175
8 113 1.4447379569899652
9 113 2.6768816382825977
10 113 3.1029660335934977
11 113 3.2364974262180204
83 113 3.331807606022345
88 113 2.403588303282916
107 113 3.2364974262180204
113 113 3.054175869424066
52 114 2.831032318109856
56 114 2.948815353766239
89 114 4.33510971488613
90 114 4.33510971488613
112 114 2.543350245658075
90 115 2.3891995658308165
111 115 4.33510971488613
112 115 4.33510971488613
114 115 4.33510971488613
131 115 3.2364974262180204
132 115 3.929644606777966
136 115 2.948815353766239
116 116 3.23138232555125
117 116 2.8310323181098562
118 116 2.3891995658308165
119 116 2.166056014516607
120 116 2.302188188841187
140 116 0.9488379834406504
156 116 2.9488153537662396
159 116 2.0725299565057833
116 117 3.747323049984011
117 117 3.4371681216801715
140 117 0.8028840708175704
156 117 2.1378851375499104
159 117 1.5269760552269374
98 118 3.6991209481661333
119 118 3.824284091120139
98 119 3.8144317946771276
118 119 3.418818983011975
119 119 3.5366020186683587
98 120 2.0127219945959047
116 120 -0.09570708395718354
118 120 4.33510971488613
119 120 4.301208163210449
120 120 3.45964097753223
84 121 1.4824782849728124
100 121 3.3542804618744038
101 121 2.1015174933790357
105 121 2.948815353766239
121 121 2.6611332813144584
122 121 3.048898812323222
123 121 4.047427642434349
125 121 1.6495323696359785
126 121 2.7862964242684645
84 122 2.291457281057879
85 122 0.9852056276115252
100 122 1.3906707357196897
101 122 0.8310549477842668
105 122 3.587895313055909
121 122 2.837589718656015
122 122 2.888883013043565
123 122 1.3906707357196897
125 122 2.037297900644742
126 122 3.0583775562777658
84 123 3.7160705064799067
101 123 2.3891995658308165
122 123 2.4892830243877992
125 123 1.9372144420877595
126 123 2.0325246218920845
124 124 2.948815353766239
125 124 3.54665235452186
127 124 4.33510971488613
141 124 4.33510971488613
142 124 2.3891995658308165
143 124 3.6419625343261846
144 124 4.33510971488613
145 124 2.543350245658075
84 125 1.7701603574245932
85 125 1.244067261527814
100 125 1.244067261527814
101 125 -0.7018428875274991
105 125 1.9372144420877595
108 125 1.9372144420877595
121 125 2.342679550195924
122 125 2.576294401377429
123 125 1.9372144420877595
125 125 2.1783764989046475
126 125 2.1603579934019694
127 125 3.54665235452186
141 125 3.54665235452186
142 125 1.8631064699340376
143 125 2.8535051739619144
144 125 3.54665235452186
145 125 3.477659483034908
146 125 0.6379314579574985
84 126 2.0702649498749315
85 126 0.2407651526640294
100 126 2.8434548381084133
101 126 1.0029052047109261
105 126 2.7256718024520294
121 126 3.3870702846973946
122 126 2.7256718024520294
123 126 3.536602018668358
125 126 2.076976384462918
126 126 3.0349930500072917
141 127 4.33510971488613
142 127 3.6419625343261846
144 127 3.6419625343261846
145 127 4.33510971488613
146 127 2.6303616226477047
103 128 4.33510971488613
104 128 4.33510971488613
106 128 3.082346746390762
82 129 3.929644606777966
100 129 3.6419625343261846
101 129 2.9488153537662396
102 129 2.1378851375499104
129 129 3.3542804618744038
130 129 4.047427642434349
148 129 4.33510971488613
82 130 3.929644606777966
100 130 3.6419625343261846
101 130 3.2541970033174215
102 130 2.6975009254853335
129 130 2.948815353766239
130 130 3.3542804618744038
148 130 4.33510971488613
89 131 1.8502030650981298
90 131 2.6768816382825977
111 131 3.2364974262180204
112 131 3.6419625343261846
114 131 3.2364974262180204
115 131 3.929644606777966
131 131 3.2364974262180204
132 131 4.083795286605224
133 131 3.929644606777966
136 131 3.2364974262180204
137 131 3.929644606777966
89 132 2.7664937969722847
90 132 3.2364974262180204
111 132 4.33510971488613
112 132 4.277951301046182
114 132 4.152788158092175
115 132 3.2364974262180204
131 132 2.831032318109856
132 132 3.45964097753223
133 132 2.543350245658075
136 132 2.2556681732062938
111 133 4.33510971488613
112 133 4.152788158092175
114 133 3.6419625343261846
115 133 4.33510971488613
131 133 3.2364974262180204
132 133 4.152788158092175
133 133 2.948815353766239
136 133 2.948815353766239
131 134 2.543350245658075
134 134 3.45964097753223
135 134 1.8502030650981298
136 134 3.1029660335934977
153 134 4.33510971488613
154 134 4.314056305688298
155 134 4.2480983378965
134 135 4.248098337896501
135 135 2.948815353766239
153 135 4.33510971488613
154 135 4.201578322261607
155 135 3.6419625343261846
90 136 2.1015174933790357
111 136 2.948815353766239
112 136 3.45964097753223
114 136 2.948815353766239
115 136 4.047427642434349
131 136 3.929644606777966
132 136 4.152788158092175
133 136 4.047427642434349
136 136 3.3542804618744038
137 136 3.6419625343261846
112 137 3.6419625343261846
115 137 4.33510971488613
131 137 3.2364974262180204
132 137 4.33510971488613
133 137 4.33510971488613
136 137 3.6419625343261846
138 138 3.2364974262180204
140 138 2.857007804513117
156 138 2.543350245658075
157 138 3.6419625343261846
158 138 3.2364974262180204
159 138 2.5715211226247714
160 138 3.929644606777966
116 139 2.3891995658308165
120 139 4.047427642434349
139 139 2.948815353766239
140 139 3.4701122773995254
116 140 1.6419851640005956
118 140 2.4892830243877992
119 140 2.306961467593845
120 140 3.5109342719197807
138 140 2.5946435400456256
139 140 2.083817916279635
140 140 2.694726998602608
156 140 2.0192793951420636
157 140 3.1824302049477446
158 140 2.4892830243877992
159 140 2.009709944125913
160 140 3.3365808847750027
142 141 3.6419625343261846
143 141 3.6419625343261846
144 141 3.6419625343261846
145 141 4.33510971488613
146 141 2.6303616226477047
106 142 2.213995476805726
127 142 1.6960523852708713
141 142 1.6960523852708713
142 142 3.1841294407007044
143 142 3.082346746390762
144 142 1.6960523852708713
145 142 2.3891995658308165
146 142 3.615645226008811
147 142 3.4878118544989265
127 143 3.6419625343261846
141 143 3.6419625343261846
142 143 3.400800477509297
144 143 3.6419625343261846
145 143 3.6419625343261846
146 143 3.54665235452186
127 144 3.6419625343261846
141 144 3.6419625343261846
142 144 3.60559489015531
143 144 2.948815353766239
144 144 3.3542804618744038
145 144 4.33510971488613
146 144 2.748144658304088
142 145 3.7754939269507073
143 145 3.6419625343261846
145 145 3.2364974262180204
146 145 3.54665235452186
106 146 2.665452942458975
142 146 3.1483047141825593
143 146 1.9372144420877595
146 146 3.4311394674000155
147 146 4.134439019423978
106 147 3.710955405813136
82 148 4.33510971488613
100 148 3.6419625343261846
101 148 3.7754939269507073
102 148 2.831032318109856
148 148 3.2364974262180204
82 149 1.8502030650981298
100 149 2.2556681732062938
101 149 0.30975802415098075
102 149 0.7515907764300199
129 149 3.5084311417016623
130 149 3.171958905080449
148 149 2.948815353766239
149 149 4.221781029579127
150 149 4.519786985372543
151 149 5.097249766933027
152 149 4.375931709406385
82 150 2.1378851375499104
100 150 1.8502030650981298
129 150 4.152788158092175
130 150 4.047427642434349
148 150 3.2364974262180204
149 150 4.152788158092175
150 150 3.989158734310373
151 150 3.998637478264917
152 150 4.206855379362451
129 151 3.3542804618744038
130 151 2.948815353766239
149 151 4.691784658824862
150 151 4.6823059148703186
151 151 4.404102586373082
152 151 4.663613781858166
82 152 1.62705951378392
100 152 2.0325246218920845
102 152 0.5284472251158102
129 152 4.33510971488613
130 152 4.172590785388355
148 152 3.8242840911201395
149 152 3.998637478264917
150 152 3.861325362800488
152 152 3.747323049984011
131 153 3.929644606777966
132 153 3.2364974262180204
133 153 4.33510971488613
136 153 4.047427642434349
137 153 4.33510971488613
154 153 3.6419625343261846
155 153 3.6419625343261846
115 154 3.6419625343261846
131 154 3.929644606777966
132 154 3.1719589050804493
133 154 3.960416265444719
136 154 4.1274703501078855
137 154 4.33510971488613
153 154 3.6419625343261846
154 154 3.5084311417016623
155 154 3.6419625343261846
115 155 3.6419625343261846
131 155 4.152788158092175
132 155 3.2364974262180204
133 155 3.6419625343261846
136 155 4.047427642434349
137 155 4.33510971488613
153 155 3.6419625343261846
154 155 3.6419625343261846
155 155 2.948815353766239
138 156 3.3542804618744038
140 156 2.2556681732062938
156 156 3.066598389422623
157 156 2.948815353766239
158 156 2.2556681732062938
159 156 2.889974853743306
160 156 2.948815353766239
140 157 1.3906707357196897
157 157 2.948815353766239
158 157 4.33510971488613
159 157 3.2221086887659207
139 158 3.6419625343261846
140 158 2.083817916279635
158 158 2.948815353766239
159 158 3.2221086887659207
116 159 -0.06753620699048735
120 159 0.5974400966027616
138 159 2.7721918180869225
139 159 3.2221086887659207
140 159 2.8189292959386125
156 159 2.550467713426939
157 159 2.166056014516607
158 159 2.6515638302983078
159 159 2.7498665310390864
160 159 2.166056014516607
138 160 3.2364974262180204
140 160 1.3906707357196897
157 160 4.33510971488613
158 160 4.33510971488613
159 160 2.9769862307329356
