0 0 0.4311584465336092
5 0 0.3724749447055192
8 0 -0.3049238788862871
9 0 -2.808179667342484
13 0 -0.592605951338068
15 0 0.10054122922187726
17 0 -1.2857531318980133
18 0 -2.384365420566123
19 0 -3.5370449305045084
0 1 -0.032990163402645274
3 1 1.5668782980153044
5 1 1.2791962255635234
8 1 1.16141318990714
13 1 3.3586377672433594
17 1 2.665490586683414
0 2 0.5060063373300415
0 3 -0.7749275081320226
1 3 2.9531726591351948
5 3 0.873731117455359
6 3 2.9531726591351948
8 3 1.4490952623589208
9 3 -1.054160526097276
12 3 2.26002547857525
13 3 2.9531726591351948
14 3 2.9531726591351948
17 3 2.26002547857525
0 4 -0.08178032757207729
2 4 2.9531726591351948
7 4 2.9531726591351948
8 4 0.7559480817989755
9 4 -1.054160526097276
3 5 0.873731117455359
8 5 2.414176158402508
9 5 1.1430640512389434
14 5 2.665490586683414
15 5 2.665490586683414
18 5 0.873731117455359
19 5 -0.2789483924830264
8 6 2.5477075510270306
9 6 1.4307461236907244
8 7 2.5477075510270306
9 7 1.4307461236907244
3 8 0.7559480817989755
9 8 1.7184281961425052
14 8 2.5477075510270306
17 8 1.8545603704670852
0 9 -3.5013268479024293
1 9 1.4307461236907244
3 9 1.6538896750049341
5 9 -1.3418425985490567
6 9 1.4307461236907244
8 9 -1.4596256342054403
9 9 1.325385608032898
10 9 -0.3610133455373306
11 9 1.4307461236907244
16 9 1.8362112317988888
18 9 1.24842456689677
19 9 -0.5974021236015612
9 10 1.8362112317988886
9 11 1.4307461236907244
10 11 3.64631983969514
9 12 1.4307461236907244
10 12 3.64631983969514
17 13 4.051784947803305
19 13 2.493640329756755
10 14 3.64631983969514
12 14 4.051784947803305
17 14 4.051784947803305
18 15 2.9531726591351948
19 15 2.493640329756755
4 16 1.16141318990714
9 16 -1.054160526097276
10 16 1.8545603704670852
11 16 2.9531726591351948
18 16 2.7708511023412403
19 16 2.2059582573049736
9 17 0.044451762570833796
10 17 2.9531726591351948
12 17 3.3586377672433594
19 17 2.2059582573049736
2 18 1.3437347467010947
4 18 1.16141318990714
19 18 2.7813224022085357
0 19 -1.9276070180704081
2 19 2.3882798140989285
4 19 2.7813224022085357
7 19 2.493640329756755
8 19 -0.39673142813940976
9 19 -2.2068400360356613
10 19 1.3950280410886453
12 19 2.2059582573049736
19 19 1.7464259279265337
