0 0 0.04856125323650866
3 0 0.05596869451437047
4 0 -0.34949641359379396
5 0 -2.691302219741121
0 1 0.05596869451437047
0 2 -0.34949641359379396
1 2 4.5594752267259615
4 3 4.5594752267259615
5 3 3.6039637816985253
5 4 4.009428889806689
0 5 -3.2021278435071117
1 5 2.68767304982437
2 5 2.68767304982437
5 5 3.2636379757613225
8 5 4.009428889806689
9 5 3.6039637816985253
10 5 2.03534786378468
0 6 -1.9589343260278942
1 6 4.336331675411752
2 6 4.5594752267259615
5 6 2.68767304982437
1 7 3.643184494851807
2 7 4.336331675411752
5 7 2.68767304982437
6 7 4.5594752267259615
9 8 4.5594752267259615
10 8 4.377153669932007
7 9 4.048649602959971
10 9 4.5594752267259615
2 10 2.7677157574979065
5 10 1.5245222400186895
6 10 4.377153669932007
7 10 4.5594752267259615
10 10 3.396324416920281
