0 0 0.5384922778554971
3 0 0.40062248363237635
4 0 -0.004842624475788015
5 0 -2.712892825577998
0 1 0.40062248363237635
3 1 1.3388921222253065
4 1 1.3388921222253065
5 1 -0.676010898316958
0 2 -0.004842624475788015
1 2 3.1306515914533617
3 2 1.3388921222253065
4 2 1.3388921222253065
4 3 3.1306515914533617
5 3 1.8088957514710422
5 4 2.2143608595792066
5 5 1.5857522001568325
6 5 -0.08822423341483891
7 5 1.115748570911097
8 5 -0.676010898316958
9 5 1.7771470531564617
11 5 1.3388921222253065
12 5 -1.0492151442069009
5 6 1.3781128353785879
6 6 1.0103880552532707
7 6 1.5212136790192612
9 6 1.6389967146756448
11 6 1.5212136790192612
12 6 -0.3924356078178305
5 7 1.115748570911097
6 7 2.4375044108934163
9 7 1.0512100497735257
10 7 2.4375044108934163
11 7 1.7443572303334711
12 7 -0.9802222727199498
5 8 0.42260139035115163
6 8 2.4375044108934163
7 8 2.4375044108934163
9 8 1.7443572303334711
10 8 3.1306515914533617
11 8 0.6457449416653613
5 9 -0.5582278626605744
6 9 1.6389967146756448
7 9 1.9675007816476808
8 9 0.3580628692135805
9 9 0.0703807967617994
11 9 2.0628109614520054
12 9 1.0346807478223152
7 10 2.4375044108934163
10 10 3.536116699561526
11 10 2.4375044108934163
12 10 0.8115371965081054
5 11 -1.3691580788769033
6 11 0.13491931789937064
8 11 1.3388921222253065
12 11 1.7923664495198315
0 12 -3.0171041999809898
1 12 1.5046843770680507
2 12 1.9101494851762153
3 12 -0.9802222727199498
5 12 -2.9951252932622143
6 12 0.5883936451938957
7 12 -0.9802222727199498
8 12 1.658835056895309
9 12 -0.8624392370635661
10 12 0.8115371965081054
12 12 1.471347956800459
