0 0 0.27262538283680393
3 0 -2.5697919819373247
5 0 0.06926534767793366
7 0 -0.4903504402574888
8 0 -2.779512512919394
11 0 -0.08488533214932456
13 0 -2.723942661764583
0 1 0.0974362246446301
5 1 1.115748570911097
7 1 1.115748570911097
8 1 -0.29794476439690815
0 2 0.03289770350705901
5 2 1.3388921222253065
7 2 1.3388921222253065
8 2 -0.07480121308269841
0 3 -0.4903504402574888
1 3 3.1306515914533617
5 3 0.9334270141171422
6 3 3.1306515914533617
7 3 1.6265741946770875
8 3 -0.48026632119086266
0 4 -0.3725674046011054
2 4 3.536116699561526
5 4 1.3388921222253065
7 4 1.3388921222253065
3 5 0.9334270141171422
6 5 2.725186483345197
7 5 2.6074034476888137
8 5 1.7533259003162314
11 5 2.725186483345197
13 5 0.7792763342898839
14 5 -0.1651852745509675
7 6 2.725186483345197
8 6 2.0046403285971377
3 7 0.9334270141171422
6 7 2.725186483345197
7 7 0.5279619060089779
8 7 2.2923224010489185
0 8 -3.2903381366853846
1 8 1.7814967772829278
3 8 1.9176289516075076
5 8 -0.8857314292990272
8 8 1.6518189539743953
10 8 0.21288085936908263
12 8 2.410105436705302
13 8 1.8504896487698792
14 8 0.030559302575127796
0 9 -1.8766448013773795
1 9 2.2143608595792066
3 9 2.725186483345197
8 9 1.8223187718031828
1 10 2.2143608595792066
3 10 2.0320393027852517
8 10 1.5991752204889733
9 10 3.823798772013307
13 11 2.976500911626103
14 11 2.725186483345197
9 12 2.0320393027852517
10 12 2.0320393027852517
13 12 2.976500911626103
14 12 2.5428649265512426
4 13 1.5902065505062126
8 13 -0.634417001018121
9 13 1.8778886229579936
10 13 1.8778886229579936
14 13 2.9193424977861544
0 14 -2.5697919819373247
2 14 2.725186483345197
3 14 0.2402798335571969
4 14 3.043640214463732
5 14 -0.1651852745509675
8 14 -1.5788786098589724
9 14 2.319721375237033
10 14 2.725186483345197
14 14 2.086106524055528
