0 0 0.03454583613849895
3 0 0.03960913809504588
4 0 -0.3658559700131186
5 0 -2.6684410630071644
0 1 0.03960913809504567
0 2 -0.3658559700131186
1 2 4.922411060681417
4 3 4.922411060681417
5 3 4.0061203288072615
5 4 4.411585436915426
0 5 -2.6684410630071644
1 5 4.0061203288072615
2 5 4.0061203288072615
5 5 3.0898295969331064
8 5 4.411585436915426
9 5 4.0061203288072615
10 5 2.2143608595792066
2 6 4.922411060681417
5 6 4.0061203288072615
5 7 4.0061203288072615
6 7 4.922411060681417
9 8 4.922411060681417
10 8 4.516945952573252
10 9 4.922411060681417
5 10 2.2143608595792066
6 10 4.516945952573252
7 10 4.922411060681417
10 10 3.823798772013307
