0 0 2.725186483345197
3 0 -1.6896299741516752
10 0 3.823798772013307
23 0 3.4183336639051425
26 0 2.2143608595792066
40 0 2.725186483345197
59 0 2.4375044108934163
1 1 3.536116699561526
13 1 4.922411060681417
14 1 4.922411060681417
28 1 4.229263880121471
2 2 3.823798772013307
65 2 4.516945952573252
2 3 0.10212949507637975
3 3 0.46643653069103674
5 3 -0.18555257737540104
6 3 0.5075946031845443
8 3 -0.40869612868961064
40 3 -1.6896299741516752
48 3 0.3252730463905895
74 3 -1.2841648660435108
3 4 0.5075946031845441
5 5 3.9415818076696905
66 5 3.9415818076696905
67 5 4.229263880121471
68 5 2.4375044108934163
74 6 4.229263880121471
82 7 4.922411060681417
83 7 4.922411060681417
8 8 3.900759813149435
9 8 4.0061203288072615
9 9 3.823798772013307
11 9 4.740089503887462
15 9 3.823798772013307
0 10 3.1306515914533617
12 10 4.229263880121471
23 10 3.1306515914533617
26 10 3.312973148247316
59 10 2.8429695190015805
11 11 3.536116699561526
15 11 4.922411060681417
16 11 4.634728988229636
0 12 3.823798772013307
40 12 3.823798772013307
59 12 3.536116699561526
27 13 4.922411060681417
28 13 4.922411060681417
33 13 4.229263880121471
13 14 4.922411060681417
27 14 4.922411060681417
28 14 4.922411060681417
16 15 4.922411060681417
17 15 4.922411060681417
16 16 3.536116699561526
17 16 4.922411060681417
18 16 3.7184382563554808
18 17 4.411585436915426
18 18 3.900759813149435
50 18 3.7184382563554808
51 18 4.411585436915426
7 19 4.922411060681417
82 19 4.229263880121471
83 19 4.922411060681417
3 20 0.5075946031845441
3 21 0.10212949507637975
20 21 4.922411060681417
3 22 -0.5910176854835656
20 22 4.922411060681417
21 22 4.922411060681417
0 23 2.725186483345197
10 23 3.823798772013307
12 23 4.516945952573252
23 23 2.725186483345197
26 23 2.907508040139152
31 23 3.823798772013307
7 24 4.922411060681417
19 24 4.922411060681417
25 24 4.922411060681417
7 25 4.922411060681417
19 25 4.922411060681417
83 25 4.922411060681417
10 26 2.6198259676873707
23 26 3.823798772013307
26 26 3.312973148247316
31 26 4.0061203288072615
32 26 4.0061203288072615
33 27 4.922411060681417
34 27 4.229263880121471
27 28 4.922411060681417
33 28 4.922411060681417
24 29 4.922411060681417
25 29 4.922411060681417
30 29 4.922411060681417
19 30 4.922411060681417
24 30 4.922411060681417
25 30 4.922411060681417
26 31 4.0061203288072615
32 31 4.922411060681417
26 32 4.411585436915426
33 33 3.536116699561526
34 33 4.922411060681417
35 33 4.229263880121471
34 34 3.536116699561526
35 34 4.922411060681417
36 34 4.922411060681417
37 34 4.229263880121471
36 35 4.922411060681417
37 35 4.922411060681417
38 35 4.922411060681417
29 36 4.922411060681417
37 36 4.922411060681417
38 36 4.922411060681417
29 37 4.922411060681417
30 37 4.922411060681417
38 37 4.922411060681417
24 38 4.922411060681417
29 38 4.922411060681417
30 38 4.922411060681417
59 39 4.634728988229636
3 40 -0.5910176854835656
39 40 4.516945952573252
40 40 2.725186483345197
59 40 3.536116699561526
42 41 4.922411060681417
43 41 3.823798772013307
49 41 4.229263880121471
49 42 4.229263880121471
57 42 3.823798772013307
4 43 3.823798772013307
42 43 3.823798772013307
43 43 2.725186483345197
49 43 3.1306515914533617
57 43 2.0320393027852517
62 43 3.1306515914533617
63 43 3.823798772013307
43 44 4.516945952573252
63 44 4.229263880121471
45 45 3.823798772013307
72 45 3.823798772013307
73 45 4.334624395779298
64 46 4.922411060681417
74 46 3.1306515914533617
76 46 4.922411060681417
53 47 4.922411060681417
54 47 4.922411060681417
39 48 4.229263880121471
40 48 4.516945952573252
48 48 3.536116699561526
43 49 3.823798772013307
44 49 4.229263880121471
57 49 3.536116699561526
1 50 4.634728988229636
50 50 3.536116699561526
60 50 4.922411060681417
50 51 4.922411060681417
60 51 4.922411060681417
46 52 4.922411060681417
52 52 3.536116699561526
74 52 2.4375044108934163
76 52 4.922411060681417
54 53 4.922411060681417
80 53 3.536116699561526
54 54 3.536116699561526
80 54 3.536116699561526
84 54 2.4375044108934163
85 54 4.229263880121471
20 55 4.922411060681417
21 55 4.922411060681417
22 55 4.922411060681417
21 56 4.922411060681417
22 56 4.922411060681417
55 56 4.922411060681417
43 57 2.0320393027852517
44 57 3.823798772013307
49 57 3.536116699561526
57 57 3.823798772013307
22 58 4.922411060681417
55 58 4.922411060681417
56 58 4.922411060681417
0 59 4.046942323327516
3 59 -1.2841648660435108
10 59 2.8429695190015805
40 59 2.4375044108934163
59 59 3.248434627109745
1 60 4.922411060681417
14 60 4.922411060681417
62 61 4.634728988229636
3 62 -1.2841648660435108
4 62 3.536116699561526
41 62 4.229263880121471
43 62 2.4375044108934163
62 62 3.248434627109745
63 62 3.9415818076696905
3 63 -1.2841648660435108
4 63 4.229263880121471
41 63 4.229263880121471
42 63 4.229263880121471
43 63 3.1306515914533617
62 63 2.8429695190015805
3 64 0.5075946031845441
61 65 4.922411060681417
62 65 3.536116699561526
65 65 3.823798772013307
3 66 -0.18555257737540118
67 66 4.229263880121471
68 66 3.823798772013307
68 67 4.516945952573252
69 67 4.229263880121471
3 68 -0.9964827935917299
66 68 3.1306515914533617
68 68 2.725186483345197
69 68 3.823798772013307
70 68 3.823798772013307
71 68 2.725186483345197
3 69 -1.2841648660435108
66 69 3.536116699561526
68 69 3.1306515914533617
70 69 3.536116699561526
71 69 3.1306515914533617
73 69 3.1306515914533617
45 70 3.1306515914533617
66 70 3.536116699561526
68 70 3.1306515914533617
69 70 3.536116699561526
71 70 3.1306515914533617
73 70 3.1306515914533617
45 71 3.4183336639051425
68 71 2.725186483345197
69 71 3.823798772013307
70 71 3.823798772013307
71 71 2.725186483345197
73 71 2.725186483345197
70 72 4.229263880121471
71 72 4.516945952573252
45 73 3.823798772013307
71 73 3.823798772013307
72 73 4.516945952573252
73 73 2.725186483345197
3 74 -1.6896299741516752
64 74 3.1306515914533617
74 74 3.536116699561526
77 74 4.046942323327516
79 74 3.1306515914533617
46 75 4.922411060681417
52 75 4.922411060681417
3 76 -0.5910176854835656
64 76 4.922411060681417
74 76 3.1306515914533617
47 77 4.229263880121471
77 77 3.536116699561526
78 77 4.922411060681417
79 77 4.922411060681417
47 78 4.922411060681417
53 78 4.922411060681417
54 78 4.229263880121471
47 79 4.922411060681417
53 79 4.922411060681417
78 79 4.922411060681417
52 80 3.9415818076696905
75 80 4.634728988229636
80 80 3.248434627109745
84 80 2.4375044108934163
85 80 2.8429695190015805
55 81 4.922411060681417
56 81 4.922411060681417
58 81 4.922411060681417
56 82 4.229263880121471
58 82 4.922411060681417
81 82 4.922411060681417
82 82 3.536116699561526
81 83 4.922411060681417
82 83 4.922411060681417
80 84 2.8429695190015805
84 84 3.823798772013307
85 84 3.536116699561526
80 85 3.9415818076696905
84 85 3.536116699561526
