0 0 0.17961022439434707
3 0 -2.6803986697717
6 0 0.2099730881244648
8 0 -0.3132750556400831
9 0 -2.834549349598958
14 0 -2.968080742223481
0 1 0.2099730881244648
0 2 0.2099730881244648
0 3 -0.19549201998369972
1 3 3.6018680771243066
7 4 4.700480365792417
11 4 5.393627546352362
13 4 5.393627546352362
0 5 -0.6009571280918642
2 5 4.295015257684252
7 5 3.6018680771243066
8 5 2.0977906803480324
9 5 0.5573456394008836
1 6 1.5224265354444706
3 6 1.5224265354444706
8 6 3.196402969016142
9 6 2.0614230361771577
14 6 1.2347444629926896
15 6 1.3682758556172123
8 7 2.5032557884561966
9 7 1.6559579280689933
10 7 3.0910424533583156
11 7 4.700480365792417
13 7 4.700480365792417
0 8 -3.0858637778798643
1 8 1.404643499788087
3 8 1.404643499788087
9 8 2.5032557884561966
14 8 1.1169614273363062
15 8 1.250492819960829
16 8 0.20067069546215105
0 9 -3.016870906392913
1 9 2.1667835518349836
3 9 2.5032557884561966
4 9 2.3491051086289385
7 9 0.9628107475090479
9 9 2.029162173958936
14 9 2.466888144285322
15 9 2.0126328720077256
16 9 0.2696635669491026
3 10 1.992430164690206
9 10 2.4444152884332633
14 10 1.704748092238425
15 10 1.8382794848629478
16 10 0.7884573603642703
9 11 2.3491051086289385
10 11 3.784189633918261
9 12 2.0614230361771577
10 12 3.784189633918261
14 12 1.927891643552635
15 12 2.0614230361771577
9 13 1.6559579280689933
10 13 3.784189633918261
11 13 5.393627546352362
4 14 3.3141860046725258
7 14 2.6210388241125804
12 14 1.927891643552635
13 14 3.3141860046725258
15 14 3.3141860046725258
16 14 2.883403088580071
10 15 1.8382794848629478
12 15 2.7545702167371027
16 15 3.3423568816392217
0 16 -3.1912242935376907
2 16 3.0910424533583156
5 16 3.4965075614664802
7 16 2.3978952727983702
8 16 0.20067069546215105
9 16 -0.24116205681688824
10 16 2.7343675094195836
12 16 3.2088254890146994
14 16 0.3184537311185345
16 16 2.4932054526026954
