0 0 0.06766978654413526
3 0 0.07822397422282536
4 0 -0.32724113388533904
5 0 -2.5244657112215583
0 1 0.07822397422282536
0 2 -0.32724113388533904
1 2 4.229263880121471
4 3 4.229263880121471
5 3 3.4183336639051425
5 4 3.823798772013307
0 5 -2.5244657112215583
1 5 3.1306515914533617
2 5 3.1306515914533617
5 5 2.473872055064291
8 5 3.823798772013307
9 5 3.4183336639051425
10 5 1.6265741946770875
1 6 3.536116699561526
2 6 4.229263880121471
5 6 3.1306515914533617
2 7 3.536116699561526
5 7 3.1306515914533617
6 7 4.229263880121471
9 8 4.229263880121471
10 8 3.823798772013307
10 9 4.229263880121471
5 10 1.6265741946770875
6 10 3.823798772013307
7 10 4.229263880121471
10 10 3.1306515914533617
