0 0 0.05220895247060875
4 0 0.06259865631974455
5 0 -0.34286645178841996
6 0 -2.74076172458679
0 1 0.06259865631974455
0 2 -0.34286645178841996
1 2 4.229263880121471
0 3 -0.34286645178841996
1 3 4.229263880121471
5 4 4.229263880121471
6 4 3.2176629684429914
6 5 3.623128076551156
0 6 -3.4339089051467355
1 6 2.524515787883046
2 6 3.623128076551156
6 6 3.1711429528080988
8 6 3.623128076551156
9 6 3.2176629684429914
10 6 1.4259034992149364
0 7 -1.0360136323483653
1 7 4.229263880121471
3 7 4.922411060681417
9 8 4.922411060681417
10 8 4.516945952573252
10 9 4.922411060681417
1 10 3.1306515914533617
3 10 4.516945952573252
7 10 4.922411060681417
10 10 3.823798772013307
