0 0 0.3687058654574337
5 0 0.45447268721485884
7 0 -0.1051431007205638
8 0 -2.859713317457667
11 0 0.45447268721485884
12 0 0.04900757910669461
14 0 0.04900757910669461
15 0 -1.7427518901213606
16 0 -3.5345113593494157
0 1 0.45447268721485884
0 2 0.45447268721485884
0 3 -0.1741359722075154
1 3 3.1354942159291497
6 3 3.1354942159291497
7 3 1.1895840668738362
8 3 -0.8718389693033213
0 4 0.04900757910669461
2 4 3.1354942159291497
7 5 2.511339906856156
8 5 1.1430640512389434
12 5 2.665490586683414
15 5 1.5668782980153044
16 5 0.4682660093471947
7 6 2.7990219793079367
8 6 1.4307461236907244
8 7 1.8362112317988886
0 8 -3.265178425565831
1 8 1.4307461236907244
3 8 1.8362112317988888
6 8 1.4307461236907244
7 8 -1.2083112059245342
8 8 1.4397959592106424
13 8 1.8362112317988888
15 8 1.02528101558256
16 8 -0.766478453645495
8 9 1.8362112317988886
8 10 1.4307461236907244
9 10 4.051784947803305
14 11 4.74493212836325
16 11 2.5477075510270306
15 12 2.9531726591351948
16 12 2.5477075510270306
10 13 2.665490586683414
15 13 2.9531726591351948
16 13 2.414176158402508
16 14 2.9531726591351948
4 15 1.3437347467010947
9 15 2.26002547857525
10 15 2.26002547857525
16 15 2.7708511023412403
0 16 -1.9250734469153152
2 16 2.5477075510270306
4 16 2.8841797876482436
8 16 -1.4596256342054403
9 16 2.26002547857525
10 16 2.5477075510270306
16 16 1.7367773348107018
