0 0 0.1769672695066179
2 0 -2.4886873726279064
3 0 -0.18610227963386075
5 0 -0.18610227963386075
8 0 0.21936282847430366
9 0 -0.8792494601938061
10 0 -0.31963367225838335
11 0 -2.804540322046384
14 0 -2.2655438213136967
15 0 0.21936282847430366
16 0 -0.18610227963386075
18 0 -0.18610227963386075
19 0 -2.671008929421861
0 1 0.21936282847430366
0 2 0.21936282847430366
9 3 5.393627546352362
10 3 3.3141860046725258
11 3 1.5224265354444706
0 4 -0.18610227963386075
1 4 3.6018680771243066
0 5 -0.18610227963386075
2 5 3.784189633918261
0 6 -0.18610227963386075
2 6 3.784189633918261
0 7 -0.18610227963386075
2 7 3.784189633918261
3 8 3.196402969016142
9 8 3.196402969016142
10 8 3.196402969016142
11 8 1.9642592877235097
16 8 3.196402969016142
19 8 1.404643499788087
20 8 0.5573456394008836
10 9 3.3141860046725258
11 9 2.2155737160044158
11 10 2.6210388241125804
0 11 -2.958691001873642
1 11 2.2155737160044158
2 11 -0.08701137698962981
4 11 2.6210388241125804
6 11 2.2155737160044158
11 11 1.840880266563005
12 11 -0.08701137698962981
13 11 2.2155737160044158
14 11 0.1361321743245799
17 11 2.6210388241125804
19 11 2.0332521592104613
20 11 0.2696635669491026
11 12 2.6210388241125804
11 13 2.2155737160044158
12 13 3.784189633918261
11 14 2.2155737160044158
12 14 3.784189633918261
0 15 -1.5723966407537513
2 15 3.0910424533583156
5 15 4.700480365792417
12 15 3.0910424533583156
14 15 3.3141860046725258
18 15 4.700480365792417
19 16 3.6018680771243066
20 16 3.447717397297048
0 17 -2.8251596092491194
2 17 1.8382794848629478
6 17 3.447717397297048
11 17 -0.4234836136108427
12 17 2.531426665422893
13 17 3.447717397297048
14 17 2.0614230361771577
19 17 3.2653958405030936
20 17 2.8881016093616254
11 18 1.5224265354444706
12 18 3.784189633918261
14 18 4.007333185232471
11 19 -0.26933293378358447
12 19 1.992430164690206
14 19 2.908720896564361
20 19 3.6018680771243066
0 20 -2.4196945011409547
2 20 2.9368917735310576
7 20 3.8531825054052127
11 20 -0.4234836136108427
12 20 2.531426665422893
14 20 2.9777137680513124
20 20 2.680462244583381
