0 0 0.04441458162978029
3 0 0.05053080864721617
4 0 -0.3549342994609484
5 0 -2.8398409492489485
0 1 0.050530808647215965
0 2 -0.3549342994609484
1 2 4.74493212836325
4 3 4.74493212836325
5 3 3.64631983969514
5 4 4.051784947803305
0 5 -2.8398409492489485
1 5 3.64631983969514
2 5 4.051784947803305
5 5 2.9531726591351948
8 5 4.051784947803305
9 5 3.64631983969514
10 5 1.8545603704670852
5 6 4.051784947803305
5 7 3.64631983969514
6 7 4.74493212836325
9 8 4.74493212836325
10 8 4.339467020255086
10 9 4.74493212836325
5 10 1.8545603704670852
6 10 4.339467020255086
7 10 4.74493212836325
10 10 3.64631983969514
