0 0 0.08024436494778175
3 0 0.09364490048526378
4 0 -0.3118202076229007
5 0 -3.084408929862682
0 1 0.09364490048526378
0 2 -0.3118202076229007
1 2 4.007333185232471
4 3 4.007333185232471
5 3 2.6210388241125804
5 4 3.0265039322207445
2 5 0.5415972824327444
5 5 2.7388218597689638
6 5 3.0265039322207445
7 5 2.6210388241125804
8 5 1.927891643552635
1 6 2.6210388241125804
2 6 4.007333185232471
7 6 4.007333185232471
8 6 4.007333185232471
0 7 -2.391261749302737
1 7 4.007333185232471
2 7 4.007333185232471
8 7 4.007333185232471
0 8 -1.004967388182846
1 8 4.007333185232471
2 8 4.007333185232471
