0 0 0.23796601756367394
3 0 0.2599248138763187
4 0 -0.1455402942318458
5 0 -3.0359120521280105
0 1 0.25992481387631855
0 2 -0.1455402942318458
1 2 3.6840064893720617
4 3 3.6840064893720617
5 3 2.179929092595788
5 4 2.585394200703952
5 5 2.0141368377530435
6 5 0.23401894354047423
7 5 2.0463976999712647
9 5 2.433377993405326
11 5 2.0889573143900613
12 5 -0.0012951433939905276
5 6 2.28171178690573
7 6 2.143561448424913
9 6 2.351200813203157
11 6 0.3943615936156539
12 6 -1.0027436836084525
5 7 2.046397699971265
6 7 3.5298558095448036
9 7 1.5245222400186893
5 8 1.9792583971336366
6 8 3.434545629740479
9 8 0.5129213283402095
10 8 3.771017866361692
11 8 1.3286708309924873
12 8 -0.7615816267915643
5 9 -0.38502026486574886
6 9 1.658053632643212
7 9 2.91081660113858
11 9 2.8663648385677463
12 9 2.162406741903585
11 10 3.0334189232309123
12 10 2.3294608265667516
12 11 2.7349259346749157
0 12 -2.8863803181570464
1 12 2.3294608265667516
2 12 2.7349259346749157
5 12 -0.8485930037811942
6 12 1.9929885899455386
8 12 2.7349259346749157
9 12 -1.621782892014676
10 12 2.3294608265667516
11 12 -1.4991805699223433
12 12 2.052474043231719
