0 0 0.15391532609643852
6 0 0.175783312733019
7 0 -0.22968179537514533
8 0 -2.9597109031961306
12 0 -0.22968179537514533
14 0 -3.5618863055503494
0 1 0.175783312733019
0 2 0.175783312733019
0 3 -0.22968179537514533
1 3 3.866328046166016
0 4 -0.22968179537514533
1 4 3.866328046166016
0 5 -0.22968179537514533
2 5 5.070300850491952
7 6 3.6039637816985253
8 6 2.2602290349974306
12 6 3.6039637816985253
14 6 0.9649064520832666
15 6 0.020444843242415276
8 7 2.7457368507791315
0 8 -3.3651760113042952
1 8 2.052589670219186
3 8 2.4456322583287933
5 8 0.5485122734429121
8 8 2.1292822910074407
9 8 -0.7507707106873486
10 8 2.340271742670967
11 8 -0.7507707106873486
13 8 2.7457368507791315
14 8 2.2661637705172453
15 8 0.46150089645328224
0 9 -3.320724248733461
1 9 2.1615799539275913
3 9 2.9600876501453626
8 9 2.5073258273341335
8 10 2.340271742670967
9 10 3.771017866361692
0 11 -3.320724248733461
1 11 2.1615799539275913
3 11 2.2669404695854176
4 11 3.771017866361692
8 11 2.0824426333688675
9 11 3.6757076865573666
14 12 3.5298558095448036
15 12 3.2785413812638975
2 13 2.4312435208766936
5 13 2.4312435208766936
8 13 -0.9919327675042366
9 13 1.8251077173063783
10 13 3.5298558095448036
11 13 1.1319605367464332
14 13 3.4557478373910815
15 13 3.0373793244470093
0 14 -3.5618863055503494
2 14 2.4312435208766936
5 14 2.4312435208766936
8 14 -0.9919327675042366
9 14 1.1319605367464332
11 14 1.1319605367464332
15 14 3.5298558095448036
0 15 -3.8132007338312555
1 15 0.28280910770990636
2 15 2.873076273155733
3 15 0.38816962336773264
4 15 3.2785413812638975
5 15 3.2785413812638975
8 15 0.1430471653347478
9 15 3.0778706858017464
11 15 3.588696309567737
15 15 2.585394200703952
