0 0 0.2758106144999235
3 0 -2.566441895052043
5 0 0.07261543456321581
7 0 -0.4870003533722068
8 0 -2.802830673116273
11 0 -0.08153524526404252
13 0 -2.720592574879301
0 1 0.10078631152991206
5 1 1.115748570911097
7 1 1.115748570911097
8 1 -0.3246130114790694
0 2 0.036247790392340905
5 2 1.3388921222253065
7 2 1.3388921222253065
8 2 -0.10146946016485978
0 3 -0.4870003533722068
1 3 3.1306515914533617
5 3 0.9334270141171422
6 3 3.1306515914533617
7 3 1.6265741946770875
8 3 -0.5069345682730241
0 4 -0.3692173177158234
2 4 3.536116699561526
5 4 1.3388921222253065
7 4 1.3388921222253065
3 5 0.9334270141171422
6 5 2.725186483345197
7 5 2.6074034476888137
8 5 1.72665765323407
11 5 2.725186483345197
13 5 0.7792763342898839
14 5 -0.1651852745509675
7 6 2.725186483345197
8 6 1.9779720815149762
3 7 0.9334270141171422
6 7 2.725186483345197
7 7 0.5279619060089779
8 7 2.265654153966757
0 8 -3.313656296882264
1 8 1.7548285302007665
3 8 1.9779720815149762
5 8 -0.9123996763811885
8 8 1.6362227877929194
10 8 0.18621261228692126
12 8 2.3834371896231406
13 8 1.823821401687718
14 8 0.0038910554929665006
0 9 -1.8732947144920975
1 9 2.2143608595792066
3 9 2.0320393027852517
8 9 1.9779720815149762
1 10 2.2143608595792066
3 10 2.0320393027852517
8 10 1.572506973406812
9 10 3.823798772013307
13 11 2.976500911626103
14 11 2.725186483345197
9 12 2.0320393027852517
10 12 2.0320393027852517
13 12 2.976500911626103
14 12 2.5428649265512426
4 13 1.5902065505062126
8 13 -0.6610852481002825
9 13 1.8778886229579936
10 13 1.8778886229579936
14 13 2.9193424977861544
0 14 -2.566441895052043
2 14 2.725186483345197
3 14 0.2402798335571969
4 14 3.043640214463732
5 14 -0.1651852745509675
8 14 -1.6055468569411337
9 14 2.319721375237033
10 14 2.725186483345197
14 14 2.086106524055528
