0 0 0.12203529387939736
3 0 0.1396104387009049
4 0 -0.26585466940725955
5 0 -2.7835511420182506
0 1 0.1396104387009049
0 2 -0.26585466940725955
1 2 3.784189633918261
4 3 3.784189633918261
5 3 2.6527875224271606
5 4 3.0582526305353253
0 5 -3.0066946933324603
1 5 2.14196189866117
2 5 2.14196189866117
5 5 2.375800739092128
8 5 3.0582526305353253
9 5 2.6527875224271606
10 5 0.8610280531991057
0 6 -2.5684397624013053
1 6 3.2733640101522705
2 6 3.784189633918261
5 6 2.1419618986611697
1 7 2.174751721484161
2 7 3.2733640101522705
5 7 2.1419618986611697
6 7 3.784189633918261
9 8 3.784189633918261
10 8 3.378724525810097
10 9 3.784189633918261
2 10 1.0761394328160512
5 10 0.6378845018848959
6 10 3.378724525810097
7 10 3.784189633918261
10 10 2.6855773452501515
