0 0 0.1798146378072615
3 0 0.20391218938632205
4 0 -0.20155291872184225
5 0 -3.1972851922758334
8 0 0.20391218938632205
10 0 -0.20155291872184225
12 0 -3.379606749069788
0 1 0.20391218938632205
0 2 -0.20155291872184225
1 2 3.536116699561526
4 3 3.823798772013307
5 3 2.2143608595792066
5 4 2.619825967687371
0 5 -2.909603119824052
1 5 2.080829466954684
2 5 2.080829466954684
5 5 1.991217308264997
7 5 -0.08822423341483891
9 5 2.619825967687371
11 5 2.2143608595792066
12 5 0.13491931789937084
1 6 1.9266787871274256
2 6 3.312973148247316
5 6 2.2143608595792066
2 7 1.9266787871274256
5 7 2.1090003439213802
6 7 3.312973148247316
10 8 4.922411060681417
12 8 3.1306515914533617
6 9 1.9266787871274256
7 9 1.9266787871274256
11 9 3.536116699561526
12 9 2.8429695190015805
12 10 3.536116699561526
5 11 0.13491931789937084
6 11 1.9266787871274256
7 11 2.6198259676873707
12 11 3.1306515914533617
5 12 0.42260139035115163
6 12 2.907508040139152
7 12 3.2259617712576865
12 12 2.5175471185669527
