65 0 6.168913139160062
69 0 6.168913139160062
5 1 5.763448031051897
6 1 6.168913139160062
0 2 6.168913139160062
69 2 6.168913139160062
0 3 6.168913139160062
2 3 6.168913139160062
69 3 5.475765958600117
0 4 5.475765958600117
2 4 6.168913139160062
3 4 6.168913139160062
4 4 4.782618778040171
3 5 5.070300850491952
4 5 5.475765958600117
5 5 5.070300850491952
6 5 5.763448031051897
4 6 6.168913139160062
5 6 5.070300850491952
7 7 4.782618778040171
8 7 6.168913139160062
11 7 6.168913139160062
15 7 5.475765958600117
13 8 6.168913139160062
14 8 4.782618778040171
15 8 6.168913139160062
10 9 6.168913139160062
16 9 6.168913139160062
16 10 6.168913139160062
78 10 6.168913139160062
8 11 6.168913139160062
13 11 6.168913139160062
15 11 6.168913139160062
9 12 6.168913139160062
10 12 6.168913139160062
16 12 5.475765958600117
14 13 5.881231066708281
14 14 5.188083886148336
75 14 5.475765958600117
76 14 4.782618778040171
77 14 5.881231066708281
13 15 6.168913139160062
14 15 5.475765958600117
16 16 4.782618778040171
73 16 5.475765958600117
74 16 6.168913139160062
78 16 6.168913139160062
19 17 6.168913139160062
88 17 6.168913139160062
89 17 6.168913139160062
17 18 6.168913139160062
19 18 6.168913139160062
89 18 6.168913139160062
87 19 5.475765958600117
88 19 6.168913139160062
89 19 6.168913139160062
17 20 6.168913139160062
18 20 6.168913139160062
19 20 6.168913139160062
28 21 6.168913139160062
29 21 6.168913139160062
31 21 6.168913139160062
30 22 6.168913139160062
43 22 6.168913139160062
44 22 5.475765958600117
25 23 5.475765958600117
27 23 6.168913139160062
22 24 4.089471597480226
24 24 4.843243399856606
26 24 4.49493670558839
30 24 4.089471597480226
61 24 4.782618778040171
21 25 5.881231066708281
25 25 5.005762329354381
27 25 4.782618778040171
28 25 4.782618778040171
29 25 5.475765958600117
22 26 5.475765958600117
24 26 3.396324416920281
45 26 5.475765958600117
61 26 5.475765958600117
64 26 5.475765958600117
25 27 5.881231066708281
20 28 6.168913139160062
31 28 6.168913139160062
32 28 6.168913139160062
28 29 6.168913139160062
31 29 6.168913139160062
32 29 6.168913139160062
36 30 6.168913139160062
43 30 6.168913139160062
44 30 5.475765958600117
18 31 6.168913139160062
20 31 6.168913139160062
32 31 6.168913139160062
17 32 6.168913139160062
18 32 6.168913139160062
20 32 6.168913139160062
34 33 6.168913139160062
106 33 5.070300850491952
34 34 4.782618778040171
106 34 5.986591582366107
33 35 6.168913139160062
34 35 6.168913139160062
33 36 6.168913139160062
34 36 5.475765958600117
35 36 6.168913139160062
55 37 6.168913139160062
56 37 6.168913139160062
37 38 6.168913139160062
56 38 6.168913139160062
39 39 4.782618778040171
41 39 6.168913139160062
54 39 5.475765958600117
63 39 6.168913139160062
40 40 4.782618778040171
51 40 5.475765958600117
53 40 6.168913139160062
57 40 6.168913139160062
38 41 6.168913139160062
54 41 6.168913139160062
59 41 6.168913139160062
42 42 4.782618778040171
47 42 6.168913139160062
60 42 5.881231066708281
33 43 6.168913139160062
35 43 6.168913139160062
36 43 6.168913139160062
35 44 5.475765958600117
36 44 5.475765958600117
43 44 5.475765958600117
50 44 5.475765958600117
58 44 5.475765958600117
112 44 5.475765958600117
44 45 5.475765958600117
45 45 4.782618778040171
50 45 5.475765958600117
58 45 6.168913139160062
26 46 5.475765958600117
48 46 6.168913139160062
64 46 6.168913139160062
46 47 6.168913139160062
60 47 6.168913139160062
26 48 5.475765958600117
45 48 5.475765958600117
64 48 6.168913139160062
7 49 6.168913139160062
11 49 6.168913139160062
111 50 6.168913139160062
112 50 6.168913139160062
113 50 6.168913139160062
12 51 6.168913139160062
52 51 6.168913139160062
62 51 6.168913139160062
9 52 6.168913139160062
12 52 6.168913139160062
62 52 6.168913139160062
51 53 6.168913139160062
52 53 6.168913139160062
62 53 6.168913139160062
37 54 6.168913139160062
38 54 6.168913139160062
59 54 6.168913139160062
7 55 6.168913139160062
49 55 6.168913139160062
7 56 4.782618778040171
49 56 6.168913139160062
55 56 6.168913139160062
56 56 4.782618778040171
51 57 6.168913139160062
52 57 6.168913139160062
53 57 6.168913139160062
50 58 6.168913139160062
111 58 6.168913139160062
112 58 6.168913139160062
37 59 6.168913139160062
38 59 6.168913139160062
56 59 5.475765958600117
26 60 4.782618778040171
46 60 6.168913139160062
48 60 6.168913139160062
60 60 4.782618778040171
22 61 6.168913139160062
30 61 6.168913139160062
44 61 5.475765958600117
9 62 6.168913139160062
10 62 6.168913139160062
12 62 6.168913139160062
41 63 6.168913139160062
54 63 6.168913139160062
59 63 6.168913139160062
44 64 5.475765958600117
45 64 6.168913139160062
82 65 -0.3263524167769461
126 65 6.168913139160062
136 65 6.168913139160062
66 66 4.782618778040171
67 66 6.168913139160062
70 66 5.475765958600117
1 67 5.475765958600117
67 67 4.782618778040171
70 67 6.168913139160062
71 67 6.168913139160062
42 68 6.168913139160062
47 68 6.168913139160062
65 69 6.168913139160062
69 69 4.782618778040171
126 69 6.168913139160062
136 69 5.475765958600117
1 70 6.168913139160062
5 70 5.070300850491952
71 70 6.168913139160062
1 71 6.168913139160062
5 71 5.763448031051897
99 72 4.2230029901047486
108 72 6.168913139160062
109 72 6.168913139160062
72 73 6.168913139160062
108 73 6.168913139160062
109 73 6.168913139160062
72 74 6.168913139160062
73 74 6.168913139160062
108 74 6.168913139160062
76 75 6.168913139160062
105 75 6.168913139160062
110 75 6.168913139160062
98 76 3.2244741599936217
105 76 6.168913139160062
110 76 6.168913139160062
75 77 6.168913139160062
76 77 6.168913139160062
110 77 6.168913139160062
72 78 6.168913139160062
73 78 6.168913139160062
74 78 6.168913139160062
82 79 0.7722598718911635
80 80 3.971688561823843
82 80 -0.3263524167769461
84 80 4.377153669932007
94 80 5.070300850491952
81 81 3.2785413812638975
82 81 0.5209454436102575
100 81 -0.07136270601070749
82 82 0.49625822591254126
83 82 -0.062298962718610164
84 82 -1.7126467778968366
85 82 0.5899383150972088
97 82 -0.17871641797088142
98 82 -0.49820267370360516
100 82 -0.5701761733286947
120 82 0.7722598718911635
132 82 -2.341255437319211
150 82 0.6291590282504903
151 82 -0.3263524167769461
152 82 -0.8371780405429368
82 83 -0.10101347489930065
83 83 1.3885208786971084
96 83 0.048615720209111785
97 83 -2.126136001275049
98 83 -0.880920238415064
99 83 0.9649064520832669
100 83 -1.468706903317183
121 83 1.658053632643212
132 83 -1.7431437490189432
134 83 0.9649064520832669
135 83 0.6772243796314859
137 83 0.9649064520832669
151 83 1.658053632643212
152 83 -0.6445314603508335
23 84 4.782618778040171
24 84 3.8017895250284455
80 84 4.377153669932007
84 84 3.396324416920281
94 84 5.070300850491952
100 84 -0.35904477846248833
82 85 -1.0194995973368914
83 85 1.658053632643212
85 85 4.782618778040171
81 86 4.377153669932007
82 86 0.3667947637829992
81 87 4.377153669932007
82 87 -1.0194995973368914
86 87 6.168913139160062
87 87 4.782618778040171
86 88 6.168913139160062
87 88 6.168913139160062
87 89 6.168913139160062
88 89 6.168913139160062
92 90 6.168913139160062
100 90 1.7203967632173476
82 91 0.7722598718911635
97 92 2.384723505241801
100 92 1.7203967632173476
81 93 5.070300850491952
82 93 -0.3263524167769461
23 94 5.763448031051897
24 94 4.089471597480226
25 94 4.377153669932007
27 94 5.070300850491952
94 94 3.971688561823843
39 95 6.168913139160062
63 95 5.475765958600117
95 95 4.782618778040171
40 96 5.475765958600117
57 96 4.5594752267259615
96 96 5.147261891628081
82 97 -0.3263524167769461
83 97 -2.126136001275049
84 97 0.9984291441219103
97 97 2.0662697741232665
98 97 1.3861946751306737
100 97 0.8806461084655268
132 97 0.3698204846995363
150 97 1.468432773367646
152 97 1.468432773367646
39 98 2.5313269794336763
82 98 -3.2707913959433865
83 98 -1.9795325270831736
95 98 4.140764891867777
96 98 3.001330608679412
98 98 3.498911005695382
100 98 -1.2240422159490931
132 98 2.125861871325512
133 98 2.876167465725406
152 98 1.6150362475595212
82 99 -1.1736502771641495
83 99 0.6284342154620538
99 99 4.474317418385655
122 99 4.2230029901047486
134 99 4.916150170664694
137 99 4.2230029901047486
80 100 1.0272495826574022
82 100 -0.6238288868210148
83 100 -1.6118077469578564
84 100 1.5868653705928246
94 100 -0.07136270601070749
97 100 0.880646108465527
100 100 1.6189273030524878
107 100 1.2095711394513569
135 100 1.0272495826574022
152 100 0.5164239588914117
153 100 1.7203967632173476
102 101 6.168913139160062
103 101 4.782618778040171
104 101 6.168913139160062
81 102 5.070300850491952
104 102 6.168913139160062
80 103 4.782618778040171
81 103 2.9908593088121163
82 103 -0.614034489228727
102 103 4.782618778040171
103 103 4.49493670558839
104 103 4.782618778040171
81 104 5.070300850491952
82 104 -0.3263524167769461
82 105 -0.3263524167769461
98 105 3.2244741599936217
100 105 1.0272495826574022
103 106 5.475765958600117
106 106 5.070300850491952
42 107 4.964940334834126
68 107 5.6580875153940715
107 107 5.147261891628081
99 108 4.916150170664694
109 108 6.168913139160062
83 109 0.9649064520832669
99 109 4.916150170664694
82 110 -0.3263524167769461
98 110 3.2244741599936217
105 110 6.168913139160062
101 111 6.168913139160062
103 111 4.782618778040171
113 111 6.168913139160062
101 112 6.168913139160062
111 112 6.168913139160062
113 112 6.168913139160062
101 113 6.168913139160062
102 113 6.168913139160062
103 113 4.782618778040171
114 114 4.782618778040171
115 114 6.168913139160062
118 114 6.168913139160062
119 114 4.782618778040171
97 115 2.384723505241801
118 115 6.168913139160062
119 115 5.475765958600117
117 116 6.168913139160062
127 116 5.070300850491952
129 116 6.168913139160062
81 117 4.377153669932007
82 117 -0.3263524167769461
119 117 5.475765958600117
97 118 2.384723505241801
100 118 1.0272495826574022
119 118 5.475765958600117
81 119 3.6840064893720617
82 119 -1.0194995973368914
97 119 1.6915763246818556
100 119 1.4327146907655668
82 120 -0.3263524167769461
83 120 1.658053632643212
132 121 4.5594752267259615
172 122 6.168913139160062
176 122 6.168913139160062
183 122 6.168913139160062
79 123 5.763448031051897
82 123 -1.4249647054450558
123 123 5.070300850491952
124 123 6.168913139160062
79 124 6.168913139160062
82 124 0.3667947637829992
81 125 5.070300850491952
93 125 6.168913139160062
82 126 0.3667947637829992
136 126 6.168913139160062
116 127 5.763448031051897
117 127 5.070300850491952
119 127 4.377153669932007
127 127 5.070300850491952
129 127 5.763448031051897
127 128 5.475765958600117
128 128 4.782618778040171
141 128 6.168913139160062
81 129 4.377153669932007
117 129 6.168913139160062
119 129 5.475765958600117
158 130 6.168913139160062
159 130 6.168913139160062
130 131 6.168913139160062
159 131 5.475765958600117
161 131 6.168913139160062
66 132 3.8663280461660166
132 132 4.0109092749771245
133 132 3.1125562437896366
152 132 3.2377193867436427
133 133 3.7213622759158307
140 133 3.335699795103846
143 133 4.251990526978001
149 133 3.1533782383098914
155 133 4.434312083771956
180 133 4.251990526978001
182 133 2.6425526145439004
190 133 2.2370875064357363
191 133 3.335699795103846
122 134 6.168913139160062
137 134 6.168913139160062
172 134 6.168913139160062
121 135 4.782618778040171
132 135 2.767715757497907
135 135 4.49493670558839
138 135 5.475765958600117
153 135 4.782618778040171
181 135 5.475765958600117
199 135 4.782618778040171
82 136 0.7722598718911635
122 137 6.168913139160062
172 137 6.168913139160062
176 137 6.168913139160062
181 138 6.168913139160062
199 138 6.168913139160062
201 138 6.168913139160062
123 139 5.475765958600117
139 139 4.782618778040171
142 139 6.168913139160062
139 140 5.475765958600117
140 140 4.782618778040171
182 140 5.881231066708281
116 141 6.168913139160062
127 141 5.763448031051897
123 142 6.168913139160062
133 143 3.335699795103846
140 143 5.475765958600117
143 143 4.782618778040171
182 143 4.782618778040171
128 144 5.986591582366107
141 144 5.070300850491952
144 144 5.070300850491952
131 145 6.168913139160062
146 145 6.168913139160062
147 145 6.168913139160062
131 146 6.168913139160062
147 146 6.168913139160062
161 146 6.168913139160062
130 147 6.168913139160062
131 147 6.168913139160062
161 147 6.168913139160062
145 148 6.168913139160062
146 148 6.168913139160062
147 148 5.475765958600117
148 148 4.782618778040171
145 149 4.377153669932007
148 149 5.070300850491952
149 149 4.194832113138053
189 149 5.070300850491952
190 149 4.887979293697998
200 149 4.377153669932007
82 150 0.6291590282504903
83 150 -1.3376786409107788
97 150 1.180750700915865
82 151 -0.3263524167769461
83 151 1.658053632643212
66 152 4.5594752267259615
67 152 3.866328046166016
97 152 1.468432773367646
98 152 2.713648536227631
100 152 0.11095885078324713
132 152 3.2377193867436427
152 152 2.9500373142918614
135 153 5.475765958600117
138 153 6.168913139160062
144 154 5.986591582366107
154 154 4.782618778040171
149 155 5.070300850491952
190 155 5.070300850491952
114 156 4.782618778040171
156 156 4.782618778040171
160 156 6.168913139160062
156 157 6.168913139160062
160 157 5.475765958600117
156 158 5.475765958600117
157 158 6.168913139160062
159 158 5.475765958600117
156 159 5.475765958600117
157 159 6.168913139160062
158 159 5.475765958600117
159 159 4.782618778040171
114 160 6.168913139160062
115 160 5.475765958600117
160 160 4.782618778040171
130 161 6.168913139160062
158 161 6.168913139160062
159 161 5.475765958600117
90 162 6.168913139160062
92 162 5.763448031051897
100 162 -0.07136270601070749
162 162 5.070300850491952
82 163 0.3667947637829992
91 163 6.168913139160062
91 164 6.168913139160062
163 164 6.168913139160062
165 164 6.168913139160062
82 165 -0.3263524167769461
91 165 6.168913139160062
163 165 6.168913139160062
164 166 5.763448031051897
165 166 5.070300850491952
166 166 5.070300850491952
168 166 6.168913139160062
166 167 5.070300850491952
202 167 6.168913139160062
163 168 6.168913139160062
164 168 6.168913139160062
165 168 6.168913139160062
162 169 6.168913139160062
167 170 6.168913139160062
171 170 6.168913139160062
202 170 5.475765958600117
167 171 6.168913139160062
202 171 6.168913139160062
176 172 6.168913139160062
177 172 6.168913139160062
183 172 6.168913139160062
81 173 4.377153669932007
93 173 6.168913139160062
125 173 6.168913139160062
93 174 6.168913139160062
125 174 6.168913139160062
173 174 6.168913139160062
125 175 5.070300850491952
173 175 5.763448031051897
174 175 6.168913139160062
175 175 5.070300850491952
177 176 6.168913139160062
178 176 6.168913139160062
183 176 6.168913139160062
178 177 6.168913139160062
179 177 6.168913139160062
175 178 5.070300850491952
179 178 6.168913139160062
175 179 5.986591582366107
179 179 4.782618778040171
180 180 4.782618778040171
185 180 6.168913139160062
191 180 6.168913139160062
208 180 5.475765958600117
192 181 6.168913139160062
199 181 6.168913139160062
201 181 6.168913139160062
139 182 5.881231066708281
140 182 4.782618778040171
142 182 5.475765958600117
182 182 4.782618778040171
177 183 6.168913139160062
178 183 6.168913139160062
179 183 5.475765958600117
167 184 6.168913139160062
170 184 6.168913139160062
171 184 6.168913139160062
208 185 6.168913139160062
209 185 6.168913139160062
211 185 6.168913139160062
144 186 5.070300850491952
154 186 6.168913139160062
154 187 6.168913139160062
186 187 6.168913139160062
154 188 5.475765958600117
186 188 6.168913139160062
187 188 6.168913139160062
187 189 6.168913139160062
188 189 6.168913139160062
200 189 6.168913139160062
148 190 4.377153669932007
149 190 4.664835742383788
188 190 5.070300850491952
189 190 5.070300850491952
190 190 3.971688561823843
200 190 5.070300850491952
185 191 6.168913139160062
208 191 6.168913139160062
209 191 6.168913139160062
193 192 6.168913139160062
194 192 5.763448031051897
194 193 6.168913139160062
194 194 5.070300850491952
195 194 5.070300850491952
196 194 5.763448031051897
197 194 6.168913139160062
170 195 6.168913139160062
184 195 6.168913139160062
198 195 6.168913139160062
184 196 6.168913139160062
195 196 6.168913139160062
198 196 6.168913139160062
195 197 6.168913139160062
196 197 6.168913139160062
198 197 6.168913139160062
170 198 6.168913139160062
171 198 6.168913139160062
184 198 6.168913139160062
192 199 6.168913139160062
193 199 6.168913139160062
201 199 6.168913139160062
186 200 6.168913139160062
187 200 6.168913139160062
188 200 6.168913139160062
192 201 6.168913139160062
193 201 6.168913139160062
194 201 5.070300850491952
166 202 5.986591582366107
202 202 4.782618778040171
162 203 5.070300850491952
169 203 6.168913139160062
205 203 6.168913139160062
169 204 6.168913139160062
203 204 6.168913139160062
205 204 6.168913139160062
162 205 5.763448031051897
169 205 6.168913139160062
207 206 6.168913139160062
210 206 6.168913139160062
203 207 5.475765958600117
204 207 6.168913139160062
207 207 4.782618778040171
210 207 6.168913139160062
206 208 6.168913139160062
209 208 6.168913139160062
211 208 6.168913139160062
206 209 6.168913139160062
207 209 5.475765958600117
211 209 6.168913139160062
203 210 6.168913139160062
204 210 6.168913139160062
205 210 6.168913139160062
206 211 6.168913139160062
207 211 6.168913139160062
