0 0 2.369499681779359
1 0 1.1083684636134743
8 0 -0.5257620614109974
0 1 1.1083684636134743
1 1 3.6538997352179097
2 2 3.9415818076696905
7 2 2.283353731066158
2 3 4.046942323327516
3 3 2.725186483345197
4 3 3.1306515914533617
5 3 1.7443572303334711
2 4 2.1498223384416355
3 4 3.823798772013307
4 4 2.8429695190015805
5 4 3.06611307031579
3 5 1.7443572303334711
4 5 3.06611307031579
5 5 3.248434627109745
6 5 3.536116699561526
5 6 3.536116699561526
6 6 3.823798772013307
0 7 0.14328756756988723
7 7 2.8764174530691204
8 8 2.3074512826452187
9 9 2.4068347878371794
10 9 1.5493845559859578
3 10 3.312973148247316
4 10 3.0252910757955354
10 10 3.900759813149435
9 11 0.6739158186320576
11 11 3.1306515914533617
13 11 3.1306515914533617
11 12 2.4375044108934163
12 12 2.725186483345197
14 12 3.823798772013307
15 12 4.516945952573252
12 13 4.334624395779298
13 13 3.823798772013307
15 13 3.823798772013307
11 14 2.0320393027852517
12 14 2.725186483345197
14 14 2.725186483345197
16 14 4.111480844465087
17 14 2.725186483345197
14 15 4.516945952573252
16 15 3.823798772013307
11 16 1.3388921222253065
12 16 2.725186483345197
14 16 2.725186483345197
16 16 2.725186483345197
17 16 4.111480844465087
18 16 2.725186483345197
12 17 2.725186483345197
14 17 2.725186483345197
16 17 2.725186483345197
17 17 2.725186483345197
18 17 3.4183336639051425
19 17 3.823798772013307
14 18 2.725186483345197
16 18 3.4183336639051425
17 18 3.4183336639051425
18 18 2.725186483345197
19 18 3.4183336639051425
22 18 3.823798772013307
17 19 2.725186483345197
18 19 3.4183336639051425
19 19 2.725186483345197
21 19 3.536116699561526
22 19 4.516945952573252
18 20 4.229263880121471
19 20 3.823798772013307
20 20 3.536116699561526
19 21 2.4375044108934163
20 21 4.452407431435681
21 21 3.9415818076696905
21 22 4.634728988229636
11 23 0.5156918134171636
23 23 2.2574408620705575
24 24 2.3048179697344584
25 24 1.6643145226599347
23 25 1.614304102085273
25 25 3.9415818076696905
27 26 3.248434627109745
24 27 0.27802016154004416
27 27 3.1149032344852223
26 28 4.922411060681417
27 28 2.8429695190015805
26 29 4.922411060681417
27 29 1.45667515788169
28 29 4.922411060681417
29 29 3.536116699561526
28 30 4.229263880121471
29 30 4.922411060681417
30 30 3.536116699561526
29 31 4.229263880121471
30 31 4.922411060681417
30 32 4.922411060681417
31 32 4.922411060681417
30 33 3.536116699561526
31 33 4.922411060681417
32 33 4.922411060681417
33 33 3.536116699561526
34 34 3.823798772013307
35 34 4.229263880121471
37 34 3.1306515914533617
33 35 4.634728988229636
35 35 3.536116699561526
36 35 4.922411060681417
32 36 4.922411060681417
33 36 4.922411060681417
34 37 3.823798772013307
35 37 3.1306515914533617
36 37 3.1306515914533617
37 37 3.536116699561526
38 38 3.422457381089005
39 38 3.623128076551156
40 38 2.0136901641170555
40 39 4.411585436915426
40 40 3.900759813149435
41 40 4.411585436915426
42 40 3.7184382563554808
42 41 4.922411060681417
43 41 4.922411060681417
42 42 3.536116699561526
43 42 4.922411060681417
44 42 4.922411060681417
45 42 4.229263880121471
44 43 4.922411060681417
45 43 4.922411060681417
46 43 4.922411060681417
45 44 4.922411060681417
46 44 4.922411060681417
47 44 4.922411060681417
46 45 4.922411060681417
47 45 4.922411060681417
48 45 4.922411060681417
47 46 4.922411060681417
48 46 4.922411060681417
50 46 4.229263880121471
48 47 4.922411060681417
50 47 4.922411060681417
50 48 4.922411060681417
57 48 3.536116699561526
51 49 4.922411060681417
52 49 4.922411060681417
58 49 3.823798772013307
50 50 3.536116699561526
57 50 4.452407431435681
58 51 4.922411060681417
51 52 4.922411060681417
58 52 4.516945952573252
49 53 4.922411060681417
51 53 4.922411060681417
52 53 4.922411060681417
49 54 4.922411060681417
52 54 4.229263880121471
53 54 4.922411060681417
54 54 3.536116699561526
53 55 4.922411060681417
54 55 4.922411060681417
54 56 4.634728988229636
55 56 4.922411060681417
56 56 3.536116699561526
55 57 3.536116699561526
56 57 4.452407431435681
57 57 3.9415818076696905
37 58 3.823798772013307
58 58 3.823798772013307
38 59 0.6027031904067935
59 59 2.3074512826452187
