0 0 0.2445058358020364
1 0 -2.6047078496006213
3 0 -0.11980119981262065
4 0 -3.0101729577087855
7 0 0.02329964382805264
8 0 -0.4382549309311551
9 0 -2.7790612367453984
0 1 0.10334235150158934
7 1 1.0369187196627696
8 1 1.203972804325936
9 1 -0.3101549283038396
7 2 2.828678188890825
8 2 2.995732273553991
9 2 1.4816045409242156
0 3 -0.11980119981262065
1 3 2.908720896564361
0 4 -0.3711156280935267
1 4 2.908720896564361
7 4 1.3246007921145506
8 4 1.4916548767777167
0 5 -0.11980119981262065
1 5 2.908720896564361
2 6 5.393627546352362
7 6 2.828678188890825
8 6 2.995732273553991
0 7 -2.6847505572741572
1 7 1.442383827770934
3 7 2.828678188890825
4 7 0.6314536115546054
8 7 2.828678188890825
9 7 1.9123874570166697
0 8 -3.2108436531709366
1 8 0.5108256237659906
4 8 0.7985076962177714
9 8 2.4849066497880004
0 9 -3.338677024680821
1 9 1.4816045409242156
4 9 2.174751721484161
7 9 -0.3901976359773759
9 9 1.6126328033306196
10 9 -0.5978370007556204
11 9 1.88706964903238
12 9 0.09531017980432493
13 9 2.511223958105374
14 9 1.4816045409242156
15 9 2.056968685827777
16 9 0.0152674721307886
0 10 -2.1992427414924567
1 10 1.5224265354444706
4 10 1.8101086078962514
9 10 2.174751721484161
11 10 2.6210388241125804
13 10 1.0116009116784797
9 11 0.7884573603642703
10 11 2.6210388241125804
13 11 2.3978952727983702
14 11 4.700480365792417
15 11 2.5032557884561966
16 11 1.442383827770934
0 12 -2.892389922052402
1 12 1.927891643552635
4 12 1.8101086078962514
5 12 3.3141860046725258
9 12 1.704748092238425
10 12 3.180654612048003
9 13 -0.8209805520698302
10 13 2.1102132003465894
11 13 3.0910424533583156
12 13 1.704748092238425
14 13 3.0910424533583156
15 13 3.0910424533583156
16 13 2.3178525651248343
15 14 3.196402969016142
16 14 2.828678188890825
9 15 -0.02247285585205863
10 15 1.8101086078962514
12 15 1.8101086078962514
16 15 2.982828868718083
1 16 -0.3493756414571209
2 16 2.828678188890825
4 16 0.6314536115546054
5 16 2.828678188890825
6 16 3.234143296998989
7 16 -0.4294183491306574
9 16 -0.6778797084291569
10 16 2.358674559645089
12 16 2.946461224547208
16 16 2.460953408765507
