0 0 0.4236766924118274
6 0 0.3868746838023647
9 0 -0.1261463305270616
10 0 -2.5575642953640756
0 1 0.3691751067029638
6 1 1.0072625100798818
9 1 0.873731117455359
0 2 0.48695814235934737
0 3 -0.20618903820059792
1 3 2.9531726591351948
6 3 2.1058747987479913
0 4 -0.3239720738569815
1 4 2.7708511023412403
3 4 2.26002547857525
7 4 2.9531726591351948
9 4 0.873731117455359
10 4 -0.9386476389754317
0 5 -0.6116541463087622
1 5 2.26002547857525
2 5 4.051784947803305
3 5 3.3586377672433594
8 5 4.051784947803305
9 6 2.665490586683414
10 6 1.5462590108125687
0 7 -1.3048013268687075
1 7 2.26002547857525
3 7 3.3586377672433594
4 7 2.26002547857525
9 7 1.9723434061234688
10 7 0.159964649692678
0 8 -0.6116541463087622
1 8 2.9531726591351948
3 8 4.051784947803305
4 9 0.873731117455359
7 9 1.9723434061234688
10 9 1.8647127419311034
0 10 -3.1171800832994982
1 10 1.0072625100798815
3 10 0.159964649692678
4 10 1.700409690639827
7 10 1.2585769383607879
9 10 -1.2263297114272127
10 10 1.3557406868144355
13 10 1.951724118920733
14 10 1.5462590108125687
15 10 -0.7224245305057956
1 11 1.5668782980153044
4 11 1.5668782980153044
10 11 1.7694025621267784
4 12 1.5668782980153044
10 12 1.4127276181880462
11 12 3.3586377672433594
14 13 2.9531726591351948
15 13 2.0707834789367214
5 14 2.26002547857525
15 14 2.4190901732049372
0 15 -3.9789499762952363
2 15 2.0707834789367214
3 15 0.6844891178168306
5 15 2.293927030250931
8 15 2.0707834789367214
10 15 -1.1278896386139599
11 15 2.0707834789367214
12 15 2.4762485870448856
15 15 1.9615841869717292
