0 0 0.04430119984235298
5 0 0.056647035664652214
6 0 -0.3488180724435122
7 0 -2.2947282214988256
0 1 0.056647035664652214
0 2 0.056647035664652214
0 3 -0.3488180724435122
1 3 4.74493212836325
0 4 -0.3488180724435122
2 4 4.74493212836325
6 5 4.051784947803305
7 5 3.492169159867882
7 6 3.8976342679760463
0 7 -2.987875402058771
1 7 3.492169159867882
3 7 3.8976342679760463
7 7 3.050336407588843
8 7 3.8976342679760463
9 7 3.492169159867882
10 7 2.1058747987479913
9 8 4.74493212836325
10 8 4.74493212836325
4 9 4.74493212836325
10 9 4.74493212836325
0 10 -1.735112433563403
2 10 4.74493212836325
4 10 4.74493212836325
10 10 3.3586377672433594
