27 0 6.168913139160062
90 0 4.5594752267259615
26 1 6.168913139160062
28 1 6.168913139160062
3 2 6.168913139160062
31 2 6.168913139160062
91 2 5.070300850491952
8 3 -0.5342749740808007
31 3 6.168913139160062
91 3 5.070300850491952
6 4 5.070300850491952
8 4 0.4465542789309257
4 5 4.154010118617797
5 5 4.336331675411752
8 5 -1.045100597846791
58 5 4.048649602959971
61 5 5.6580875153940715
8 6 0.5643373145873092
7 7 4.048649602959971
8 7 0.05351169082131849
63 7 4.5594752267259615
65 7 3.866328046166016
86 7 4.5594752267259615
0 8 0.5667943182803612
5 8 -1.042643594153739
7 8 -1.042643594153739
8 8 0.5444608838297136
9 8 0.5667943182803612
13 8 -0.38871712674707526
27 8 -0.12635286227958412
63 8 -0.5318179703877486
65 8 -0.5318179703877486
5 9 5.6580875153940715
8 10 0.5643373145873092
11 11 4.782618778040171
71 11 5.986591582366107
7 12 4.5594752267259615
8 12 0.1588722064791446
11 13 3.827107333012735
13 13 3.523921074024989
14 13 4.009428889806689
15 13 3.6039637816985253
16 13 4.009428889806689
17 13 3.6039637816985253
18 13 2.91081660113858
20 13 3.6039637816985253
24 13 4.009428889806689
71 13 1.8122043124704703
76 13 2.2176694205786345
92 13 2.91081660113858
17 14 6.168913139160062
18 14 6.168913139160062
21 14 6.168913139160062
15 15 5.070300850491952
19 15 5.986591582366107
74 15 5.070300850491952
20 16 6.168913139160062
76 16 6.168913139160062
18 17 6.168913139160062
21 17 6.168913139160062
78 17 6.168913139160062
21 18 6.168913139160062
78 18 6.168913139160062
79 18 6.168913139160062
19 19 4.782618778040171
73 19 5.881231066708281
74 19 6.168913139160062
76 20 6.168913139160062
80 20 6.168913139160062
78 21 6.168913139160062
79 21 6.168913139160062
81 21 4.5594752267259615
4 22 5.070300850491952
6 22 6.168913139160062
8 22 -1.227422154640746
22 22 4.782618778040171
23 23 5.070300850491952
83 23 4.377153669932007
142 23 5.070300850491952
144 23 4.782618778040171
92 24 6.168913139160062
2 25 6.168913139160062
3 25 6.168913139160062
25 25 4.782618778040171
91 25 4.377153669932007
26 26 4.782618778040171
28 26 6.168913139160062
29 26 4.964940334834126
27 27 4.782618778040171
90 27 5.475765958600117
29 28 5.6580875153940715
2 29 4.5594752267259615
25 29 5.475765958600117
29 29 5.147261891628081
8 30 0.5643373145873092
8 31 0.5643373145873092
36 32 6.168913139160062
37 32 6.168913139160062
30 33 6.168913139160062
89 33 6.168913139160062
94 33 6.168913139160062
33 34 6.168913139160062
34 34 5.070300850491952
89 34 5.763448031051897
94 34 5.070300850491952
32 35 6.168913139160062
36 35 5.475765958600117
37 35 6.168913139160062
34 36 5.763448031051897
36 36 4.782618778040171
37 36 5.475765958600117
34 37 5.763448031051897
36 37 5.475765958600117
38 38 4.782618778040171
39 38 5.881231066708281
40 38 6.168913139160062
39 39 4.782618778040171
41 39 6.168913139160062
42 39 1.1582778450638065
39 40 6.168913139160062
41 40 5.475765958600117
41 41 4.782618778040171
42 41 2.767715757497907
42 42 2.9230086419039423
43 42 2.0337465824177063
43 43 5.147261891628081
44 43 5.6580875153940715
46 43 4.5594752267259615
46 44 6.168913139160062
45 45 5.147261891628081
50 45 4.964940334834126
51 45 5.6580875153940715
45 46 5.252622407285907
46 46 5.070300850491952
38 47 5.986591582366107
40 47 5.070300850491952
47 47 5.070300850491952
22 48 4.377153669932007
48 48 5.070300850491952
84 48 5.986591582366107
32 49 5.475765958600117
35 49 6.168913139160062
49 49 4.782618778040171
56 49 6.168913139160062
49 50 6.168913139160062
50 50 4.782618778040171
56 50 5.475765958600117
49 51 5.475765958600117
50 51 6.168913139160062
48 52 6.168913139160062
48 53 5.763448031051897
52 53 6.168913139160062
48 54 4.377153669932007
52 54 5.475765958600117
53 54 5.475765958600117
54 54 4.782618778040171
55 54 5.475765958600117
52 55 5.475765958600117
53 55 6.168913139160062
54 55 5.475765958600117
55 55 4.782618778040171
32 56 6.168913139160062
35 56 6.168913139160062
36 56 5.475765958600117
4 57 3.971688561823843
5 57 5.070300850491952
57 57 5.070300850491952
57 58 5.252622407285907
58 58 5.147261891628081
8 59 0.5643373145873092
4 60 5.070300850491952
8 60 -0.5342749740808005
60 60 5.070300850491952
58 61 5.6580875153940715
60 62 5.475765958600117
62 62 5.005762329354381
138 62 4.782618778040171
85 63 6.168913139160062
86 63 6.168913139160062
143 63 5.475765958600117
7 64 4.964940334834126
64 64 4.782618778040171
65 64 5.475765958600117
7 65 4.964940334834126
63 65 5.475765958600117
85 65 5.475765958600117
86 65 5.475765958600117
62 66 4.089471597480226
66 66 5.188083886148336
68 66 4.782618778040171
138 66 4.782618778040171
64 67 6.168913139160062
65 67 5.475765958600117
7 68 4.154010118617797
8 68 -1.6328872627489102
12 68 5.763448031051897
62 68 4.377153669932007
68 68 3.971688561823843
138 68 5.070300850491952
12 69 6.168913139160062
68 69 5.763448031051897
66 70 5.881231066708281
66 71 4.782618778040171
70 71 6.168913139160062
71 71 5.070300850491952
64 72 5.475765958600117
67 72 6.168913139160062
72 72 5.070300850491952
72 73 5.986591582366107
73 73 4.782618778040171
72 74 5.070300850491952
73 74 6.168913139160062
68 75 4.377153669932007
69 75 5.475765958600117
75 75 4.782618778040171
77 75 5.475765958600117
87 75 5.475765958600117
75 76 5.475765958600117
76 76 4.782618778040171
80 76 6.168913139160062
87 76 4.782618778040171
68 77 5.763448031051897
69 77 6.168913139160062
79 78 6.168913139160062
81 78 5.252622407285907
81 79 5.6580875153940715
75 80 5.475765958600117
87 80 6.168913139160062
81 81 5.147261891628081
82 81 5.6580875153940715
140 81 4.5594752267259615
141 81 5.252622407285907
139 82 6.168913139160062
140 82 6.168913139160062
141 82 6.168913139160062
8 83 0.1588722064791446
59 83 6.168913139160062
4 84 4.377153669932007
22 84 6.168913139160062
84 84 4.782618778040171
143 85 6.168913139160062
144 85 5.475765958600117
85 86 6.168913139160062
143 86 6.168913139160062
69 87 5.475765958600117
75 87 5.475765958600117
77 87 6.168913139160062
87 87 4.782618778040171
10 88 6.168913139160062
91 88 5.763448031051897
8 89 -0.5342749740808007
30 89 6.168913139160062
94 89 6.168913139160062
1 90 5.252622407285907
26 90 3.866328046166016
90 90 5.147261891628081
147 90 5.6580875153940715
8 91 -0.023449350314809794
10 91 5.763448031051897
31 91 5.070300850491952
91 91 3.971688561823843
92 92 5.070300850491952
93 92 6.168913139160062
109 92 5.475765958600117
54 93 5.475765958600117
109 93 6.168913139160062
8 94 0.1588722064791446
30 94 6.168913139160062
101 95 5.6580875153940715
47 96 5.763448031051897
105 96 6.168913139160062
95 97 6.168913139160062
97 97 4.782618778040171
101 97 4.964940334834126
95 98 5.070300850491952
97 98 5.986591582366107
98 98 5.070300850491952
98 99 5.252622407285907
99 99 5.147261891628081
99 100 2.0745685769379616
100 100 2.9626884318454203
101 101 5.147261891628081
102 101 5.6580875153940715
103 101 3.866328046166016
104 101 5.252622407285907
103 102 6.168913139160062
104 102 6.168913139160062
103 103 4.782618778040171
106 103 5.881231066708281
108 103 6.168913139160062
103 104 6.168913139160062
108 104 6.168913139160062
47 105 6.168913139160062
96 106 6.168913139160062
105 106 5.475765958600117
106 106 4.782618778040171
107 106 6.168913139160062
47 107 5.070300850491952
96 107 6.168913139160062
105 107 6.168913139160062
106 108 6.168913139160062
107 108 6.168913139160062
54 109 5.475765958600117
55 109 5.881231066708281
109 109 4.782618778040171
110 110 2.975431665580563
111 110 1.9062332621187468
110 111 1.2416594540028574
111 111 4.377153669932007
131 111 3.8663280461660166
112 112 5.070300850491952
115 112 6.168913139160062
116 112 5.763448031051897
117 112 0.8507931453158456
133 113 6.168913139160062
114 114 4.782618778040171
123 114 5.188083886148336
124 114 5.070300850491952
100 115 1.8922470201440067
116 115 6.168913139160062
117 115 1.9494054339839553
100 116 2.585394200703952
117 116 1.9494054339839553
100 117 -1.2286483963639903
114 117 2.8656961658581106
117 117 2.883189323305628
119 117 2.642552614543901
123 117 0.5631110728640647
117 118 2.6425526145439004
119 118 3.771017866361692
117 119 2.770385986053786
119 119 3.452564135243157
112 120 5.986591582366107
120 120 4.782618778040171
113 121 5.475765958600117
121 121 4.782618778040171
122 121 6.168913139160062
113 122 6.168913139160062
122 122 4.782618778040171
133 122 5.475765958600117
123 123 5.005762329354381
124 123 5.475765958600117
125 123 4.089471597480226
121 124 4.377153669932007
123 124 4.782618778040171
124 124 3.971688561823843
125 124 5.763448031051897
121 125 6.168913139160062
122 125 4.782618778040171
125 125 4.782618778040171
126 126 4.782618778040171
127 126 6.168913139160062
134 126 3.866328046166016
127 127 4.782618778040171
134 127 5.475765958600117
126 128 6.168913139160062
127 128 5.475765958600117
130 129 5.6580875153940715
126 130 3.866328046166016
128 130 5.252622407285907
130 130 5.147261891628081
132 130 5.6580875153940715
129 131 5.6580875153940715
130 131 4.048649602959971
131 131 5.147261891628081
126 132 6.168913139160062
128 132 6.168913139160062
133 133 5.070300850491952
137 133 5.763448031051897
118 134 5.252622407285907
119 134 2.1615799539275913
134 134 5.147261891628081
135 134 5.6580875153940715
117 135 1.9494054339839553
118 135 6.168913139160062
119 135 3.771017866361692
112 136 5.070300850491952
120 136 6.168913139160062
120 137 5.475765958600117
136 137 6.168913139160062
137 137 5.070300850491952
62 138 5.881231066708281
148 139 6.168913139160062
149 139 6.168913139160062
150 139 6.168913139160062
139 140 6.168913139160062
149 140 6.168913139160062
150 140 6.168913139160062
139 141 6.168913139160062
140 141 6.168913139160062
150 141 6.168913139160062
8 142 -0.5342749740808007
59 142 6.168913139160062
83 142 6.168913139160062
23 143 4.782618778040171
143 143 4.782618778040171
144 143 5.475765958600117
23 144 4.782618778040171
59 144 5.475765958600117
83 144 5.475765958600117
142 144 5.475765958600117
88 145 5.321615278772859
91 145 4.2230029901047486
145 145 4.985143042151646
145 146 5.321615278772859
1 147 6.168913139160062
26 147 6.168913139160062
145 148 4.916150170664694
146 148 6.168913139160062
145 149 4.2230029901047486
146 149 6.168913139160062
148 149 6.168913139160062
146 150 6.168913139160062
148 150 6.168913139160062
149 150 6.168913139160062
