13 0 4.869630155029801
1 1 4.782618778040171
6 1 3.866328046166016
2 2 3.066969648067932
3 2 -0.7281181764590992
7 2 3.2421737370930224
10 2 0.5341235359908124
11 2 -2.084893042741
3 3 2.891768406167886
4 3 2.1986212256079405
8 3 2.6040863337161047
11 3 -1.5190076417919818
3 4 1.2823304937337854
4 4 4.336331675411752
9 4 4.154010118617797
11 4 -1.4607387336680062
5 5 4.985143042151646
13 5 3.6168671865344333
6 6 3.8742962158151935
11 6 -1.9715643574339967
12 6 4.048649602959971
2 7 3.2421737370930224
3 8 2.6040863337161047
8 8 4.089471597480226
3 9 0.0013966482717210399
4 9 3.971688561823843
9 9 4.818986422211046
2 10 2.4118254350195922
10 10 3.840352559762756
11 10 -2.4162501786954427
0 11 0.14708105543568395
1 11 -0.035240501358270795
2 11 -3.0309727749122617
3 11 -1.5545273167980735
4 11 -2.5609691456665264
6 11 -2.224496909045313
10 11 -0.5240872184054859
11 11 0.1274565499266985
13 11 -2.2508142173626866
11 12 0.1486991787660943
5 13 3.6168671865344333
11 13 -1.556048913472331
13 13 4.417645031286744
