1 0 6.168913139160062
2 0 6.168913139160062
1 1 4.782618778040171
141 1 5.475765958600117
142 1 6.168913139160062
1 2 6.168913139160062
142 2 5.475765958600117
4 3 5.321615278772859
4 4 4.985143042151646
5 4 5.321615278772859
65 4 4.628468098212913
63 5 5.475765958600117
65 5 6.168913139160062
6 6 4.782618778040171
160 6 3.6039637816985253
186 6 0.747395338825868
8 7 6.168913139160062
69 7 6.168913139160062
8 8 4.782618778040171
68 8 5.881231066708281
69 8 6.168913139160062
10 9 6.168913139160062
66 9 6.168913139160062
10 10 4.782618778040171
66 10 6.168913139160062
71 10 5.881231066708281
13 11 6.168913139160062
14 11 5.475765958600117
11 12 6.168913139160062
13 12 6.168913139160062
0 13 5.475765958600117
13 13 4.782618778040171
14 13 6.168913139160062
0 14 6.168913139160062
1 14 4.782618778040171
2 14 6.168913139160062
14 14 4.782618778040171
15 15 5.070300850491952
16 15 5.252622407285907
16 16 5.147261891628081
75 16 4.964940334834126
18 17 6.168913139160062
19 17 6.168913139160062
25 17 6.168913139160062
25 18 6.168913139160062
26 18 6.168913139160062
79 18 5.070300850491952
18 19 6.168913139160062
25 19 6.168913139160062
26 19 6.168913139160062
77 20 5.475765958600117
78 20 6.168913139160062
20 21 5.881231066708281
21 21 5.188083886148336
77 21 3.396324416920281
78 21 5.475765958600117
15 22 2.7677157574979065
22 22 4.608265390895394
23 22 4.5594752267259615
24 22 3.866328046166016
23 23 5.070300850491952
36 23 6.168913139160062
58 23 5.763448031051897
98 23 4.377153669932007
15 24 5.986591582366107
24 24 4.782618778040171
26 25 6.168913139160062
73 25 5.475765958600117
79 25 5.070300850491952
73 26 6.168913139160062
79 26 5.070300850491952
28 27 6.168913139160062
29 27 5.763448031051897
29 28 5.763448031051897
83 28 6.168913139160062
29 29 3.971688561823843
38 29 4.377153669932007
72 29 4.782618778040171
83 29 5.763448031051897
163 29 1.669103468829797
170 29 1.2416594540028574
30 30 4.782618778040171
155 30 6.168913139160062
186 30 0.747395338825868
182 31 0.85652851540059
183 31 3.335699795103846
32 32 4.782618778040171
156 32 1.7994652866930405
182 32 0.5688464429488089
17 33 6.168913139160062
18 33 5.070300850491952
19 33 5.763448031051897
33 33 5.070300850491952
21 34 5.475765958600117
34 34 5.070300850491952
31 35 6.168913139160062
182 35 0.1633813348406447
183 35 3.335699795103846
58 36 6.168913139160062
98 36 6.168913139160062
37 37 6.168913139160062
27 38 5.475765958600117
28 38 5.475765958600117
29 38 4.377153669932007
163 38 2.0745685769379616
170 38 2.340271742670967
27 39 6.168913139160062
28 39 6.168913139160062
38 39 5.475765958600117
9 40 6.168913139160062
10 40 6.168913139160062
42 41 5.763448031051897
45 41 6.168913139160062
7 42 6.168913139160062
8 42 5.475765958600117
42 42 5.070300850491952
43 43 5.070300850491952
95 43 5.763448031051897
43 44 5.986591582366107
44 44 4.782618778040171
42 45 6.168913139160062
51 46 6.168913139160062
182 46 0.85652851540059
41 47 5.475765958600117
42 47 3.6840064893720617
45 47 5.475765958600117
47 47 4.089471597480226
48 47 4.782618778040171
49 47 5.475765958600117
9 48 5.763448031051897
10 48 4.377153669932007
40 48 5.763448031051897
48 48 5.070300850491952
49 48 5.070300850491952
40 49 6.168913139160062
48 49 5.763448031051897
53 50 5.475765958600117
182 50 0.85652851540059
182 51 1.2619936235087543
55 52 6.168913139160062
182 52 0.1633813348406447
183 52 3.335699795103846
54 53 5.475765958600117
182 53 1.0796720667147994
182 54 0.85652851540059
186 54 0.3419302307177037
182 55 0.1633813348406447
183 55 3.335699795103846
186 55 0.3419302307177037
43 56 3.971688561823843
44 56 5.763448031051897
56 56 5.070300850491952
57 56 5.070300850491952
44 57 5.475765958600117
56 57 5.763448031051897
98 58 6.168913139160062
103 58 6.168913139160062
163 59 2.767715757497907
164 59 2.1615799539275913
186 59 0.3419302307177037
60 60 5.070300850491952
61 60 4.782618778040171
106 60 5.070300850491952
107 60 4.377153669932007
59 61 5.475765958600117
106 61 5.475765958600117
107 61 5.475765958600117
109 61 5.475765958600117
164 61 1.468432773367646
186 61 -0.35121694984224167
6 62 6.168913139160062
64 62 6.168913139160062
63 63 4.782618778040171
112 63 6.168913139160062
113 63 6.168913139160062
151 63 4.782618778040171
6 64 6.168913139160062
160 64 3.6039637816985253
63 65 6.168913139160062
65 65 4.782618778040171
112 65 5.475765958600117
70 66 5.475765958600117
71 66 6.168913139160062
50 67 6.168913139160062
53 67 5.475765958600117
100 67 6.168913139160062
68 68 4.782618778040171
115 68 5.475765958600117
117 68 4.964940334834126
68 69 6.168913139160062
115 69 5.475765958600117
70 70 4.782618778040171
123 70 6.168913139160062
124 70 4.782618778040171
70 71 6.168913139160062
71 71 4.782618778040171
123 71 4.782618778040171
29 72 3.6840064893720617
72 72 4.089471597480226
82 72 5.475765958600117
84 72 5.475765958600117
127 72 5.293444401806163
73 73 4.782618778040171
79 73 5.763448031051897
129 73 4.377153669932007
80 74 6.168913139160062
81 74 6.168913139160062
74 75 5.881231066708281
75 75 5.188083886148336
80 75 5.475765958600117
81 75 4.089471597480226
76 76 5.070300850491952
77 76 5.293444401806162
86 76 5.070300850491952
30 77 4.089471597480226
76 77 5.293444401806163
77 77 4.089471597480226
86 77 5.475765958600117
87 77 5.475765958600117
76 78 5.070300850491952
77 78 5.475765958600117
73 79 5.070300850491952
79 79 4.664835742383788
129 79 5.581126474257943
81 80 6.168913139160062
132 80 6.168913139160062
81 81 4.782618778040171
130 81 5.475765958600117
131 81 6.168913139160062
132 81 6.168913139160062
29 82 5.070300850491952
38 82 5.475765958600117
163 82 2.767715757497907
72 83 5.475765958600117
127 83 5.070300850491952
29 84 5.070300850491952
38 84 5.475765958600117
82 84 6.168913139160062
32 85 5.475765958600117
88 85 6.168913139160062
89 85 6.168913139160062
30 86 6.168913139160062
87 86 6.168913139160062
30 87 6.168913139160062
155 87 6.168913139160062
32 88 6.168913139160062
156 88 1.7994652866930405
32 89 6.168913139160062
88 89 6.168913139160062
91 90 6.168913139160062
92 90 6.168913139160062
31 91 6.168913139160062
35 91 6.168913139160062
183 91 3.335699795103846
31 92 5.475765958600117
35 92 6.168913139160062
91 92 6.168913139160062
92 92 4.782618778040171
90 93 6.168913139160062
92 93 6.168913139160062
138 94 6.168913139160062
140 94 6.168913139160062
95 95 5.070300850491952
137 95 4.5594752267259615
139 95 6.168913139160062
52 96 6.168913139160062
55 96 6.168913139160062
183 96 3.335699795103846
53 97 5.475765958600117
54 97 6.168913139160062
182 97 0.1633813348406447
94 98 6.168913139160062
98 98 4.782618778040171
103 98 6.168913139160062
140 98 4.782618778040171
46 99 6.168913139160062
51 99 5.475765958600117
99 99 4.782618778040171
101 99 6.168913139160062
50 100 6.168913139160062
53 100 5.475765958600117
182 100 0.1633813348406447
46 101 6.168913139160062
51 101 6.168913139160062
182 101 0.1633813348406447
52 102 5.763448031051897
55 102 5.070300850491952
96 102 6.168913139160062
102 102 5.070300850491952
94 103 6.168913139160062
140 103 6.168913139160062
53 104 5.475765958600117
54 104 6.168913139160062
97 104 6.168913139160062
53 105 5.475765958600117
97 105 6.168913139160062
104 105 6.168913139160062
107 106 6.168913139160062
109 106 6.168913139160062
143 106 6.168913139160062
109 107 6.168913139160062
143 107 6.168913139160062
149 107 6.168913139160062
59 108 6.168913139160062
61 108 5.475765958600117
108 108 4.782618778040171
186 108 -0.35121694984224167
143 109 6.168913139160062
149 109 6.168913139160062
179 109 6.168913139160062
110 110 5.070300850491952
119 110 5.070300850491952
120 110 5.475765958600117
121 110 3.6840064893720617
11 111 6.168913139160062
12 111 6.168913139160062
116 111 6.168913139160062
113 112 6.168913139160062
151 112 6.168913139160062
114 113 4.782618778040171
151 113 6.168913139160062
6 114 4.089471597480226
62 114 5.881231066708281
64 114 5.475765958600117
114 114 5.188083886148336
50 115 5.475765958600117
67 115 5.475765958600117
100 115 5.475765958600117
117 115 4.964940334834126
11 116 6.168913139160062
12 116 6.168913139160062
13 116 5.475765958600117
67 117 5.252622407285907
100 117 4.5594752267259615
115 117 4.964940334834126
117 117 5.147261891628081
97 118 5.475765958600117
104 118 6.168913139160062
105 118 6.168913139160062
118 118 4.782618778040171
121 119 6.168913139160062
125 119 5.475765958600117
119 120 6.168913139160062
121 120 6.168913139160062
121 121 4.782618778040171
125 121 6.168913139160062
135 121 5.475765958600117
126 122 6.168913139160062
188 122 6.168913139160062
189 122 6.168913139160062
118 123 4.782618778040171
123 123 4.782618778040171
124 123 6.168913139160062
105 124 5.475765958600117
118 124 6.168913139160062
124 124 4.782618778040171
125 125 4.782618778040171
135 125 6.168913139160062
145 125 6.168913139160062
146 125 5.475765958600117
183 126 3.335699795103846
188 126 6.168913139160062
189 126 6.168913139160062
72 127 5.293444401806162
84 127 5.070300850491952
127 127 5.070300850491952
85 128 6.168913139160062
88 128 6.168913139160062
89 128 6.168913139160062
85 129 5.763448031051897
89 129 5.070300850491952
128 129 6.168913139160062
129 129 5.070300850491952
90 130 6.168913139160062
92 130 5.475765958600117
93 130 6.168913139160062
90 131 6.168913139160062
93 131 6.168913139160062
130 131 6.168913139160062
93 132 6.168913139160062
130 132 6.168913139160062
131 132 6.168913139160062
182 133 0.1633813348406447
187 133 3.4947644897335333
133 134 6.168913139160062
187 134 3.4947644897335333
145 135 6.168913139160062
146 135 6.168913139160062
147 135 6.168913139160062
133 136 6.168913139160062
134 136 6.168913139160062
136 136 4.782618778040171
187 136 2.108470128613643
99 137 5.475765958600117
101 137 4.5594752267259615
137 137 5.147261891628081
102 138 6.168913139160062
137 139 5.6580875153940715
102 140 5.475765958600117
138 140 6.168913139160062
140 140 4.782618778040171
122 141 6.168913139160062
126 141 6.168913139160062
189 141 6.168913139160062
122 142 6.168913139160062
126 142 5.475765958600117
141 142 6.168913139160062
142 142 4.782618778040171
149 143 6.168913139160062
179 143 6.168913139160062
190 143 4.782618778040171
134 144 5.475765958600117
136 144 6.168913139160062
144 144 4.782618778040171
144 145 5.475765958600117
146 145 6.168913139160062
147 145 6.168913139160062
144 146 6.168913139160062
147 146 6.168913139160062
136 147 5.475765958600117
144 147 6.168913139160062
61 148 5.475765958600117
108 148 6.168913139160062
179 149 6.168913139160062
190 149 5.475765958600117
108 150 6.168913139160062
148 150 6.168913139160062
114 151 5.698909509914326
151 151 4.782618778040171
3 152 6.168913139160062
4 152 4.916150170664694
3 153 6.168913139160062
4 153 4.2230029901047486
152 153 6.168913139160062
22 154 4.336331675411752
24 154 4.964940334834126
154 154 4.336331675411752
186 155 1.4405425193858132
33 156 2.492612467252986
156 156 2.594803408149533
160 156 0.33312821789961367
182 156 -0.25482279904494953
186 156 -4.027517621749318
153 157 4.089471597480226
157 157 4.900401813696555
158 157 5.188083886148336
159 157 4.782618778040171
152 158 6.168913139160062
153 158 6.168913139160062
159 158 6.168913139160062
3 159 6.168913139160062
152 159 6.168913139160062
153 159 6.168913139160062
34 160 4.29711096225847
156 160 -0.07233689020855091
160 160 3.9293861821331535
182 160 -1.0152736615010016
186 160 -0.025794549407613693
154 161 4.964940334834126
161 161 5.188083886148336
22 162 2.4800336850461258
154 162 3.866328046166016
161 162 5.188083886148336
162 162 4.49493670558839
163 163 3.004104535562137
164 163 2.521582687958998
169 163 3.173180865606071
170 163 0.03768664967692151
163 164 2.6105301739754947
164 164 2.924931393160785
37 165 5.070300850491952
165 165 5.070300850491952
165 166 2.256890133731916
166 166 3.173180865606071
167 166 2.256890133731916
168 166 0.8218056084425936
166 167 2.3258830052188677
167 167 3.663387202169326
168 167 2.787918464815426
170 167 -0.29878558694429136
166 168 1.291809237688329
167 168 2.787918464815426
168 168 3.375705129717545
170 168 2.1861210628437084
27 169 4.782618778040171
38 169 4.782618778040171
39 169 5.881231066708281
169 169 5.188083886148336
166 170 -0.8786040821972334
167 170 0.3943615936156539
168 170 2.340271742670967
170 170 3.2390181648942127
110 171 5.475765958600117
177 172 6.168913139160062
178 172 6.168913139160062
173 173 5.070300850491952
174 173 6.168913139160062
175 173 5.070300850491952
176 173 5.763448031051897
171 174 6.168913139160062
175 174 6.168913139160062
176 174 6.168913139160062
110 175 5.070300850491952
171 175 6.168913139160062
110 176 4.377153669932007
171 176 6.168913139160062
175 176 6.168913139160062
111 177 6.168913139160062
116 177 5.475765958600117
177 177 4.782618778040171
178 177 6.168913139160062
12 178 6.168913139160062
111 178 6.168913139160062
116 178 6.168913139160062
190 179 5.881231066708281
108 180 5.475765958600117
148 180 6.168913139160062
150 180 6.168913139160062
41 181 6.168913139160062
47 181 5.475765958600117
47 182 0.3857035308725391
48 182 -0.9360523091097803
156 182 -0.16383660507414205
160 182 -0.45647922884789394
181 182 1.2611722682264392
182 182 1.0506845298415473
183 182 -0.03159603488262798
186 182 -0.7015782986241218
187 182 -2.5115886698681993
47 183 3.048017722652065
157 183 3.048017722652065
172 183 4.434312083771956
177 183 3.7411649032120105
182 183 -0.18492535942757105
183 183 3.4469254302140704
186 183 -1.798135932778567
187 183 1.0670162537854817
173 184 6.168913139160062
173 185 5.070300850491952
184 185 6.168913139160062
185 185 5.070300850491952
56 186 0.6247127343283262
57 186 1.0301778424364907
60 186 -0.06843444623161911
160 186 -0.14847715390515542
162 186 0.7424957699847097
163 186 -3.06416671978561
164 186 -2.9771553427959803
182 186 -0.8322192354913942
185 186 1.0301778424364907
186 186 1.225431139768868
187 186 0.6332964780197178
60 187 1.7030050205054783
154 187 2.2907916854075974
162 187 2.513935236721807
182 187 -1.1244729534659934
183 187 2.1656285424535913
186 187 0.15268823107917515
187 187 3.0719076389135
182 188 0.85652851540059
183 188 3.335699795103846
182 189 0.1633813348406447
183 189 3.335699795103846
188 189 6.168913139160062
148 190 4.782618778040171
150 190 5.475765958600117
180 190 5.881231066708281
190 190 5.188083886148336
