12 0 5.475765958600117
15 0 5.475765958600117
34 0 5.475765958600117
98 0 5.070300850491952
105 0 5.475765958600117
0 1 5.475765958600117
12 1 6.168913139160062
15 1 6.168913139160062
16 2 6.168913139160062
19 2 6.168913139160062
20 2 6.168913139160062
4 3 5.881231066708281
2 4 5.881231066708281
4 4 5.188083886148336
19 4 5.475765958600117
20 4 4.782618778040171
5 5 4.334851290241318
6 5 3.6039637816985253
10 5 4.29711096225847
25 5 4.29711096225847
26 5 2.5053514930304157
43 5 2.91081660113858
5 6 3.3162817092467445
6 6 3.396324416920281
7 6 3.6840064893720617
10 6 4.782618778040171
11 6 4.782618778040171
26 6 3.2785413812638975
27 6 4.271793154274181
6 7 4.377153669932007
7 7 4.664835742383788
11 7 5.763448031051897
27 7 3.460862938057852
28 7 2.7677157574979065
29 7 3.971688561823843
3 8 6.168913139160062
4 8 5.475765958600117
3 9 5.070300850491952
4 9 3.6840064893720617
6 9 3.6840064893720617
7 9 5.357982922943734
8 9 5.070300850491952
9 9 3.971688561823843
6 10 4.782618778040171
26 10 3.971688561823843
27 10 4.5594752267259615
7 11 5.070300850491952
27 11 4.5594752267259615
28 11 3.866328046166016
34 12 6.168913139160062
48 12 4.089471597480226
0 13 5.475765958600117
14 13 6.168913139160062
98 13 5.070300850491952
0 14 5.475765958600117
98 14 5.763448031051897
12 15 6.168913139160062
34 15 6.168913139160062
48 15 3.396324416920281
17 16 4.782618778040171
18 16 5.475765958600117
17 17 3.396324416920281
18 17 4.49493670558839
37 17 5.070300850491952
38 17 4.782618778040171
39 17 5.188083886148336
17 18 4.49493670558839
18 18 5.188083886148336
38 18 4.782618778040171
39 18 4.782618778040171
16 19 6.168913139160062
17 19 4.782618778040171
20 19 6.168913139160062
16 20 6.168913139160062
17 20 4.782618778040171
18 20 4.782618778040171
17 21 5.293444401806162
21 21 5.070300850491952
39 21 4.377153669932007
22 22 4.782618778040171
46 22 4.6873085982358464
21 23 5.070300850491952
23 23 3.971688561823843
24 23 5.763448031051897
41 23 4.5594752267259615
21 24 6.168913139160062
43 25 6.168913139160062
44 25 -0.5786733876692537
5 26 3.6039637816985253
6 26 3.6840064893720617
25 26 3.971688561823843
26 26 3.971688561823843
27 26 3.055397829949688
28 26 1.669103468829797
43 26 3.971688561823843
23 27 3.460862938057852
27 27 3.643184494851807
28 27 4.336331675411752
29 27 4.154010118617797
31 27 5.252622407285907
7 28 2.7677157574979065
8 28 3.866328046166016
9 28 4.5594752267259615
22 28 4.782618778040171
23 28 3.460862938057852
28 28 3.509653102227284
29 28 4.154010118617797
30 28 4.5594752267259615
41 28 2.256890133731916
46 28 1.468432773367646
3 29 5.070300850491952
8 29 5.070300850491952
9 29 3.971688561823843
23 29 5.070300850491952
30 29 5.070300850491952
41 29 4.154010118617797
23 30 5.763448031051897
24 30 6.168913139160062
9 31 5.070300850491952
28 31 3.866328046166016
29 31 5.070300850491952
35 32 6.168913139160062
28 33 4.964940334834126
44 34 -0.5786733876692537
48 34 4.089471597480226
0 35 4.377153669932007
13 35 6.168913139160062
14 35 5.763448031051897
35 35 5.070300850491952
41 36 5.252622407285907
46 36 3.771017866361692
36 37 5.763448031051897
37 37 3.971688561823843
41 37 4.5594752267259615
42 37 5.070300850491952
45 37 -0.3892846636522064
46 37 2.672405577693582
37 38 5.070300850491952
42 38 6.168913139160062
46 38 3.771017866361692
36 39 5.475765958600117
37 39 5.475765958600117
38 39 5.475765958600117
42 39 5.475765958600117
45 40 0.7093276250159033
46 40 4.464165046921637
40 41 5.6580875153940715
41 41 4.336331675411752
44 41 -2.188111300103354
45 41 -0.2069631068582518
46 41 3.771017866361692
44 42 -0.5786733876692537
45 42 0.7093276250159033
46 42 3.771017866361692
43 43 4.782618778040171
44 43 0.33761734420490147
26 44 -0.2909913152174727
44 44 0.3933140747610118
45 44 -0.6537638390243236
47 44 -0.7609949444632081
48 44 -1.7418241974749344
49 44 0.39072716951885
50 44 -0.5786733876692537
59 44 -0.23383290137752413
60 44 -1.6201272624974148
62 44 -3.4118867317254695
27 45 0.7093276250159033
28 45 -1.5932574679781424
31 45 0.7093276250159033
33 45 1.4024748055758487
44 45 -0.6864007683373459
45 45 1.3500610628918084
46 45 0.5086569295537521
48 45 -1.3701139166639327
49 45 -0.30227328666257663
50 45 1.1147927331240677
59 45 -1.4307385384803675
60 45 0.5841644820618973
62 45 -2.1238857190403126
28 46 3.4143429224229593
29 46 2.672405577693582
33 46 3.771017866361692
44 46 -1.184809191239569
45 46 0.7093276250159033
46 46 3.3190327426186346
44 47 -0.42452270784199514
45 47 0.7093276250159031
47 47 3.2785413812638975
48 47 2.7031772363603355
32 48 4.089471597480226
35 48 2.2977121282521713
44 48 -1.5595026406809798
47 48 3.2140028601263264
48 48 3.7592299106096494
50 48 2.01003005580039
54 48 4.49493670558839
61 48 1.4504142678649676
62 48 2.3548705420921197
44 49 0.4246287211945313
45 49 -0.5899553591143577
45 50 1.268943412951326
48 50 3.396324416920281
50 50 3.396324416920281
45 51 -0.3892846636522064
47 51 4.887979293697998
51 51 5.070300850491952
56 52 5.475765958600117
48 53 2.7031772363603355
52 53 5.475765958600117
56 53 3.6840064893720617
57 53 5.475765958600117
67 53 5.475765958600117
32 54 6.168913139160062
35 54 5.763448031051897
51 55 5.070300850491952
55 55 4.782618778040171
56 55 4.782618778040171
51 56 4.664835742383788
55 56 5.293444401806162
56 56 4.782618778040171
52 57 6.168913139160062
56 57 5.070300850491952
44 58 0.11447379289069161
59 58 3.335699795103846
44 59 -0.1537901937039876
45 59 -0.17797556998499955
59 59 2.6997110283838492
60 59 2.448396600102943
62 59 1.1956336316075753
59 60 1.1956336316075753
60 60 3.63798066697678
61 60 1.3897896460485328
62 60 3.2750751732874113
63 60 2.448396600102943
65 60 4.028846975663791
44 61 -1.1382891756046762
47 61 2.4312435208766936
48 61 2.143561448424913
58 61 4.2230029901047486
59 61 2.776084007168423
61 61 4.0688523102774905
75 61 3.8175378819965844
76 61 3.5298558095448036
61 62 3.4692311877283686
62 62 3.335699795103846
63 62 3.4469254302140704
65 62 3.335699795103846
75 62 3.335699795103846
77 62 2.9302346869956817
80 62 3.335699795103846
63 63 3.680540281395576
64 63 3.5588433464180556
66 63 4.434312083771956
68 63 3.335699795103846
76 63 2.6425526145439004
77 63 4.028846975663791
78 63 2.6425526145439004
80 63 3.335699795103846
81 63 3.335699795103846
82 63 4.434312083771956
64 64 4.49493670558839
70 64 2.9908593088121163
78 64 5.188083886148336
79 64 4.782618778040171
84 64 4.782618778040171
62 65 4.028846975663791
63 65 3.335699795103846
64 66 5.475765958600117
78 66 4.089471597480226
79 66 5.475765958600117
48 67 3.8017895250284455
61 67 4.2230029901047486
67 67 4.782618778040171
53 68 4.782618778040171
62 68 3.335699795103846
67 68 5.475765958600117
76 68 4.782618778040171
52 69 4.782618778040171
53 69 5.475765958600117
57 69 5.475765958600117
67 69 4.089471597480226
68 69 4.782618778040171
69 69 4.089471597480226
53 70 3.6840064893720617
68 70 3.6840064893720617
69 70 4.936769457867429
70 70 4.782618778040171
69 71 5.188083886148336
70 71 4.377153669932007
71 71 4.782618778040171
59 72 3.335699795103846
73 72 5.252622407285907
44 73 -1.0894990114352443
45 73 -0.9001102874181971
59 73 3.672172031725059
73 73 4.336331675411752
58 74 6.168913139160062
61 74 4.2230029901047486
75 74 5.070300850491952
58 75 5.070300850491952
59 75 2.2370875064357363
61 75 3.124390701436639
75 75 3.971688561823843
76 75 5.070300850491952
90 75 5.070300850491952
62 76 3.7411649032120105
90 76 5.475765958600117
77 77 3.971688561823843
78 77 4.377153669932007
80 77 5.070300850491952
81 77 5.070300850491952
92 77 2.9908593088121163
93 77 5.070300850491952
97 77 4.377153669932007
70 78 3.6840064893720617
78 78 3.396324416920281
79 78 4.782618778040171
83 78 4.782618778040171
84 78 5.475765958600117
93 78 4.089471597480226
97 78 4.782618778040171
70 79 5.475765958600117
81 80 6.168913139160062
92 80 4.782618778040171
92 81 5.188083886148336
62 82 3.335699795103846
68 82 5.475765958600117
76 82 5.475765958600117
70 83 3.2785413812638975
71 83 5.986591582366107
83 83 5.070300850491952
83 84 6.168913139160062
72 85 5.881231066708281
73 85 4.271793154274181
85 85 5.188083886148336
85 86 4.782618778040171
94 86 6.168913139160062
86 87 6.168913139160062
87 87 4.782618778040171
94 87 5.881231066708281
73 88 5.6580875153940715
61 89 2.836708628984858
74 89 5.881231066708281
75 89 4.377153669932007
89 89 5.188083886148336
89 90 5.475765958600117
90 90 5.070300850491952
86 91 6.168913139160062
87 91 6.168913139160062
87 92 4.49493670558839
91 92 5.188083886148336
92 92 4.7180802569026
93 92 4.49493670558839
92 93 4.49493670558839
97 93 5.475765958600117
104 93 5.475765958600117
85 94 5.698909509914326
94 94 4.782618778040171
0 95 5.475765958600117
1 95 6.168913139160062
98 95 5.070300850491952
73 96 5.252622407285907
88 96 6.168913139160062
97 97 4.782618778040171
103 97 5.881231066708281
104 97 6.168913139160062
0 98 4.377153669932007
1 98 5.070300850491952
15 98 5.070300850491952
98 98 3.971688561823843
101 98 5.475765958600117
105 98 5.763448031051897
73 99 3.866328046166016
88 99 6.168913139160062
96 99 6.168913139160062
99 99 4.782618778040171
96 100 6.168913139160062
99 100 6.168913139160062
1 101 5.475765958600117
95 101 6.168913139160062
98 101 5.070300850491952
101 101 4.782618778040171
99 102 6.168913139160062
100 102 6.168913139160062
99 103 4.782618778040171
100 103 6.168913139160062
102 103 6.168913139160062
103 103 4.782618778040171
102 104 6.168913139160062
103 104 6.168913139160062
95 105 6.168913139160062
101 105 6.168913139160062
