0 0 0.040150567349413135
3 0 0.04652001563489291
4 0 -0.35894509247327144
5 0 -2.4383866341531073
0 1 0.0465200156348927
0 2 -0.35894509247327144
1 2 4.700480365792417
4 3 4.700480365792417
5 3 4.007333185232471
5 4 4.412798293340635
0 5 -2.4383866341531073
1 5 3.3141860046725258
2 5 3.3141860046725258
5 5 3.0265039322207445
8 5 4.412798293340635
9 5 4.007333185232471
10 5 2.2155737160044158
1 6 4.700480365792417
2 6 4.700480365792417
5 6 3.3141860046725258
2 7 4.700480365792417
5 7 3.3141860046725258
6 7 4.700480365792417
9 8 4.700480365792417
10 8 4.295015257684252
10 9 4.700480365792417
5 10 2.2155737160044158
6 10 4.295015257684252
7 10 4.700480365792417
10 10 3.6018680771243066
