0 0 0.04965857632075337
4 0 0.05608946665104358
6 0 -1.0425228220170661
7 0 -2.834282291245121
0 1 0.05608946665104358
0 2 -0.34937564145712074
1 2 4.700480365792417
5 3 4.700480365792417
6 3 4.007333185232471
7 3 2.908720896564361
6 4 4.007333185232471
7 4 3.6018680771243066
6 5 4.007333185232471
7 5 3.6018680771243066
7 6 4.007333185232471
0 7 -2.834282291245121
1 7 3.6018680771243066
2 7 4.007333185232471
7 7 2.908720896564361
8 7 4.007333185232471
9 7 3.6018680771243066
10 7 1.8101086078962514
9 8 4.700480365792417
10 8 4.295015257684252
10 9 4.700480365792417
3 10 4.700480365792417
5 10 4.295015257684252
6 10 2.908720896564361
10 10 3.6018680771243066
