0 0 0.3643759188436299
3 0 0.39641527258824644
4 0 -0.009049835519917927
5 0 -2.7265787805766717
0 1 0.39641527258824627
0 2 -0.009049835519918151
1 2 3.447717397297048
4 3 3.447717397297048
5 3 2.116482813360185
5 4 2.521947921468349
5 5 1.8097525459377097
6 5 -0.1861022796338606
7 5 1.9829514207356622
9 5 2.2790017428579596
10 5 0.32472334413212994
11 5 1.4746289271877902
12 5 -0.47877189359668065
5 6 2.0651895189726344
7 6 1.704748092238425
9 6 1.6441234704219903
11 6 1.245215762859985
12 6 -0.015037877364540559
5 7 1.4233356328002398
6 7 2.3978952727983702
8 7 1.5224265354444706
10 7 2.908720896564361
11 7 1.7560413866259756
12 7 -0.19735943415849522
5 8 1.1356535603484585
6 8 2.6855773452501515
8 8 0.42381424677636087
9 8 1.4618019136280358
10 8 2.5032557884561966
11 8 1.910192066453234
12 8 -0.19735943415849522
5 9 -0.716730530696031
6 9 0.950976289862045
7 9 2.5604142022961454
8 9 0.0755075525081451
10 9 1.4618019136280358
11 9 2.324025424231915
12 9 1.5745974077733802
6 10 1.992430164690206
8 10 1.8101086078962514
11 10 2.449188567185921
12 10 1.4766169994131764
5 11 -0.8279561658062554
6 11 1.2452157628599851
8 11 1.0628942060660302
12 11 2.1363162459055816
0 12 -2.960979486415516
1 12 1.8820821075213408
2 12 2.287547215629505
5 12 -1.6827446979226164
6 12 1.2842451067657203
8 12 2.036232787348599
9 12 -0.5456661284267109
10 12 1.4766169994131764
11 12 -0.3692096910851545
12 12 1.6092151208547005
