0 0 3.823798772013307
2 0 3.1306515914533617
1 1 2.725186483345197
3 1 3.1306515914533617
9 1 3.3537951427675714
0 2 3.1306515914533617
2 2 3.1306515914533617
10 2 1.9675007816476806
15 2 -0.6535380424648994
1 3 3.641477215219352
3 3 3.1306515914533617
9 3 1.0512100497735257
11 3 3.1306515914533617
15 3 -0.6535380424648994
4 4 3.536116699561526
12 4 3.823798772013307
15 4 -0.6535380424648994
21 4 -1.6357867421308518
5 5 3.536116699561526
13 5 4.922411060681417
17 5 4.229263880121471
18 5 4.922411060681417
5 6 4.922411060681417
13 6 4.922411060681417
7 7 3.536116699561526
21 7 -1.2303216340226875
34 7 4.922411060681417
7 8 4.922411060681417
34 8 4.229263880121471
1 9 2.8429695190015805
3 9 2.1498223384416355
9 9 3.6538997352179097
2 10 2.1498223384416355
10 10 2.709438126377058
11 10 1.6389967146756448
15 10 0.6682177975174199
21 10 -3.3097631757025234
3 11 3.312973148247316
11 11 3.0898295969331064
15 11 0.9150778754489458
21 11 -2.146612365896843
12 12 3.823798772013307
16 12 4.334624395779298
24 12 2.725186483345197
17 13 4.922411060681417
18 13 4.922411060681417
26 13 4.922411060681417
7 14 4.634728988229636
8 14 4.922411060681417
14 14 3.536116699561526
4 15 0.4450742462032102
10 15 1.0736829056255843
11 15 0.627395802997165
15 15 1.8758203698939349
21 15 -1.3769251082145628
4 16 2.0320393027852517
15 16 0.03960913809504588
16 16 2.725186483345197
21 16 -1.6357867421308518
24 16 4.111480844465087
35 16 2.725186483345197
26 17 4.922411060681417
36 17 4.922411060681417
39 17 4.922411060681417
17 18 4.922411060681417
26 18 4.922411060681417
36 18 4.922411060681417
8 19 4.922411060681417
14 19 4.922411060681417
14 20 4.634728988229636
19 20 4.922411060681417
20 20 3.536116699561526
4 21 -1.2303216340226875
15 21 -1.2768416496575803
21 21 0.5179527232656286
22 21 -0.5371744534627422
22 22 3.823798772013307
23 22 4.046942323327516
25 22 2.4375044108934163
23 23 3.536116699561526
25 23 4.922411060681417
27 23 3.536116699561526
4 24 2.0320393027852517
15 24 0.03960913809504588
16 24 2.725186483345197
24 24 2.725186483345197
35 24 3.4183336639051425
38 24 3.823798772013307
41 24 2.725186483345197
25 25 3.536116699561526
27 25 4.922411060681417
28 25 4.229263880121471
36 26 4.922411060681417
39 26 4.922411060681417
42 26 4.922411060681417
27 27 3.536116699561526
28 27 4.922411060681417
29 27 4.922411060681417
30 27 4.229263880121471
29 28 4.922411060681417
30 28 4.922411060681417
31 28 4.922411060681417
30 29 4.922411060681417
31 29 4.922411060681417
32 29 3.536116699561526
31 30 4.922411060681417
32 30 4.229263880121471
32 31 4.634728988229636
5 32 3.9415818076696905
6 32 4.634728988229636
32 32 3.9415818076696905
19 33 4.922411060681417
20 33 4.922411060681417
21 34 0.3791162784114127
34 34 3.536116699561526
4 35 2.0320393027852517
16 35 3.4183336639051425
24 35 3.4183336639051425
35 35 2.725186483345197
38 35 3.1306515914533617
41 35 2.725186483345197
45 35 2.4375044108934163
39 36 4.922411060681417
42 36 4.922411060681417
46 36 4.922411060681417
20 37 4.922411060681417
33 37 4.922411060681417
24 38 3.1306515914533617
35 38 3.823798772013307
41 38 3.1306515914533617
45 38 2.8429695190015805
48 38 4.229263880121471
42 39 4.922411060681417
46 39 4.922411060681417
49 39 4.229263880121471
20 40 4.229263880121471
33 40 4.922411060681417
37 40 4.922411060681417
35 41 3.823798772013307
38 41 3.823798772013307
41 41 2.725186483345197
45 41 3.1306515914533617
48 41 3.823798772013307
46 42 4.922411060681417
49 42 4.922411060681417
37 43 4.922411060681417
40 43 4.922411060681417
44 43 4.922411060681417
33 44 4.922411060681417
37 44 4.922411060681417
40 44 4.922411060681417
38 45 2.8429695190015805
41 45 4.046942323327516
45 45 3.7592602508757356
48 45 3.536116699561526
49 46 4.922411060681417
50 46 4.229263880121471
40 47 4.922411060681417
43 47 4.922411060681417
44 47 4.922411060681417
45 48 4.634728988229636
49 49 3.536116699561526
50 49 4.922411060681417
51 49 3.536116699561526
50 50 3.536116699561526
51 50 4.922411060681417
52 50 4.229263880121471
47 51 4.229263880121471
51 51 3.536116699561526
52 51 4.922411060681417
53 51 4.922411060681417
43 52 4.922411060681417
47 52 4.922411060681417
53 52 4.922411060681417
43 53 4.922411060681417
44 53 4.922411060681417
47 53 4.922411060681417
