0 0 0.16826708304560062
4 0 0.19207773173931925
5 0 -0.2133873763688452
6 0 -2.9434164841898305
10 0 0.19207773173931925
13 0 -0.2133873763688452
15 0 -3.6791232791685715
0 1 0.19207773173931925
0 2 -0.5010694488206261
1 2 3.248434627109745
7 2 2.1498223384416355
8 2 3.536116699561526
11 2 3.536116699561526
0 3 -0.2133873763688452
1 3 3.536116699561526
5 4 3.823798772013307
6 4 2.4800640253122124
6 5 2.8855291334203765
0 6 -2.9434164841898305
1 6 2.1923819528604316
2 6 2.5978470609685957
6 6 2.0526200104852728
8 6 1.786916844752267
11 6 2.4800640253122124
12 6 2.885529133420377
14 6 2.4800640253122124
15 6 0.11294041118059554
2 7 3.248434627109745
6 7 2.5978470609685957
6 8 2.4800640253122124
7 8 3.536116699561526
0 9 -2.292828918048681
1 9 2.1498223384416355
3 9 3.536116699561526
6 9 2.192381952860431
7 9 3.248434627109745
13 10 4.922411060681417
15 10 2.8429695190015805
6 11 1.786916844752267
7 11 3.536116699561526
8 11 4.922411060681417
14 12 3.823798772013307
15 12 2.8429695190015805
15 13 3.248434627109745
15 14 3.248434627109745
1 15 0.7635279773217447
3 15 2.8429695190015805
6 15 0.11294041118059533
7 15 2.5552874465497997
9 15 3.248434627109745
15 15 2.5552874465497997
