1 0 5.393627546352362
2 0 3.447717397297048
120 0 1.5649861498632665
2 1 3.447717397297048
120 1 2.258133330423212
2 2 3.986713898029735
3 2 3.2935667174697896
120 2 0.7176882894760628
3 3 4.209857449343945
6 3 3.447717397297048
8 3 4.546329685965158
9 3 4.140864577856994
4 4 4.007333185232471
12 4 5.393627546352362
13 4 5.393627546352362
21 4 4.700480365792417
15 5 5.393627546352362
25 5 4.700480365792417
86 6 5.393627546352362
96 6 4.700480365792417
0 7 5.393627546352362
1 7 5.393627546352362
2 7 2.7545702167371027
7 7 4.007333185232471
6 8 5.393627546352362
9 8 5.393627546352362
86 8 5.393627546352362
6 9 5.393627546352362
86 9 5.393627546352362
96 9 4.007333185232471
11 10 5.393627546352362
117 10 4.700480365792417
11 11 4.007333185232471
117 11 5.393627546352362
118 11 4.700480365792417
18 12 5.393627546352362
20 12 5.393627546352362
21 12 5.393627546352362
12 13 5.393627546352362
20 13 5.393627546352362
21 13 5.393627546352362
14 14 4.007333185232471
113 14 4.700480365792417
119 14 5.393627546352362
15 15 4.007333185232471
25 15 5.393627546352362
26 15 4.700480365792417
14 16 5.393627546352362
119 16 4.700480365792417
10 17 5.393627546352362
19 17 5.393627546352362
17 18 5.393627546352362
19 18 5.393627546352362
10 19 5.393627546352362
11 19 5.10594547390058
19 19 4.007333185232471
17 20 5.393627546352362
18 20 5.393627546352362
19 20 4.700480365792417
17 21 5.393627546352362
18 21 5.393627546352362
20 21 5.393627546352362
14 22 5.10594547390058
16 22 5.393627546352362
22 22 4.007333185232471
24 23 5.393627546352362
38 23 4.700480365792417
39 23 5.393627546352362
38 24 5.393627546352362
39 24 5.393627546352362
23 25 5.393627546352362
24 25 4.700480365792417
25 25 4.007333185232471
26 25 5.393627546352362
23 26 5.393627546352362
24 26 5.393627546352362
38 26 4.700480365792417
27 27 2.9323723846463223
28 27 1.2058685394908353
29 27 2.6527875224271606
32 27 1.26649316130727
27 28 0.5127213589308899
28 28 3.3647870179663153
29 28 2.5604142022961454
32 28 2.5604142022961454
40 28 2.96587931040431
32 29 5.393627546352362
33 29 3.6018680771243066
27 30 1.9596403418672153
28 30 3.2535613828560908
28 31 3.2535613828560908
30 31 5.393627546352362
32 32 4.007333185232471
33 32 4.518158808998462
28 33 0.7686547330680904
30 33 4.295015257684252
31 33 4.700480365792417
33 33 3.6018680771243066
35 33 2.5032557884561966
37 33 4.518158808998462
33 34 4.700480365792417
33 35 3.6018680771243066
34 35 4.988162438244197
35 35 4.295015257684252
36 35 4.295015257684252
34 36 5.393627546352362
35 36 4.988162438244197
35 37 4.700480365792417
36 37 5.393627546352362
37 37 4.007333185232471
16 38 4.700480365792417
22 38 5.10594547390058
38 38 4.007333185232471
39 38 4.700480365792417
22 39 5.393627546352362
38 39 4.700480365792417
40 40 4.412798293340635
42 40 4.700480365792417
41 41 4.412798293340635
99 41 4.412798293340635
41 42 4.700480365792417
42 42 4.295015257684252
43 43 2.16150649473414
43 44 2.16150649473414
45 45 1.6094379124341003
46 45 0.29376111852816317
45 46 0.19845093872383843
46 46 1.7619726021159408
47 46 0.9869082990881085
48 46 1.9031990309622635
50 46 1.3923734071962728
81 46 -1.4260248510748026
52 47 5.393627546352362
53 47 5.393627546352362
55 47 4.700480365792417
47 48 5.393627546352362
48 48 4.007333185232471
52 48 5.393627546352362
53 48 4.700480365792417
49 49 4.295015257684252
63 49 4.700480365792417
64 49 4.295015257684252
65 49 2.908720896564361
49 50 4.007333185232471
50 50 4.412798293340635
89 51 4.700480365792417
90 51 5.393627546352362
91 51 5.393627546352362
53 52 5.393627546352362
55 52 5.393627546352362
55 53 5.393627546352362
61 53 5.393627546352362
51 54 5.393627546352362
54 54 4.007333185232471
90 54 5.393627546352362
91 54 4.700480365792417
55 55 4.007333185232471
56 55 4.700480365792417
60 55 5.393627546352362
61 55 5.393627546352362
58 56 5.393627546352362
59 56 4.700480365792417
51 57 4.295015257684252
54 57 5.211305989558407
57 57 4.295015257684252
57 58 3.6018680771243066
58 58 4.007333185232471
59 58 5.393627546352362
57 59 5.211305989558407
59 59 4.007333185232471
56 60 5.393627546352362
58 60 5.393627546352362
56 61 5.393627546352362
58 61 4.700480365792417
60 61 5.393627546352362
66 62 5.393627546352362
109 62 5.393627546352362
110 62 4.700480365792417
64 63 5.393627546352362
65 63 5.393627546352362
62 64 5.393627546352362
65 64 5.393627546352362
62 65 5.393627546352362
65 65 4.007333185232471
66 65 5.393627546352362
109 65 4.700480365792417
109 66 5.393627546352362
110 66 5.393627546352362
76 67 5.393627546352362
81 67 1.8820821075213408
77 68 5.393627546352362
81 68 1.8820821075213408
73 69 3.196402969016142
94 69 5.393627546352362
69 70 4.700480365792417
71 70 4.700480365792417
72 70 3.6018680771243066
73 70 2.5032557884561966
69 71 5.393627546352362
73 71 3.196402969016142
94 71 4.700480365792417
69 72 3.196402969016142
70 72 3.196402969016142
71 72 3.196402969016142
72 72 3.8323917357361386
88 72 4.295015257684252
93 72 4.295015257684252
27 73 -0.2375842354690041
73 73 3.8895501495760874
74 73 4.112693700890297
85 73 1.8101086078962514
94 73 3.196402969016142
74 74 4.007333185232471
85 74 4.923623917106625
80 75 3.3141860046725258
120 75 2.258133330423212
46 76 0.9869082990881085
81 76 1.8820821075213408
81 77 2.287547215629505
78 78 4.295015257684252
83 78 4.295015257684252
78 79 4.518158808998462
79 79 4.007333185232471
73 80 2.908720896564361
80 80 3.180654612048003
120 80 1.8834398809818012
46 81 -0.8198890475044869
78 81 -0.6028245422666596
79 81 2.1052256588355505
81 81 2.199178065179415
114 82 5.393627546352362
115 82 5.393627546352362
116 82 5.393627546352362
82 83 5.393627546352362
83 83 4.295015257684252
114 83 4.988162438244197
116 83 4.295015257684252
70 84 4.700480365792417
72 84 3.8895501495760874
70 85 4.007333185232471
72 85 1.8101086078962514
84 85 5.10594547390058
85 85 4.412798293340635
96 86 5.10594547390058
67 87 5.393627546352362
76 87 5.393627546352362
81 87 1.1889349269613954
72 88 4.295015257684252
75 89 5.393627546352362
80 89 3.3141860046725258
89 89 4.007333185232471
120 89 0.8718389693033212
89 90 5.393627546352362
91 90 5.393627546352362
75 91 5.393627546352362
89 91 5.393627546352362
0 92 5.393627546352362
7 92 5.393627546352362
70 93 4.700480365792417
71 93 5.393627546352362
72 93 3.196402969016142
27 94 2.8759310737413704
94 94 4.007333185232471
102 95 4.700480365792417
103 95 5.393627546352362
95 96 5.10594547390058
96 96 4.412798293340635
103 96 4.412798293340635
97 97 4.37197629882038
104 97 4.007333185232471
106 97 1.992430164690206
97 98 4.477336814478206
100 98 5.393627546352362
97 99 2.3978952727983702
98 99 5.10594547390058
99 99 4.412798293340635
100 99 4.700480365792417
97 100 4.882801922586371
7 101 5.393627546352362
92 101 5.393627546352362
7 102 4.007333185232471
92 102 5.393627546352362
101 102 5.393627546352362
102 102 4.007333185232471
101 103 4.700480365792417
102 103 5.393627546352362
103 103 4.007333185232471
104 104 3.3141860046725258
105 104 4.412798293340635
106 104 2.908720896564361
107 104 4.700480365792417
108 104 4.007333185232471
105 105 4.007333185232471
106 105 4.518158808998462
104 106 3.825011628438516
105 106 3.6018680771243066
106 106 4.112693700890297
107 106 2.908720896564361
43 107 0.369747025506085
44 107 5.393627546352362
107 107 4.007333185232471
108 107 5.393627546352362
43 108 1.7560413866259756
44 108 5.393627546352362
4 109 4.700480365792417
110 109 5.393627546352362
4 110 5.393627546352362
13 110 4.700480365792417
110 110 4.007333185232471
5 111 5.393627546352362
15 111 5.393627546352362
5 112 5.393627546352362
15 112 4.700480365792417
111 112 5.393627546352362
68 113 5.393627546352362
77 113 5.393627546352362
81 113 1.1889349269613954
112 114 5.393627546352362
115 114 5.393627546352362
116 114 5.393627546352362
5 115 5.393627546352362
111 115 5.393627546352362
112 115 5.393627546352362
111 116 5.393627546352362
112 116 5.393627546352362
115 116 5.393627546352362
67 117 4.700480365792417
87 117 5.393627546352362
117 117 4.007333185232471
118 117 5.393627546352362
67 118 5.393627546352362
76 118 5.393627546352362
87 118 5.393627546352362
68 119 5.393627546352362
77 119 4.700480365792417
113 119 5.393627546352362
119 119 4.007333185232471
2 120 1.410835470036008
80 120 2.124601937798689
120 120 2.5070293778398365
