0 0 0.05662701398071712
3 0 0.06560911029654483
4 0 -0.3398559978116197
5 0 -2.608539539129984
0 1 0.06560911029654483
0 2 -0.3398559978116197
1 2 4.377153669932007
4 3 4.377153669932007
5 3 3.4947644897335333
5 4 3.900229597841698
0 5 -3.0140046472381483
1 5 2.6192957523796334
2 5 2.6192957523796334
5 5 3.0452393918313385
8 5 3.900229597841698
9 5 3.4947644897335333
10 5 1.9543194487863844
0 6 -2.1316154670396745
1 6 4.194832113138053
2 6 4.377153669932007
5 6 2.6192957523796334
1 7 3.2785413812638975
2 7 4.194832113138053
5 7 2.6192957523796334
6 7 4.377153669932007
9 8 4.377153669932007
10 8 4.2230029901047486
7 9 3.971688561823843
10 9 4.377153669932007
2 10 2.4312435208766936
5 10 1.54885434067822
6 10 4.2230029901047486
7 10 4.377153669932007
10 10 3.1933835729235907
