0 0 0.24165907613946194
3 0 -2.3250579488461045
6 0 0.039220713153281114
9 0 -0.4955581516352024
10 0 -2.9526078469202366
0 1 0.23989140861543243
6 1 0.7985076962177714
6 2 2.995732273553991
9 2 2.828678188890825
10 2 1.316090102446642
0 3 -0.24561640716626845
1 3 3.0786199333597586
7 3 3.196402969016142
9 3 0.6314536115546054
10 3 -0.8811344748895774
0 4 -0.12783337150988502
1 4 3.196402969016142
2 5 4.295015257684252
6 5 2.5902671654458267
8 5 4.295015257684252
9 5 2.828678188890825
10 5 0.2174778137785323
1 6 1.4916548767777167
3 6 1.4916548767777167
9 6 2.828678188890825
10 6 1.8085665875444363
9 7 2.828678188890825
10 7 2.009237283006587
9 8 2.828678188890825
10 8 2.009237283006587
0 9 -2.6927827289714217
1 9 1.3246007921145506
3 9 1.3246007921145506
10 9 2.2476483064515853
0 10 -3.289080083541449
1 10 1.4214506181044684
3 10 2.009237283006587
7 10 2.009237283006587
9 10 -1.2488592550148947
10 10 1.7044607771955063
12 10 0.2174778137785323
13 10 2.414702391114752
14 10 2.009237283006587
15 10 0.17095779814363948
0 11 -2.430418464503931
1 11 1.5869650565820417
3 11 1.5869650565820417
10 11 2.191558839800542
0 12 -2.6127400212978853
1 12 2.0977906803480324
3 12 1.404643499788087
4 12 3.6018680771243066
10 12 1.6037721748984228
11 12 3.6018680771243066
11 13 2.280112237141987
12 13 2.0977906803480324
14 13 3.196402969016142
15 13 2.7444178452730847
10 14 -0.18798729432963213
11 14 2.280112237141987
12 14 2.5032557884561966
15 14 3.101092789211817
1 15 0.10536051565782614
2 15 2.995732273553991
3 15 0.10536051565782614
4 15 2.995732273553991
5 15 3.4011973816621555
6 15 0.5978370007556205
8 15 2.995732273553991
9 15 -0.262364264467491
10 15 -1.0818051703517284
11 15 2.4849066497880004
12 15 2.908720896564361
15 15 2.430418464503931
