0 0 1.4404694281708046
1 0 -1.7452394535931621
3 0 0.8292793548845252
8 0 1.0116009116784799
9 0 -1.3397743454849977
11 0 0.369747025506085
12 0 -1.7452394535931621
14 0 -2.3895964699836756
15 0 -2.6897010624340134
16 0 1.7047480922384253
17 0 -0.08701137698962969
18 0 -2.7260687066048885
20 0 1.2992829841302609
21 0 -2.6519607344511664
22 0 -4.68213122712422
0 1 1.1826702236220679
1 1 -0.6954173290944846
3 1 1.6559579280689933
4 1 -0.6466271649250526
8 1 1.7512681078733179
11 1 1.196425598690553
12 1 -1.38856450965443
14 1 -0.6466271649250526
17 1 0.5573456394008836
0 2 -0.10354067894084033
4 2 1.704748092238425
8 2 2.3978952727983702
11 2 1.7560413866259756
17 2 2.908720896564361
0 3 0.3019244291673241
1 3 2.0614230361771577
8 3 1.704748092238425
9 3 2.0614230361771577
11 3 1.0628942060660302
12 3 -0.4234836136108427
17 3 2.2155737160044158
0 4 0.6849166814234299
1 4 1.992430164690206
3 4 1.0116009116784797
4 4 -0.5978370007556204
8 4 0.7884573603642703
9 4 2.243744592971112
11 4 1.0628942060660302
12 4 -0.9343092373768336
14 4 -0.5978370007556204
17 4 1.2992829841302609
21 4 -0.8602012652231115
0 5 0.3019244291673241
1 5 2.3491051086289385
8 5 2.1102132003465894
11 5 1.7560413866259756
0 6 -0.10354067894084033
2 6 4.007333185232471
8 6 1.704748092238425
10 6 4.189654742026425
11 6 1.7560413866259756
12 6 0.2696635669491026
2 7 4.007333185232471
8 7 1.704748092238425
10 7 4.189654742026425
11 7 1.7560413866259756
17 7 2.908720896564361
21 7 1.442383827770934
0 8 -1.7129785913749407
1 8 0.9628107475090479
3 8 2.3978952727983702
4 8 0.09531017980432493
8 8 -0.5978370007556204
9 8 0.4519851237430571
11 8 2.092513623247189
12 8 0.739667196194838
13 8 -0.9694005571881034
14 8 0.09531017980432493
15 8 -0.8979415932059586
17 8 1.704748092238425
18 8 0.6751286750572669
19 8 -0.24116205681688824
21 8 -0.1670540846631662
1 9 0.40319495957362517
4 9 1.1451323043030024
11 9 2.112716330564708
12 9 0.6263385108878349
13 9 0.08042156731057401
14 9 0.4519851237430571
17 9 2.3491051086289385
18 9 0.8086600676817896
21 9 0.18962085927556593
22 9 -1.8405496333974871
11 10 1.7560413866259756
12 10 0.2696635669491026
17 10 2.908720896564361
18 10 1.3682758556172123
21 10 1.442383827770934
22 10 -0.5877866649021192
0 11 -1.66168529698739
1 11 0.7909604905823886
4 11 1.0628942060660302
8 11 -0.5465437063680699
12 11 1.2372475932108082
14 11 0.14660347419187544
18 11 1.5148793298090875
21 11 0.982851498392494
22 11 -2.8390784635086144
0 12 -1.538625204230163
1 12 0.5573456394008836
2 12 0.2696635669491026
4 12 1.1859542988232576
6 12 0.9628107475090479
7 12 0.6751286750572669
9 12 1.0963421401335705
11 12 -0.8830159429892829
12 12 1.0428534551825843
13 12 -0.7950471700433258
14 12 0.5320278314165936
15 12 -0.9467317573753907
17 12 -0.13580154115906176
18 12 1.3682758556172123
19 12 -0.5776342934381011
21 12 0.7004464830415569
22 12 -2.2460147415056517
1 13 0.7735687478705193
4 13 1.5155060925998969
8 13 -0.9694005571881034
9 13 1.179033855978684
11 13 -0.918107262800553
12 13 1.333184535805942
13 13 -1.3409641136205865
14 13 0.12921173148000625
18 13 0.9967122991847293
19 13 -0.6127256132493712
21 13 0.1545295394642961
22 13 -2.1633230256605382
0 14 -1.7129785913749407
1 14 0.739667196194838
4 14 -0.5978370007556204
5 14 2.1102132003465894
6 14 1.704748092238425
8 14 -0.5978370007556204
10 14 1.88706964903238
12 14 0.8574502318512215
13 14 1.669656772427155
14 14 0.5007752879124894
15 14 -0.8979415932059586
18 14 -0.24116205681688824
19 14 1.3682758556172123
21 14 0.23841102344499815
22 14 -2.890371757896165
1 15 -0.9467317573753907
4 15 1.1814999484738773
5 15 2.0977906803480324
8 15 -0.8979415932059586
9 15 0.15188053129271892
12 15 0.5001872255609348
13 15 1.6749338295279987
14 15 0.8938178760220964
18 15 0.3750240826069288
19 15 1.6559579280689933
21 15 0.6314536115546056
22 15 -1.8041819892266122
13 16 1.333184535805942
15 16 2.0977906803480324
20 16 4.700480365792417
22 16 -0.5877866649021192
12 17 -0.13580154115906176
13 17 1.333184535805942
14 17 1.992430164690206
15 17 0.30603121111997733
19 17 0.9628107475090479
21 17 1.4423838277709342
22 17 -0.30010459245033816
0 18 -2.742598008556099
2 18 2.0614230361771577
4 18 -0.9343092373768336
6 18 2.0614230361771577
7 18 1.7737409637253767
12 18 -0.9830994015462654
13 18 0.891351783526903
14 18 1.4635860354215369
15 18 0.3750240826069288
18 18 -1.2707814739980463
19 18 1.0318036189959991
21 18 1.7477654773221158
22 18 -0.09134977858822808
1 19 0.8086600676817896
5 19 2.466888144285322
6 19 2.0614230361771577
10 19 2.243744592971112
11 19 -0.1898687624293376
12 19 -0.5776342934381011
13 19 0.9967122991847293
14 19 1.7047480922384253
15 19 0.8450277118526642
18 19 -0.5776342934381011
21 19 1.288233147943676
22 19 -0.5877866649021192
12 20 0.2696635669491026
13 20 2.0263317163658874
15 20 2.0977906803480324
22 20 -0.5877866649021192
2 21 1.442383827770934
4 21 -0.8602012652231115
7 21 1.8478489358790986
8 21 -0.8602012652231115
12 21 -1.1966735018443246
13 21 0.7141453273997187
15 21 1.478751471941809
18 21 -1.1966735018443246
19 21 0.5950859673837304
21 21 -1.1225655296906027
22 21 0.653926467406664
1 22 -2.9441997160955538
5 22 -0.592824458932076
7 22 -0.18735935082391175
10 22 -0.4105029021381216
12 22 -2.133269499879225
13 22 -0.32253412919216445
14 22 -1.2859716394920213
15 22 0.633127252112635
17 22 -1.6914367476001857
18 22 -2.5387346079873896
19 22 0.10032272162786926
21 22 -2.059161527725503
22 22 1.012564864976024
