0 0 0.2504621325414884
1 0 -2.5521588767971677
2 0 -2.3698373200032132
3 0 -0.06725222700916746
4 0 -2.3698373200032132
5 0 -0.7603994075691127
7 0 0.3043113294233156
8 0 -0.06725222700916746
9 0 -2.1466937686890035
12 0 -0.7603994075691127
0 1 0.2204298454426136
5 1 2.9531726591351948
12 1 2.9531726591351948
0 2 0.26922000961204545
7 2 0.8329091229351039
0 3 -0.06725222700916746
1 3 2.9531726591351948
0 4 -0.17261274266699378
1 4 2.9531726591351948
12 4 3.1354942159291497
0 5 -0.06725222700916746
2 5 3.1354942159291497
0 6 -0.06725222700916746
2 6 3.1354942159291497
0 7 -3.062984500563158
1 7 1.3437347467010947
3 7 2.4423470353692043
4 7 0.8329091229351039
8 7 2.4423470353692043
9 7 1.7491998548092589
0 8 -2.9576239849053323
1 8 0.7559480817989755
4 8 0.9382696385929302
9 8 2.26002547857525
0 9 -2.8398409492489485
1 9 1.5668782980153044
4 9 2.1546649629174235
9 9 1.551129941047165
13 9 2.377808514231633
14 9 1.9723434061234688
15 9 0.32368478053608707
9 10 2.377808514231633
9 11 1.9723434061234688
10 11 4.74493212836325
0 12 -0.7603994075691127
2 12 3.1354942159291497
5 12 4.74493212836325
14 13 3.1354942159291497
15 13 2.8731299514616584
6 14 2.4423470353692043
15 14 3.1354942159291497
0 15 -1.939054403910759
2 15 2.6499864001474487
6 15 3.096273502775868
9 15 -1.2857531318980133
10 15 2.8731299514616584
11 15 3.278595059569823
15 15 2.0129286862385474
