0 0 2.170875747639468
0 1 -0.8971771874941494
1 1 2.2121951846667094
1 2 -0.8536920755544105
2 2 2.1688984855024493
2 3 -0.7813714139747843
3 3 2.2808506008480394
4 4 3.3537951427675714
5 4 3.3537951427675714
6 4 1.3388921222253065
5 5 3.536116699561526
6 5 4.740089503887462
6 6 3.823798772013307
7 6 4.740089503887462
9 6 3.823798772013307
7 7 3.536116699561526
9 7 4.922411060681417
10 7 4.922411060681417
12 7 4.229263880121471
3 8 2.33214389523559
10 9 4.922411060681417
12 9 4.922411060681417
14 9 4.229263880121471
12 10 4.922411060681417
14 10 4.922411060681417
3 11 1.9266787871274256
8 11 4.922411060681417
14 12 4.922411060681417
16 12 4.922411060681417
3 13 0.540384426007535
8 13 4.922411060681417
11 13 4.922411060681417
13 13 3.536116699561526
14 14 3.536116699561526
16 14 4.922411060681417
18 14 4.922411060681417
21 14 4.229263880121471
11 15 4.229263880121471
13 15 4.922411060681417
15 15 3.536116699561526
18 16 4.922411060681417
20 16 4.922411060681417
21 16 4.922411060681417
13 17 3.536116699561526
15 17 4.922411060681417
17 17 3.536116699561526
20 18 4.922411060681417
21 18 4.922411060681417
22 18 4.922411060681417
15 19 3.1306515914533617
17 19 4.740089503887462
19 19 3.823798772013307
19 20 4.516945952573252
22 20 4.922411060681417
19 21 3.823798772013307
20 21 4.922411060681417
22 21 4.922411060681417
19 22 4.922411060681417
23 23 2.3255480486772386
24 23 2.410105436705302
25 23 1.4938147048311468
23 24 2.410105436705302
4 25 2.6198259676873707
25 25 3.900759813149435
23 26 -0.634417001018121
26 26 2.234563566896726
26 27 0.7792763342898839
27 27 3.5724843437324005
27 28 3.823798772013307
27 29 3.4183336639051425
28 29 4.922411060681417
27 30 2.0320393027852517
28 30 4.922411060681417
29 30 4.922411060681417
30 30 3.536116699561526
29 31 4.229263880121471
30 31 4.922411060681417
31 31 3.536116699561526
30 32 3.1306515914533617
31 32 4.740089503887462
32 32 3.823798772013307
32 33 4.516945952573252
33 33 3.536116699561526
34 33 3.536116699561526
32 34 3.823798772013307
33 34 4.634728988229636
34 34 3.536116699561526
33 35 3.312973148247316
34 35 4.0061203288072615
35 35 3.900759813149435
36 36 2.9653587350728614
37 36 1.9779720815149762
37 37 3.823798772013307
38 37 3.823798772013307
38 38 3.823798772013307
39 38 4.229263880121471
39 39 3.9415818076696905
40 39 4.229263880121471
40 40 3.823798772013307
41 40 4.740089503887462
42 40 3.1306515914533617
41 41 3.536116699561526
42 41 4.922411060681417
43 41 4.229263880121471
42 42 3.536116699561526
43 42 4.922411060681417
44 42 3.9415818076696905
44 43 4.634728988229636
35 44 3.7184382563554808
44 44 3.9415818076696905
36 45 0.008531435049468575
45 45 2.259823233655964
