0 0 0.1970220947853226
3 0 -0.16512915625358185
5 0 -2.4677142492476274
6 0 0.24033595185458245
7 0 -0.8582763368135272
8 0 -0.27048967191140816
9 0 -2.710660427858017
12 0 0.24033595185458245
13 0 -2.937717878493363
14 0 -0.16512915625358185
0 1 0.24033595185458245
0 2 0.24033595185458245
7 3 5.393627546352362
8 3 3.0910424533583156
9 3 1.4618019136280358
0 4 -0.165129156253582
1 4 3.6018680771243066
0 5 -0.16512915625358185
2 5 3.784189633918261
3 6 3.0910424533583156
7 6 3.0910424533583156
8 6 3.0910424533583156
9 6 1.9318055428737713
13 6 1.0116009116784797
15 6 1.0116009116784797
8 7 3.0910424533583156
9 7 2.154949094187981
9 8 2.455053686638319
13 8 1.0116009116784797
15 8 1.0116009116784797
16 8 0.09531017980432493
0 9 -3.1806640571037526
1 9 1.9726275373940265
4 9 2.3090997740152392
9 9 1.9366955281679632
11 9 0.0755075525081451
13 9 2.426882809671623
15 9 2.0214177015634585
16 9 0.25782910930209985
0 10 -2.2445706979334177
1 10 2.2155737160044158
4 10 2.908720896564361
9 10 2.154949094187981
1 11 2.2155737160044158
4 11 2.2155737160044158
9 11 1.8672670217362
10 11 4.007333185232471
2 12 3.784189633918261
5 12 3.784189633918261
14 12 5.393627546352362
10 13 1.927891643552635
11 13 1.927891643552635
15 13 3.3141860046725258
16 13 2.9575110607337933
0 14 -0.8582763368135272
2 14 3.784189633918261
5 14 3.784189633918261
9 15 -0.6176396280518002
10 15 1.927891643552635
11 15 2.6210388241125804
16 15 3.3141860046725258
0 16 -2.4677142492476274
2 16 2.8678989020441064
4 16 0.6061358035703155
5 16 3.2733640101522705
9 16 -0.84078317936601
10 16 2.803360380906535
11 16 3.0910424533583156
16 16 2.34660197841082
