0 0 0.8297301017797498
3 0 0.8877173594300991
4 0 0.48225225132193467
5 0 -2.2257979497802753
0 1 0.8877173594300991
0 2 0.48225225132193467
1 2 3.3586377672433594
4 3 3.3586377672433594
5 3 2.03688192726104
5 4 2.4423470353692043
5 5 2.0856720914304723
8 5 1.423777454374631
10 5 0.7683706017975328
11 5 -1.7007876910223283
5 6 -0.7357067949787413
8 6 2.26002547857525
10 6 1.9723434061234688
11 6 -0.04255961441879589
5 7 -1.1411719030869056
6 7 2.26002547857525
8 7 1.8545603704670852
9 7 2.26002547857525
10 7 1.885332029133839
11 7 -1.0076405104623831
10 8 1.9723434061234688
11 8 0.7841189587656721
10 9 1.9723434061234688
11 9 0.784118958765672
11 10 1.1895840668738364
0 11 -3.4785609182756434
1 11 0.784118958765672
2 11 1.1895840668738364
5 11 -3.310225603456429
6 11 0.784118958765672
7 11 1.1895840668738364
8 11 -0.4480247225269606
9 11 0.784118958765672
10 11 -1.2953225829141641
11 11 0.8260831578647041
