0 0 1.4277850283497817
1 0 -1.8636102059870032
3 0 0.5533852381847867
6 0 -0.7375989431307791
8 0 1.1507873617863476
9 0 -1.4307461236907244
11 0 -0.0772415853938245
12 0 -2.709942349254248
13 0 -2.8478121434773684
14 0 -0.04445176257083381
16 0 -2.6094011200323703
17 0 0.6486954179891115
20 0 -0.4499168706789981
21 0 -1.5203582823804116
22 0 -2.1845179260671044
23 0 0.6486954179891115
0 1 1.173777902379967
1 1 -1.030701083051899
3 1 -0.22314355131420957
4 1 -1.203972804325936
8 1 1.4371527783533817
11 1 0.5325239862270695
12 1 -1.1838860457591986
14 1 0.3829922522561057
17 1 1.4816045409242156
20 1 1.076139432816051
23 1 2.174751721484161
24 1 -0.4279379639602229
0 2 0.22598850344644097
8 2 1.159521041755102
11 2 0.8610280531991055
12 2 -0.4499168706789981
13 2 0.7985076962177716
14 2 2.5032557884561966
17 2 3.6018680771243066
0 3 0.02531780798429
1 3 1.1765738301378217
3 3 0.5978370007556205
8 3 -0.1397619423751586
9 3 1.8971199848858813
11 3 0.9480394301887355
12 3 -0.3629054936893683
20 3 2.302585092994046
24 3 0.3930425881096072
0 4 0.4083100602403958
1 4 1.7314163393205868
3 4 0.9808292530117263
4 4 -0.2876820724517809
8 4 0.6486954179891115
9 4 1.3793256918037973
11 4 0.9563382330034306
12 4 -1.6538896750049341
13 4 -1.504077396776274
14 4 0.20067069546215105
17 4 0.6061358035703156
18 4 1.9924301646902063
20 4 0.20067069546215105
21 4 -0.869770716239262
0 5 -1.565770965781614
1 5 1.0895624531481918
3 5 0.7985076962177714
4 5 -0.1823215567939547
8 5 0.7540559336469378
9 5 1.9642592877235097
11 5 1.7083259135863091
12 5 -0.4499168706789981
17 5 1.8101086078962514
21 5 -0.35894509247327144
0 6 -0.06169356900533978
2 6 3.6018680771243066
8 6 0.8718389693033212
10 6 4.007333185232471
11 6 0.5733459807473247
13 6 0.5108256237659907
14 6 2.2155737160044158
15 6 0.7114963192281417
19 6 3.3141860046725258
20 6 2.2155737160044158
2 7 3.6018680771243066
13 7 1.2039728043259361
14 7 3.6018680771243066
17 7 3.3141860046725258
19 7 4.007333185232471
0 8 -1.8108934238145988
1 8 0.15129281455526164
2 8 1.159521041755102
3 8 1.6519975268528964
4 8 -0.4274440148269396
6 8 0.8718389693033212
8 8 -0.8773608855059378
9 8 0.46637386119515684
11 8 1.5321963270402759
12 8 0.346414546116178
15 8 -0.34455635502117204
16 8 -0.9999632075982701
20 8 2.0758117736292574
21 8 0.08907963005368885
24 8 0.3485908255387733
25 8 -2.136315824249227
0 9 -2.54660021879334
1 9 0.10873320013646559
3 9 1.6094379124341003
4 9 0.7827593392496325
6 9 0.8292793548845252
9 9 0.8292793548845252
11 9 1.7773187850732606
12 9 0.3038549316973819
15 9 -1.0802631499999134
16 9 -1.0425228220170661
20 9 1.1169614273363062
21 9 -0.2411620568168881
24 9 0.0183491386681964
25 9 -2.178875438668023
5 10 3.196402969016142
15 10 2.0977906803480324
20 10 3.6018680771243066
1 11 0.14048189845104606
3 11 -0.4382549309311551
4 11 0.9788110888554892
6 11 0.5733459807473247
8 11 -0.4827066935019889
9 11 0.3910244239533702
11 11 -0.7811996820579854
12 11 1.0433496099930604
13 11 -0.8437200390393195
15 11 -0.2375842354690041
16 11 -1.2984561961542667
19 11 1.26649316130727
21 11 0.4837338220576377
22 11 -0.8735730021890007
24 11 -0.2375842354690041
25 11 -1.741661632245278
0 12 -1.8195514865577136
1 12 0.5700787666390867
2 12 -0.458574933422113
3 12 -1.7578579175523736
4 12 0.9989824477192685
6 12 -0.053109825313948526
7 12 -0.053109825313948526
8 12 -1.396844572015043
9 12 -0.458574933422113
11 12 -1.184511936805049
12 12 0.8509322844840077
13 12 -1.4701758451005926
14 12 -1.1517221139820584
15 12 -0.09085015329679548
16 12 -1.0086212703413848
18 12 1.333184535805942
21 12 0.9967122991847293
22 12 -1.0945637001421096
24 12 0.5222543195896133
25 12 -1.674970257746606
0 13 -1.766441661243765
1 13 -0.2097205309820689
3 13 -0.500775287912489
4 13 0.7156200364120041
5 13 -0.300104592450338
9 13 0.10536051565782635
11 13 -1.5368672195992648
12 13 0.958850346292951
15 13 -0.012422519998557096
16 13 -0.26236426446749084
21 13 1.1143606456362491
22 13 -0.24294617861038934
24 13 0.5471932679368656
12 14 0.46637386119515684
13 14 1.7147984280919268
15 14 1.404643499788087
21 14 1.1451323043030026
22 14 1.4618019136280358
3 15 -0.30010459245033816
4 15 -1.2809338454620645
5 15 1.2868604641317036
6 15 0.7114963192281417
9 15 0.5291747624341873
10 15 2.0977906803480324
11 15 -0.2375842354690041
12 15 0.06090875308699252
13 15 1.3093333199837622
15 15 1.104538907337749
21 15 -0.35894509247327144
22 15 2.0977906803480324
24 15 -0.09943389698818705
25 15 -1.6035112937644609
0 16 -2.6266429264668765
1 16 0.7218376730228745
4 16 0.5485659517488376
5 16 1.8842165800499733
8 16 -0.3068160270383248
9 16 0.05608946665104337
11 16 -0.6053090155943214
12 16 0.22381222402384554
13 16 1.529395204760564
15 16 -0.0616935690053399
21 16 0.18962085927556613
22 16 0.6886120253945539
24 16 -0.0616935690053399
25 16 -2.2589181463415593
12 17 -0.04445176257083381
13 17 1.6094379124341003
14 17 3.3141860046725258
15 17 0.7114963192281417
16 17 0.7492366472109887
22 17 1.1741198411762548
23 17 4.007333185232471
13 18 1.8971199848858813
14 18 3.6018680771243066
21 18 1.8382794848629478
12 19 -0.04445176257083381
13 19 1.8971199848858813
14 19 3.6018680771243066
21 19 1.1451323043030026
2 20 2.5032557884561966
5 20 1.404643499788087
6 20 2.2155737160044158
8 20 0.46637386119515684
9 20 0.42381424677636087
13 20 0.7985076962177716
15 20 0.30603121111997733
16 20 1.4423838277709342
24 20 1.692325572239868
25 20 0.3060312111199775
0 21 -2.9238944499348083
2 21 0.7396671961948382
5 21 0.7396671961948382
6 21 1.1451323043030026
7 21 1.1451323043030026
9 21 -1.3397743454849977
12 21 -1.2972147310662017
13 21 0.7396671961948382
14 21 0.04652001563489291
15 21 1.375655962914835
16 21 0.9780782196398364
19 21 1.8382794848629478
21 21 -1.7170685766264655
22 21 1.0845076824865678
24 21 1.6334850722169347
25 21 0.33420208808667407
4 22 -0.8183103235139513
5 22 1.0563368055198714
6 22 1.8672670217362
9 22 0.0755075525081451
10 22 2.5604142022961454
12 22 -1.085905637398995
13 22 0.6733445532637657
15 22 2.154949094187981
16 22 -0.004535155165391374
20 22 0.7686547330680904
21 22 -0.9949338591932682
22 22 1.5189603274679844
24 22 0.36318962495992607
25 22 -0.44774059125640264
4 23 2.0149030205422647
13 23 1.8971199848858813
16 23 2.1355310083308794
1 24 -1.1076621241880276
4 24 -1.2809338454620645
5 24 0.9991783916799226
7 24 1.404643499788087
9 24 -1.0802631499999134
12 24 -1.0377035355811173
13 24 0.9038682118755981
14 24 0.30603121111997733
15 24 -1.1980461856562967
16 24 1.730065900222715
19 24 1.404643499788087
21 24 -1.4575573811413811
22 24 0.36318962495992607
24 24 -1.1980461856562967
25 24 1.199849087142074
1 25 -1.5131272322961917
2 25 0.5937132835717585
4 25 -1.6863989535702286
5 25 0.4113917267778037
7 25 1.4046434997880872
9 25 -2.178875438668023
12 25 -1.9539942674552722
13 25 0.21072103131565273
15 25 -1.6035112937644609
16 25 1.142279235320596
17 25 -0.38711596943996784
21 25 -2.5561696698094907
22 25 -0.7354226637081835
25 25 1.740527674057746
