0 0 0.13567937830144874
3 0 0.15718558352241235
4 0 -0.24827952458575217
5 0 -2.5169630659041164
0 1 0.15718558352241235
0 2 -0.24827952458575217
1 2 3.6018680771243066
4 3 3.6018680771243066
5 3 2.719478896925833
5 4 3.124944005033997
0 5 -2.922428174012281
1 5 1.844010159571933
2 5 1.844010159571933
5 5 2.269953799023638
8 5 3.124944005033997
9 5 2.719478896925833
10 5 0.8736522064275019
0 6 -2.0400389938138073
1 6 3.4195465203303517
2 6 3.6018680771243066
5 6 1.8440101595719327
1 7 2.5032557884561966
2 7 3.4195465203303517
5 7 1.8440101595719327
6 7 3.6018680771243066
9 8 3.6018680771243066
10 8 3.142335747745866
10 9 3.547800855854031
2 10 1.3505762785178113
5 10 0.4681870983193376
6 10 3.142335747745866
7 10 3.547800855854031
10 10 2.5492720257429036
