0 0 0.029533550035131563
3 0 0.03457134406508872
4 0 -0.37089376404307567
5 0 -2.1626532332711306
0 1 0.03457134406508872
0 2 -0.37089376404307567
1 2 4.922411060681417
4 3 4.922411060681417
5 3 4.516945952573252
5 4 4.922411060681417
5 5 3.823798772013307
8 5 4.922411060681417
9 5 4.516945952573252
10 5 2.725186483345197
0 6 -1.064040944603021
1 6 4.922411060681417
2 6 4.922411060681417
1 7 4.922411060681417
2 7 4.922411060681417
6 7 4.922411060681417
9 8 4.922411060681417
10 8 4.516945952573252
10 9 4.922411060681417
2 10 3.823798772013307
6 10 4.516945952573252
7 10 4.922411060681417
10 10 3.823798772013307
