0 0 0.23619780941188873
3 0 0.25811649511953505
4 0 -0.14734861298862936
5 0 -2.898883926030578
0 1 0.25811649511953505
0 2 -0.14734861298862936
1 2 3.6840064893720617
4 3 3.6840064893720617
5 3 2.3187655374500036
5 4 2.7242306455581677
5 5 2.0862698805655135
6 5 0.5270060682219486
7 5 1.935773285193898
9 5 2.4729162172772616
10 5 1.2891461202688452
11 5 1.891321522623064
12 5 -0.1661411123379967
5 6 2.2134050217921772
7 6 2.8547271344875367
9 6 2.3622506493897424
10 6 1.514952789002539
11 6 0.3253687221287024
12 6 -1.0389467322724129
5 7 1.4249476614279069
6 7 2.672405577693582
9 7 0.4751810003573625
10 7 3.6168671865344333
11 7 2.427283119660597
12 7 1.0629676652594817
5 8 1.712629733879688
6 8 3.365552758253527
7 8 1.3731225935633211
9 8 2.2669404695854176
10 8 1.8251077173063783
11 8 1.3286708309924873
12 8 -0.7287918039685735
5 9 -0.060780596680170544
6 9 1.7744639844876233
7 9 2.8730762731557333
10 9 2.718925593328475
11 9 2.8286245105848993
12 9 1.8390025056251946
11 10 3.0334189232309123
12 10 2.3622506493897424
12 11 2.767715757497907
0 12 -2.8553988140908393
1 12 2.3622506493897424
2 12 2.767715757497907
5 12 -0.7947497717603708
6 12 1.956785541281578
8 12 2.767715757497907
9 12 -0.9335862166145866
10 12 0.416340500334429
11 12 -1.4663907470993525
12 12 2.052095721085903
