0 0 4.628468098212913
5 0 6.014762459332804
6 0 6.014762459332804
7 0 3.375705129717545
0 1 5.475765958600117
5 1 6.168913139160062
0 2 5.881231066708281
0 3 5.475765958600117
1 3 6.168913139160062
0 4 5.475765958600117
2 4 6.168913139160062
6 5 6.168913139160062
7 5 4.2230029901047486
10 5 5.475765958600117
7 6 4.2230029901047486
10 6 5.475765958600117
11 6 5.475765958600117
0 7 2.836708628984858
1 7 4.2230029901047486
3 7 4.2230029901047486
7 7 4.474317418385655
10 7 4.916150170664694
11 7 4.628468098212913
12 7 -2.3337753660532936
1 8 5.475765958600117
3 8 5.475765958600117
7 8 4.916150170664694
3 9 5.475765958600117
7 9 4.628468098212913
8 9 5.475765958600117
11 10 5.475765958600117
12 10 -0.38786521699798027
12 11 0.017599891110184198
0 12 -2.4687262053320422
2 12 -0.38928466365220654
4 12 0.016180444455957746
7 12 -2.33519481270752
8 12 -0.38928466365220654
9 12 0.016180444455957746
12 12 0.013335492323726722
