0 0 3.2528912359936966
42 0 2.8535051739619144
44 0 3.32350880320765
56 0 0.16414710587185696
0 1 2.587802008228909
1 1 2.884276832628668
8 1 2.1686567962166645
2 2 3.567854562172463
3 2 2.6250282766723423
3 3 3.0064263586978694
4 3 2.969868762964072
9 3 1.4500430092196583
10 3 3.1930123142782816
11 3 2.5644036548559073
4 4 3.418818983011975
9 4 4.33510971488613
11 4 4.33510971488613
18 4 2.543350245658075
5 5 2.973306373774535
7 5 3.126798508961596
12 5 2.3075882303846535
6 6 3.5774240131886135
8 6 2.478811724520504
5 7 -1.3949900680874445
7 7 3.3711442679264088
16 7 1.5674350074487777
17 7 3.0251883325508135
26 7 -1.4820014450770742
0 8 0.2996056526869628
1 8 2.884276832628668
8 8 2.831032318109856
9 9 3.5084311417016623
18 9 4.225108819671801
28 9 2.4379897300002487
4 10 4.33510971488613
9 10 4.201578322261607
11 10 4.33510971488613
9 11 4.33510971488613
11 11 3.2364974262180204
18 11 3.6419625343261846
5 12 3.3982323494035866
7 12 1.0029052047109261
12 12 3.2209189206303317
13 12 -0.9491087272824051
5 13 0.4902954591514338
12 13 1.6461459796744606
13 13 3.0349613044794403
21 13 1.3868270410451267
23 13 1.6816894812705099
13 14 3.516799391372179
6 15 3.960416265444719
16 15 2.3541082460195466
6 16 2.8865730448890186
15 16 3.675864086001866
16 16 3.105849590845545
17 16 2.2045765120485825
26 16 1.3161205791678716
27 16 1.092977027853662
16 17 1.4096466371786953
17 17 3.524179498669801
26 17 3.2364974262180204
27 17 3.3216552345583272
18 18 3.554951157336555
28 18 4.318302596569749
29 18 4.152788158092175
40 18 4.047427642434349
41 18 3.554951157336555
53 18 2.948815353766239
54 18 3.2364974262180204
55 18 3.8651060856403943
68 18 2.543350245658075
79 18 1.1570558845381844
13 19 1.5018963708299138
14 19 4.33510971488613
22 19 4.33510971488613
24 19 4.33510971488613
20 20 3.54665235452186
21 20 2.8960647883807105
23 20 2.352729886049425
12 21 -2.167680331029494
13 21 -2.326745025659181
20 21 3.208439473422863
21 21 2.8348059074934953
23 21 2.6659525677504075
13 22 2.418187102704069
14 22 4.33510971488613
22 22 3.418818983011975
24 22 4.33510971488613
12 23 1.3631266215438023
13 23 1.5463481334007476
20 23 1.772911390796483
21 23 2.539389844441978
23 23 2.7492663634132883
13 24 3.206644463068339
14 24 4.33510971488613
24 24 3.4878118544989265
16 25 3.6068712145149147
25 25 3.2364974262180204
16 26 2.7024149402877624
25 26 3.929644606777966
26 26 2.891656939926291
27 26 3.131136910560194
16 27 0.5623487767914916
25 27 3.418818983011975
26 27 3.66394144104496
27 27 3.5729696628392333
28 28 3.418818983011975
29 28 4.33510971488613
40 28 4.33510971488613
41 28 4.33510971488613
53 28 4.33510971488613
54 28 4.33510971488613
55 28 4.33510971488613
68 28 4.33510971488613
77 28 4.11196616357192
78 28 2.5715211226247714
79 28 4.33510971488613
40 29 4.33510971488613
41 29 4.33510971488613
53 29 4.33510971488613
54 29 4.33510971488613
55 29 4.33510971488613
68 29 4.33510971488613
77 29 4.33510971488613
78 29 3.7754939269507073
79 29 4.33510971488613
30 30 2.948815353766239
33 30 3.6845221487449806
35 30 2.2556681732062938
30 31 4.33510971488613
31 31 3.3542804618744038
33 31 3.6199836276074095
35 31 -0.0469169197877516
19 32 3.929644606777966
22 32 1.62705951378392
32 32 3.2364974262180204
34 32 3.4035515108811865
30 33 2.9913749681850352
31 33 2.9913749681850352
33 33 2.9316557334834132
34 33 1.5949282356011267
35 33 3.016067580775407
36 33 2.8090534113910803
48 33 -0.9976090783792391
13 34 -2.687758371196512
14 34 1.5317493339795951
19 34 3.4035515108811865
22 34 3.306701684891269
24 34 2.6303616226477047
32 34 2.87548408068069
34 34 2.7801739008763646
35 34 -0.5476922077002409
45 34 1.9607449394979537
46 34 0.31333584549886456
47 34 -1.559293119378721
48 34 2.122617665419122
33 35 2.29822778762509
34 35 1.9372144420877595
35 35 3.399890973126456
36 35 3.6419625343261846
45 35 0.08661447283677108
48 35 0.6462302607721937
33 36 2.8090534113910803
34 36 0.8386021534196497
35 36 3.536602018668358
34 37 0.8386021534196497
37 37 3.418818983011975
46 37 0.9011225104009839
48 37 3.878351312390415
34 38 -0.03686658393425036
37 38 3.45964097753223
38 38 2.891656939926291
39 38 2.6975009254853335
48 38 2.4255672100016916
50 38 2.2556681732062938
51 38 3.0397871319719663
52 38 1.635091685481184
67 38 1.5018963708299138
34 39 -0.6654752433566243
37 39 3.093396582577347
38 39 3.2364974262180204
39 39 3.076154776142841
48 39 1.5500984726477915
50 39 1.4447379569899652
51 39 3.0251883325508135
52 39 1.9997347990690935
67 39 1.0964312627217496
41 40 4.33510971488613
53 40 4.33510971488613
54 40 4.33510971488613
55 40 4.33510971488613
68 40 4.33510971488613
77 40 4.33510971488613
78 40 3.998637478264917
79 40 4.33510971488613
41 41 2.948815353766239
53 41 4.33510971488613
54 41 4.33510971488613
68 41 4.33510971488613
77 41 4.33510971488613
78 41 4.33510971488613
79 41 4.33510971488613
80 41 3.3542804618744038
42 42 2.948815353766239
56 42 3.0389664507605367
32 43 2.1378851375499104
33 43 1.4872975714087613
34 43 2.3790471943667986
43 43 2.36102868886412
45 43 1.2905872771627072
46 43 3.3578582832222876
48 43 1.0392728488818008
0 44 0.6844514735923914
42 44 4.33510971488613
44 44 3.4878118544989265
56 44 2.577790735638367
32 45 1.6960523852708713
34 45 0.5974400966027618
38 45 2.1015174933790357
39 45 1.1082657203687525
45 45 2.6405139941117226
46 45 1.6632625624478805
47 45 2.1885288703686654
48 45 -0.5011721920653479
51 45 0.8487545248836679
52 45 0.7469718305737254
57 45 3.6419625343261846
61 45 3.6419625343261846
62 45 2.0325246218920845
30 46 2.794664673938981
31 46 3.3054902977049716
32 46 2.6768816382825977
33 46 2.4177729382748727
34 46 1.555279831389789
38 46 1.0029052047109261
39 46 0.19197498849459743
45 46 1.595968926713889
46 46 2.601532201040811
47 46 1.0899165817005558
48 46 0.00965343170064256
50 46 1.6960523852708713
51 46 1.541901705443613
52 46 0.05382465001378008
57 46 1.7760950929444077
61 46 1.9837344577226523
34 47 0.23246634984933426
38 47 1.6495323696359785
39 47 0.8386021534196499
43 47 1.7548928852938046
45 47 -0.7018428875274991
46 47 0.6234907738027041
47 47 2.7173729996373344
48 47 -0.9531573158084053
50 47 2.342679550195924
51 47 2.6993544941346563
52 47 0.7004518149388326
63 47 0.6844514735923914
66 47 3.1411872464136956
67 47 0.20261338669965304
32 48 1.4447379569899652
34 48 0.4331370453114852
38 48 0.7515907764300199
39 48 -0.7524866203462539
45 48 3.390648106045279
46 48 2.185138022400456
47 48 1.6859000138068534
48 48 2.8850995393801315
57 48 2.0733466164123393
61 48 3.2364974262180204
47 49 3.8831245911430727
49 49 3.3542804618744038
50 49 3.6419625343261846
63 49 1.6960523852708713
66 49 2.6611332813144584
47 50 3.1899774105831273
51 50 2.794664673938981
63 50 1.0029052047109261
66 50 2.4098188530335523
67 50 3.2936558400579687
37 51 2.72567180245203
38 51 2.206878009036862
39 51 1.5782693496144882
50 51 2.3891995658308165
51 51 2.841184689573874
52 51 1.0346539030255066
67 51 3.6991209481661333
34 52 -1.4967727623973868
37 52 2.2874168715208745
38 52 2.476658871159403
39 52 3.0213860466010747
48 52 -0.8906369588270712
50 52 1.306587618509148
51 52 2.133266191693616
52 52 3.0083988510742636
67 52 1.2459629966927133
68 53 4.33510971488613
77 53 4.33510971488613
78 53 4.33510971488613
79 53 4.33510971488613
80 53 4.047427642434349
81 53 2.1378851375499104
53 54 4.33510971488613
68 54 4.33510971488613
77 54 4.33510971488613
78 54 4.33510971488613
79 54 4.33510971488613
80 54 3.6419625343261846
81 54 2.1378851375499104
41 55 4.33510971488613
53 55 4.33510971488613
54 55 4.33510971488613
55 55 2.948815353766239
68 55 4.33510971488613
77 55 4.33510971488613
78 55 4.261001742732408
79 55 4.33510971488613
56 56 2.7627130741323787
69 56 1.9147415862357007
57 57 3.5084311417016623
62 57 3.838077413252475
73 57 3.1206656106928983
33 58 1.1996154989569805
43 58 3.45964097753223
46 58 3.7633233913304522
58 58 5.251400446760285
34 59 -0.41416081507571817
43 59 2.900025189596807
45 59 0.03782430866733908
46 59 1.5454795267914971
47 59 2.503609917008561
48 59 -0.21349011961356704
49 59 3.6419625343261846
50 59 2.6768816382825977
59 59 3.0082387742370402
60 59 1.6270595137839199
63 59 1.3595801486496586
66 59 -0.7888542645171289
70 59 1.4241186697872297
71 59 0.11193228082106087
43 60 4.152788158092175
45 60 0.08661447283677108
46 60 2.5750989439726553
47 60 1.9372144420877595
59 60 2.8166435806577566
60 60 3.418818983011975
63 60 2.389199565830817
57 61 4.33510971488613
62 61 3.5729696628392333
62 62 3.543982125965981
70 62 2.494560081488643
73 62 3.838077413252475
34 63 0.39676940114061054
43 63 2.206878009036862
45 63 -0.24985776378444186
46 63 1.0754758975457615
47 63 0.9075950249066014
48 63 -0.5011721920653479
59 63 3.295920846688821
63 63 3.0823467463907623
66 63 1.0029052047109261
70 63 0.26096785998154864
71 63 -1.9675092608587748
59 64 2.543350245658075
63 64 4.093947658069242
64 64 2.948815353766239
52 65 3.4660718678625204
66 65 1.8502030650981298
52 66 2.395897514514944
65 66 3.8651060856403943
66 66 3.4512727278617135
67 67 3.5739578052121272
71 67 1.6449972144705873
75 67 3.944243406199118
76 67 4.176045020256443
77 68 4.33510971488613
78 68 4.33510971488613
79 68 4.33510971488613
80 68 4.33510971488613
81 68 2.1378851375499104
2 69 1.4729088339566614
56 69 1.0799438886127284
69 69 2.8265779677604757
72 69 2.9263424979141806
43 70 0.4151185398088069
47 70 1.290587277162707
49 70 1.9837344577226523
50 70 1.290587277162707
59 70 2.3065078499857035
60 70 3.741592375275026
63 70 0.8487545248836676
70 70 3.358052627795827
71 70 -1.6798271884069942
47 71 0.06541226518616802
49 71 0.6715480687564835
50 71 -0.021599111803461815
59 71 -1.2743620802988296
63 71 2.0578424298763744
64 71 3.113895104125688
71 71 3.1172340053912024
74 71 3.310605398371742
2 72 3.9176684157312502
3 72 -1.7122624641601478
69 72 1.0392728488818008
72 72 3.524179498669801
62 73 2.6386604254623998
70 73 3.45964097753223
73 73 3.5084311417016623
59 74 1.2905872771627072
63 74 4.093947658069242
64 74 4.33510971488613
74 74 3.2364974262180204
71 75 3.2742377542008674
75 75 3.3542804618744038
71 76 3.0229233259199613
75 76 4.33510971488613
76 76 2.948815353766239
78 77 4.33510971488613
80 77 4.33510971488613
81 77 3.524179498669801
78 78 3.4878118544989265
80 78 4.33510971488613
81 78 4.162266902046719
82 78 0.7797616533967162
77 79 4.33510971488613
78 79 4.33510971488613
79 79 2.948815353766239
80 79 4.33510971488613
81 79 3.0541758694240655
80 80 3.3542804618744038
81 80 4.277951301046182
82 80 3.2364974262180204
80 81 1.4447379569899652
81 81 3.524179498669801
82 81 4.004545914951083
82 82 3.5729696628392333
94 82 3.1043256531095373
95 82 1.868221570600808
83 83 5.097249766933027
83 84 5.097249766933027
83 85 4.90309375249207
84 85 4.90309375249207
85 85 3.516799391372179
83 86 4.517431271680085
84 86 4.517431271680085
85 86 4.517431271680085
86 86 3.6419625343261846
83 87 3.998637478264917
84 87 4.33510971488613
85 87 4.33510971488613
86 87 4.33510971488613
87 87 3.2364974262180204
83 88 3.4878118544989265
84 88 4.33510971488613
85 88 4.33510971488613
86 88 4.33510971488613
87 88 4.33510971488613
83 89 3.082346746390762
84 89 4.33510971488613
85 89 4.33510971488613
86 89 4.33510971488613
87 89 4.33510971488613
88 89 4.33510971488613
83 90 2.3891995658308165
84 90 4.33510971488613
85 90 4.33510971488613
86 90 4.33510971488613
87 90 4.33510971488613
88 90 4.33510971488613
89 90 4.33510971488613
84 91 4.33510971488613
85 91 4.33510971488613
86 91 4.33510971488613
87 91 4.33510971488613
88 91 4.33510971488613
89 91 4.33510971488613
90 91 4.33510971488613
85 92 4.33510971488613
86 92 4.33510971488613
87 92 4.33510971488613
88 92 4.33510971488613
89 92 4.33510971488613
90 92 4.33510971488613
91 92 4.33510971488613
85 93 -0.24985776378444213
86 93 1.9473668135517774
87 93 2.3891995658308165
88 93 2.3891995658308165
89 93 2.3891995658308165
90 93 2.3891995658308165
91 93 2.3891995658308165
92 93 2.3891995658308165
93 93 2.824346125211044
94 93 2.1349654274465757
95 93 -0.7018428875274992
89 94 1.290587277162707
90 94 1.9837344577226523
91 94 2.3891995658308165
92 94 2.6768816382825977
93 94 1.6754330980681356
94 94 2.7893596217092878
95 94 3.134018756935083
87 95 1.9372144420877595
88 95 2.6303616226477047
89 95 2.6303616226477047
90 95 2.6303616226477047
91 95 2.6303616226477047
92 95 2.6303616226477047
93 95 2.242596091638941
94 95 0.9075950249066012
95 95 3.2028808154190354
