0 0 0.20405063415380406
3 0 -2.2329426599382987
6 0 0.25196398984970164
7 0 -0.1535011182584626
8 0 -2.5412440195928157
11 0 -2.6384077680464633
12 0 0.25196398984970164
14 0 -0.15350111825846288
0 1 0.25196398984970164
0 2 0.25196398984970164
0 3 -0.15350111825846288
1 3 3.196402969016142
0 4 -0.15350111825846288
1 4 3.196402969016142
0 5 -0.15350111825846288
2 5 4.295015257684252
1 6 1.4916548767777167
3 6 1.6094379124341003
7 6 2.995732273553991
8 6 1.9942837333395291
0 7 -2.551396391056833
1 7 1.4916548767777167
3 7 1.6094379124341003
8 7 2.3997488414476935
0 8 -3.1290306844949343
1 8 1.6071677638995612
3 8 2.130415907664109
8 8 1.753121676522641
9 8 -0.2899522209863202
10 8 2.19495442880168
11 8 -0.2899522209863202
13 8 2.6004195369098446
15 8 2.19495442880168
16 8 0.4519851237430572
0 9 -2.6384077680464633
1 9 1.404643499788087
3 9 1.5224265354444706
8 9 2.41809798011589
8 10 2.19495442880168
9 10 3.6018680771243066
0 11 -2.6384077680464633
1 11 2.0977906803480324
3 11 1.5224265354444706
4 11 3.6018680771243066
8 11 1.7894893206935159
9 11 3.4195465203303517
9 12 3.6018680771243066
11 12 3.6018680771243066
14 12 5.393627546352362
8 13 -0.6954173290944846
9 13 2.0977906803480324
10 13 3.196402969016142
11 13 1.404643499788087
15 13 3.196402969016142
16 13 2.83972802507741
8 14 1.5018072482417348
9 14 3.6018680771243066
11 14 3.6018680771243066
8 15 -0.5776342934381011
9 15 1.5224265354444706
11 15 2.2155737160044158
16 15 3.3141860046725258
0 16 -2.743768283704289
1 16 0.20067069546215105
2 16 3.0910424533583156
3 16 0.3184537311185345
4 16 3.0910424533583156
5 16 3.4965075614664802
8 16 -0.8007778447523108
9 16 2.3978952727983702
11 16 3.004031076368686
16 16 2.34660197841082
