8 0 3.278595059569823
2 1 3.1354942159291497
7 1 1.9315214116032136
2 2 2.2192034840549946
3 2 3.64631983969514
5 2 3.1354942159291497
6 2 3.1354942159291497
7 2 0.7275486072772777
15 2 2.03688192726104
16 2 0.044451762570833796
2 3 2.730029107820985
3 3 3.240854731586976
15 3 3.9340019121469214
26 3 3.64631983969514
7 4 1.2383742310432684
16 4 2.3470368555648795
5 5 3.3586377672433594
14 5 4.2749284991175145
5 6 4.74493212836325
14 6 3.3586377672433594
4 7 1.2791962255635234
7 7 1.6644586263541683
8 7 0.6601570171573
16 7 1.4462503102266897
18 7 -0.1070981355563671
24 7 -0.33024168687057703
27 7 -0.22488117121275064
30 7 1.109297188768126
2 8 0.5705448584676129
7 8 0.870649450917951
8 8 2.387622135679958
16 8 0.47523467866328806
18 8 2.990912987118042
9 9 3.3586377672433594
19 9 4.339467020255086
28 9 2.9531726591351948
9 10 4.2749284991175145
10 10 3.0709556947915786
19 10 2.26002547857525
52 10 1.0560526742493137
62 10 1.2791962255635234
11 11 3.3586377672433594
12 11 4.74493212836325
20 11 4.051784947803305
21 11 4.74493212836325
20 12 4.74493212836325
21 12 4.74493212836325
29 12 4.74493212836325
22 13 4.74493212836325
39 13 4.74493212836325
1 14 3.3586377672433594
2 14 1.7491998548092589
7 14 -0.1479201300766223
13 14 4.457250055911469
14 14 3.0709556947915786
22 14 3.764102875351524
0 15 3.64631983969514
8 15 1.7745176627935488
15 15 2.5477075510270306
23 15 4.339467020255086
26 15 4.339467020255086
32 15 3.64631983969514
2 16 1.990361911626147
3 16 1.2484245668967697
5 16 0.9607424944449888
6 16 2.3470368555648795
7 16 1.325385608032898
8 16 0.47523467866328806
16 16 1.6983414375757682
24 16 0.044451762570833796
27 16 -0.5433349023312852
33 16 -0.2920204740503791
35 17 4.051784947803305
44 17 4.74493212836325
7 18 -0.1479201300766223
8 18 2.403126322215923
16 18 1.6538896750049341
18 18 2.665490586683414
10 19 2.26002547857525
19 19 2.5477075510270306
28 19 3.9340019121469214
37 19 2.9531726591351948
52 19 1.3437347467010947
62 19 0.873731117455359
29 20 4.74493212836325
38 20 4.74493212836325
48 20 4.74493212836325
20 21 4.74493212836325
29 21 4.74493212836325
38 21 4.74493212836325
22 22 3.3586377672433594
39 22 4.74493212836325
40 22 4.74493212836325
57 22 4.051784947803305
32 23 4.74493212836325
42 23 4.051784947803305
61 23 4.74493212836325
24 24 3.1354942159291497
33 24 3.492169159867882
1 25 4.74493212836325
2 25 3.1354942159291497
14 25 3.3586377672433594
23 26 4.74493212836325
32 26 4.74493212836325
42 26 4.051784947803305
8 27 -0.017241806434506103
16 27 1.0661030101028153
24 27 1.6314168191528755
27 27 3.240854731586976
33 27 0.6017974019717174
10 28 2.26002547857525
19 28 2.5477075510270306
28 28 2.5477075510270306
37 28 3.64631983969514
47 28 4.339467020255086
52 28 1.3437347467010947
55 28 3.64631983969514
38 29 4.74493212836325
46 29 4.74493212836325
48 29 4.74493212836325
4 30 2.9531726591351948
7 30 1.0560526742493137
16 30 -0.8310169747830661
30 30 3.0283960803727825
0 31 4.74493212836325
8 31 2.179982770901713
15 31 3.64631983969514
42 32 4.051784947803305
61 32 4.74493212836325
72 32 4.74493212836325
24 33 2.9813435361018916
33 33 3.050336407588843
43 33 2.2881963555419462
1 34 4.74493212836325
14 34 3.3586377672433594
25 34 4.74493212836325
27 35 3.4639982829011857
35 35 3.3586377672433594
17 36 4.74493212836325
36 36 3.3586377672433594
44 36 4.457250055911469
10 37 2.665490586683414
19 37 2.9531726591351948
28 37 2.9531726591351948
47 37 4.051784947803305
55 37 4.051784947803305
82 37 4.051784947803305
46 38 4.74493212836325
48 38 4.74493212836325
65 38 4.74493212836325
40 39 4.74493212836325
57 39 4.74493212836325
70 39 4.74493212836325
57 40 4.74493212836325
70 40 4.74493212836325
94 40 3.3586377672433594
14 41 3.3586377672433594
25 41 4.74493212836325
34 41 4.74493212836325
0 42 4.051784947803305
15 42 2.9531726591351948
31 42 4.051784947803305
61 42 4.051784947803305
72 42 4.051784947803305
93 42 2.9531726591351948
43 43 3.0301337002713233
51 43 3.1354942159291497
52 43 2.4423470353692043
27 44 1.8545603704670852
35 44 4.74493212836325
44 44 3.3586377672433594
17 45 4.74493212836325
36 45 4.74493212836325
65 46 4.74493212836325
79 46 4.74493212836325
109 46 3.3586377672433594
55 47 4.74493212836325
82 47 4.74493212836325
108 47 3.64631983969514
46 48 4.74493212836325
65 48 4.74493212836325
79 48 4.74493212836325
19 49 3.64631983969514
28 49 3.64631983969514
37 49 4.051784947803305
25 50 4.051784947803305
34 50 4.74493212836325
41 50 4.74493212836325
50 50 3.3586377672433594
52 51 2.4423470353692043
62 51 2.665490586683414
10 52 2.847812143477369
43 52 1.2383742310432684
51 52 2.4423470353692043
52 52 2.537657215173529
62 52 1.8669828904656425
15 53 3.64631983969514
31 53 4.74493212836325
42 53 4.051784947803305
36 54 4.74493212836325
45 54 4.74493212836325
82 55 4.74493212836325
108 55 3.64631983969514
110 55 4.051784947803305
28 56 3.64631983969514
37 56 4.051784947803305
49 56 4.74493212836325
70 57 4.74493212836325
94 57 4.051784947803305
41 58 4.051784947803305
50 58 4.74493212836325
58 58 3.3586377672433594
11 59 4.339467020255086
12 59 3.64631983969514
43 59 1.3437347467010947
52 59 1.3437347467010947
59 59 2.5477075510270306
62 59 0.873731117455359
50 60 4.051784947803305
58 60 4.74493212836325
72 61 4.74493212836325
93 61 4.339467020255086
43 62 0.3629054936893683
52 62 1.0560526742493137
59 62 2.26002547857525
62 62 2.418630508751888
76 62 2.4578512219051696
42 63 4.051784947803305
53 63 4.74493212836325
64 63 4.74493212836325
31 64 4.74493212836325
42 64 4.051784947803305
53 64 4.74493212836325
79 65 4.74493212836325
109 65 4.051784947803305
36 66 3.3586377672433594
45 66 4.051784947803305
54 66 4.74493212836325
66 66 3.3586377672433594
67 66 4.051784947803305
45 67 4.74493212836325
54 67 4.74493212836325
66 67 4.051784947803305
49 68 4.74493212836325
56 68 4.74493212836325
69 68 4.74493212836325
37 69 4.051784947803305
49 69 4.74493212836325
56 69 4.74493212836325
94 70 4.457250055911469
74 71 4.74493212836325
75 71 4.74493212836325
93 72 4.339467020255086
97 72 4.74493212836325
92 73 3.64631983969514
60 74 4.051784947803305
74 74 3.3586377672433594
77 74 4.74493212836325
74 75 4.74493212836325
77 75 4.051784947803305
11 76 1.9723434061234688
59 76 2.9531726591351948
62 76 1.9723434061234688
76 76 2.9839443178019485
58 77 4.457250055911469
60 77 4.74493212836325
77 77 3.3586377672433594
53 78 4.051784947803305
63 78 4.74493212836325
64 78 4.74493212836325
78 78 3.3586377672433594
109 79 4.457250055911469
66 80 4.74493212836325
67 80 4.74493212836325
66 81 4.051784947803305
67 81 4.74493212836325
80 81 4.74493212836325
108 82 3.64631983969514
110 82 4.74493212836325
68 83 4.051784947803305
83 83 3.3586377672433594
84 83 4.74493212836325
86 83 4.74493212836325
68 84 4.74493212836325
69 84 4.74493212836325
86 84 4.74493212836325
66 85 4.051784947803305
80 85 4.74493212836325
81 85 4.74493212836325
56 86 4.74493212836325
68 86 4.74493212836325
69 86 4.74493212836325
87 87 3.764102875351524
88 87 3.5409593240373143
88 88 3.3178157727231046
89 88 3.1354942159291497
92 88 2.03688192726104
88 89 1.3437347467010947
89 89 3.1073233389624533
91 89 2.9531726591351948
92 89 2.5477075510270306
93 89 2.9531726591351948
87 90 4.457250055911469
88 91 3.1354942159291497
89 91 3.64631983969514
71 92 3.64631983969514
73 92 2.5477075510270306
74 92 1.8545603704670852
75 92 3.240854731586976
88 92 0.9382696385929302
89 92 1.8545603704670852
91 92 3.240854731586976
92 92 2.653068066684857
95 92 3.240854731586976
100 92 3.240854731586976
92 93 2.142242442918866
93 93 2.5477075510270306
95 93 3.64631983969514
96 93 4.339467020255086
97 93 4.339467020255086
101 93 2.9531726591351948
87 94 3.0709556947915786
90 94 4.457250055911469
94 94 3.764102875351524
73 95 4.74493212836325
92 95 2.5477075510270306
100 95 4.74493212836325
98 96 3.8286413964890946
101 96 4.051784947803305
96 97 4.74493212836325
98 97 3.1354942159291497
101 97 4.051784947803305
98 98 3.7232808808312687
101 98 3.5409593240373143
102 98 3.1354942159291497
106 98 3.8286413964890946
103 99 4.74493212836325
107 99 3.3586377672433594
73 100 4.74493212836325
92 100 3.240854731586976
98 101 3.5409593240373143
99 101 4.051784947803305
102 101 4.051784947803305
106 101 4.051784947803305
99 102 4.74493212836325
103 102 4.74493212836325
103 103 3.3586377672433594
104 103 2.9531726591351948
107 103 4.051784947803305
78 104 2.9531726591351948
104 104 3.64631983969514
107 104 3.86946339100935
111 105 4.051784947803305
112 105 4.339467020255086
99 106 4.74493212836325
102 106 4.74493212836325
103 106 4.051784947803305
63 107 3.3586377672433594
78 107 4.051784947803305
104 107 3.86946339100935
107 107 2.665490586683414
108 108 3.240854731586976
109 108 2.9531726591351948
110 108 3.64631983969514
112 108 3.240854731586976
117 108 2.26002547857525
105 109 4.457250055911469
109 109 3.0709556947915786
111 109 3.3586377672433594
112 109 2.9531726591351948
117 109 2.665490586683414
108 110 4.339467020255086
109 110 2.665490586683414
110 110 3.3586377672433594
83 111 4.051784947803305
84 111 4.051784947803305
112 111 3.64631983969514
113 111 3.3586377672433594
112 112 2.5477075510270306
113 112 3.64631983969514
117 112 3.3586377672433594
118 112 4.051784947803305
113 113 3.3586377672433594
114 113 4.051784947803305
118 113 4.051784947803305
119 113 3.3586377672433594
85 114 4.051784947803305
114 114 3.3586377672433594
119 114 4.74493212836325
83 115 4.457250055911469
111 115 4.051784947803305
115 115 3.3586377672433594
111 116 4.051784947803305
115 116 4.74493212836325
115 117 3.764102875351524
116 117 4.457250055911469
117 117 3.764102875351524
113 118 4.051784947803305
114 118 4.457250055911469
118 118 3.3586377672433594
80 119 4.051784947803305
81 119 4.74493212836325
85 119 4.74493212836325
119 119 3.3586377672433594
