0 0 0.28959571234561793
1 0 -2.336776457742325
3 0 -0.034191364748279426
7 0 0.2659132277020588
8 0 -0.09134977858822808
9 0 -2.2677835862553737
0 1 0.2281728997192117
7 1 0.8329091229351039
8 1 0.9382696385929302
0 2 0.3022808718729335
7 2 0.8329091229351039
0 3 -0.034191364748279426
1 3 3.1354942159291497
0 4 -0.1677227573728021
1 4 3.1354942159291497
7 4 1.0560526742493137
0 5 -0.034191364748279426
2 5 3.1354942159291497
0 6 -0.034191364748279426
2 6 3.1354942159291497
0 7 -3.0299236383022703
1 7 0.8329091229351039
3 7 2.4423470353692043
8 7 2.4423470353692043
9 7 1.5950491749820006
9 8 2.1058747987479913
0 9 -3.0787138024717025
1 9 1.4772661393256172
2 9 -0.6021754023542187
4 9 2.0188634217583616
5 9 1.7004096906398272
9 9 1.4742855111874795
12 9 2.1058747987479913
13 9 1.7004096906398272
14 9 0.05175106505244543
4 10 3.3586377672433594
9 10 1.7004096906398272
9 11 1.7004096906398272
10 11 4.74493212836325
0 12 -2.51909801453628
2 12 1.3437347467010947
5 12 2.9531726591351948
13 12 2.9531726591351948
14 12 2.690808394667704
6 13 2.4423470353692043
14 13 3.1354942159291497
0 14 -1.9059935416498708
2 14 2.6499864001474487
6 14 3.096273502775868
9 14 -1.557686847381655
10 14 2.8731299514616584
11 14 3.278595059569823
14 14 2.0129286862385474
