0 0 0.23312402412808278
6 0 -0.07119110085859891
7 0 -0.47665620896676314
8 0 -2.8348111531156195
0 1 -0.2455444880033766
6 1 2.060210179751948
7 1 2.060210179751948
8 1 0.39520241616303714
0 2 0.265281135762614
0 3 -0.651009596111541
1 3 3.0898295969331064
6 3 1.367062999192003
7 3 1.367062999192003
11 3 3.312973148247316
13 3 3.312973148247316
15 3 0.6049229471451064
1 4 3.312973148247316
6 4 2.976500911626103
7 4 2.976500911626103
0 5 -0.1401839723455502
2 5 4.229263880121471
7 6 2.976500911626103
8 6 2.0046403285971373
8 7 2.410105436705302
0 8 -3.3456367768816104
1 8 1.7814967772829278
3 8 2.410105436705302
6 8 -0.634417001018121
8 8 1.743626503227518
11 8 2.0046403285971377
12 8 2.410105436705302
13 8 1.3114931480371923
14 8 2.0046403285971377
15 8 -0.010262691945127163
8 9 2.410105436705302
1 10 2.2143608595792066
4 10 3.823798772013307
6 10 1.8778886229579936
8 10 1.5991752204889733
9 10 3.823798772013307
13 11 4.922411060681417
15 11 2.907508040139152
14 12 3.536116699561526
15 12 2.907508040139152
10 13 3.823798772013307
15 13 2.907508040139152
15 14 3.312973148247316
0 15 -2.8482341734477603
1 15 0.6049229471451064
2 15 2.907508040139152
4 15 2.907508040139152
5 15 3.3129731482473166
8 15 -0.7034098725050725
9 15 2.907508040139152
10 15 3.1951901125909328
15 15 2.2788993807167777
