0 0 0.009111287897691092
3 0 0.010522720736098915
4 0 -0.39494238737206555
5 0 -2.4743839290519016
0 1 0.010522720736098915
0 2 -0.39494238737206555
1 2 6.168913139160062
4 3 6.168913139160062
5 3 5.475765958600117
5 4 5.881231066708281
0 5 -2.4743839290519016
1 5 4.782618778040171
2 5 4.782618778040171
5 5 4.49493670558839
8 5 5.881231066708281
9 5 5.475765958600117
10 5 3.6840064893720617
1 6 6.168913139160062
2 6 6.168913139160062
5 6 4.782618778040171
2 7 6.168913139160062
5 7 4.782618778040171
6 7 6.168913139160062
9 8 6.168913139160062
10 8 5.763448031051897
10 9 6.168913139160062
5 10 3.6840064893720617
6 10 5.763448031051897
7 10 6.168913139160062
10 10 5.070300850491952
