0 0 0.04330987045350169
3 0 0.04969966855227254
4 0 -0.3557654395558919
5 0 -2.6583505325499375
0 1 0.04969966855227254
0 2 -0.3557654395558919
1 2 4.700480365792417
4 3 4.700480365792417
5 3 3.784189633918261
5 4 4.189654742026425
0 5 -2.6583505325499375
1 5 3.784189633918261
2 5 3.784189633918261
5 5 2.8678989020441064
8 5 4.189654742026425
9 5 3.784189633918261
10 5 1.992430164690206
2 6 4.700480365792417
5 6 3.784189633918261
5 7 3.784189633918261
6 7 4.700480365792417
9 8 4.700480365792417
10 8 4.295015257684252
10 9 4.700480365792417
5 10 1.992430164690206
6 10 4.295015257684252
7 10 4.700480365792417
10 10 3.6018680771243066
