0 0 0.1092174485147114
6 0 0.1334317066353059
8 0 -0.33657192261042973
9 0 -2.2274222944827153
0 1 0.1334317066353059
0 2 0.1334317066353059
0 3 -0.38981643712924197
1 3 3.7485450105096327
7 3 3.971688561823843
8 3 1.1990998395840615
9 3 0.0013966482717210399
0 4 -0.27203340147285854
1 4 3.866328046166016
0 5 -0.27203340147285854
2 5 4.5594752267259615
8 6 3.396324416920281
9 6 2.891768406167886
8 7 3.396324416920281
9 7 2.891768406167886
9 8 3.232694993138479
12 8 2.09704143279002
0 9 -2.8560309539050897
1 9 2.4609854900754318
3 9 2.997128921825712
7 9 2.891768406167886
8 9 -0.5739674966318408
9 9 2.179573030637246
12 9 3.2019233344717253
13 9 2.891768406167886
14 9 1.1625292939211647
1 10 3.5786459737142358
3 10 3.971688561823843
9 10 2.42176477692215
0 11 -2.0637928707009134
1 11 2.7677157574979065
3 11 3.2785413812638975
4 11 4.377153669932007
9 11 2.0162996688139856
10 11 4.377153669932007
5 12 2.1615799539275913
13 12 3.771017866361692
14 12 3.3815530995999685
2 13 2.1615799539275913
5 13 2.1615799539275913
14 13 3.771017866361692
0 14 -2.7897298740838496
1 14 1.1254880222408155
2 14 3.322712599577035
4 14 3.428073115234861
5 14 3.6904373797023524
9 14 0.15092838224268473
10 14 3.428073115234861
11 14 3.8335382233430257
14 14 2.7021361118519254
