0 0 3.0465684742428203
5 0 3.68564843353249
6 0 3.2801833254243253
11 0 3.2801833254243253
12 0 0.9775982324302798
14 0 0.6411259958090667
0 1 3.536116699561526
0 2 3.536116699561526
0 3 3.1306515914533617
1 3 4.229263880121471
0 4 3.1306515914533617
2 4 4.922411060681417
6 5 4.229263880121471
10 5 2.283353731066158
11 5 4.229263880121471
12 5 2.6198259676873707
14 5 2.976500911626103
12 6 3.312973148247316
14 6 2.976500911626103
15 6 -0.9326608615210107
0 7 -0.1274449465681205
1 7 1.6643145226599347
3 7 1.6643145226599347
7 7 2.970566176106289
12 7 2.5397832600138344
14 7 1.797845915284457
15 7 -2.804463038422602
0 8 0.6457449416653613
1 8 3.1306515914533617
3 8 3.1306515914533617
7 8 2.5116123830471384
9 8 3.1306515914533617
12 8 2.2143608595792066
13 8 2.4375044108934163
14 8 1.1847414423980485
15 8 -2.7244203307490658
13 9 4.229263880121471
14 9 2.976500911626103
15 9 -0.9326608615210107
1 10 2.283353731066158
3 10 2.976500911626103
7 10 2.020989466598667
8 10 2.976500911626103
9 10 2.976500911626103
12 10 2.060210179751948
13 10 2.283353731066158
14 10 1.7237379431307351
15 10 -2.878571010576324
8 11 3.1306515914533617
10 11 2.976500911626103
14 11 2.976500911626103
9 12 3.312973148247316
13 12 2.6198259676873707
14 12 2.976500911626103
15 12 -0.46265723227527483
14 13 2.976500911626103
15 13 -0.23951368096106537
8 14 1.1847414423980485
10 14 1.03059076257079
12 14 1.367062999192003
15 14 0.011800747319840899
0 15 -3.423281812572449
2 15 -0.2452279822245038
3 15 -1.6315223433443944
4 15 0.16023712588366068
7 15 -2.404712231577876
8 15 -0.4275495390184583
10 15 0.006086446056402253
12 15 -2.5478130752185493
13 15 -0.9383751627844491
14 15 -2.8842853118397622
15 15 0.12524813403359505
