24 0 0.260830200991131
0 1 5.475765958600117
1 1 4.782618778040171
24 1 -0.4323169795688143
8 2 4.916150170664694
13 2 6.168913139160062
8 3 5.321615278772859
4 4 3.971688561823843
5 4 3.971688561823843
10 4 4.664835742383788
11 4 3.971688561823843
14 4 5.070300850491952
5 5 4.5313043497592655
11 5 3.971688561823843
12 5 4.377153669932007
24 5 -2.6295415569050333
27 5 2.0947712842554806
0 6 5.475765958600117
1 6 6.168913139160062
1 7 6.168913139160062
6 7 6.168913139160062
8 8 4.579677934043481
9 8 4.916150170664694
13 8 4.916150170664694
16 8 3.712177366338758
4 9 3.971688561823843
9 9 5.070300850491952
10 9 5.581126474257943
4 10 4.664835742383788
5 10 4.377153669932007
10 10 3.971688561823843
14 10 4.664835742383788
15 10 3.971688561823843
5 11 4.887979293697998
11 11 3.971688561823843
12 11 5.070300850491952
5 12 3.2785413812638975
11 12 5.581126474257943
12 12 5.070300850491952
16 13 5.6580875153940715
14 14 3.971688561823843
15 14 5.581126474257943
19 14 5.070300850491952
88 14 5.070300850491952
89 14 4.377153669932007
15 15 3.971688561823843
19 15 5.763448031051897
88 15 5.070300850491952
89 15 5.070300850491952
94 15 5.763448031051897
95 15 3.971688561823843
16 16 5.147261891628081
17 16 5.475765958600117
18 16 4.5594752267259615
14 17 5.070300850491952
15 17 4.377153669932007
17 17 4.782618778040171
18 17 6.168913139160062
14 18 5.070300850491952
15 18 5.070300850491952
88 18 6.168913139160062
89 19 5.475765958600117
90 19 4.782618778040171
94 19 6.168913139160062
39 20 6.168913139160062
40 20 5.475765958600117
21 21 3.971688561823843
22 21 5.070300850491952
25 21 3.198498673590361
45 21 3.2785413812638975
21 22 4.5594752267259615
22 22 4.741796783519916
25 22 3.0931381579325348
41 22 4.5594752267259615
42 22 4.5594752267259615
24 23 0.260830200991131
20 24 0.2608302009911312
24 24 0.23885129427235585
25 24 -0.5123596872423506
27 24 -0.9919327675042369
39 24 -0.43231697956881415
44 24 -1.8186113406887048
21 25 4.114789405464516
22 25 3.3808202303843156
25 25 3.8116031464767697
41 25 4.009428889806689
44 25 0.831375059458744
45 25 4.009428889806689
46 25 2.2176694205786345
2 26 3.396324416920281
3 26 3.396324416920281
24 26 -2.9172236293568146
26 26 3.396324416920281
27 26 -0.4954958811903458
29 26 2.9908593088121163
30 26 4.217304968990111
4 27 2.2770928410494355
24 27 -1.7338701122336142
26 27 2.871799948796128
27 27 2.8279237994291253
28 27 3.375705129717545
30 27 -0.12080243174893511
31 27 2.6825579491575997
50 27 2.2770928410494355
55 27 1.5839456604894901
50 28 5.475765958600117
55 28 6.168913139160062
29 29 3.971688561823843
32 29 5.070300850491952
57 29 5.070300850491952
2 30 4.464165046921637
3 30 4.464165046921637
8 30 3.6168671865344333
29 30 4.464165046921637
30 30 3.3190327426186346
32 30 3.771017866361692
33 30 3.771017866361692
61 30 3.771017866361692
4 31 5.070300850491952
10 31 4.377153669932007
24 31 -0.4323169795688143
32 32 4.2230029901047486
33 32 4.916150170664694
57 32 4.916150170664694
61 32 4.2230029901047486
62 32 4.0688523102774905
63 32 2.4312435208766936
61 33 5.475765958600117
62 33 4.628468098212913
63 33 4.377153669932007
65 34 5.475765958600117
66 34 6.168913139160062
36 35 6.168913139160062
37 35 6.168913139160062
67 35 5.070300850491952
37 36 6.168913139160062
67 36 5.763448031051897
67 37 6.168913139160062
24 38 -0.8377820876769786
38 38 5.070300850491952
43 38 4.089471597480226
34 39 5.475765958600117
39 39 4.782618778040171
40 39 6.168913139160062
34 40 6.168913139160062
40 40 4.782618778040171
65 40 4.089471597480226
66 40 6.168913139160062
35 41 6.168913139160062
36 41 5.475765958600117
41 41 4.782618778040171
42 41 6.168913139160062
35 42 6.168913139160062
36 42 6.168913139160062
37 42 6.168913139160062
23 43 4.089471597480226
24 43 -0.5193283565584439
43 43 4.20725463313661
44 43 2.4154951639085547
24 44 -1.818611340688705
43 44 1.316882875240445
44 44 4.089471597480226
49 44 3.1086423444685
71 44 2.4800336850461258
72 44 3.1086423444685
78 44 2.7031772363603355
44 45 2.2977121282521713
45 45 3.6840064893720617
46 45 4.600297221246216
49 45 4.089471597480226
69 45 5.070300850491952
72 45 2.9908593088121163
45 46 4.600297221246217
46 46 5.188083886148336
69 46 4.089471597480226
50 47 5.475765958600117
51 47 6.168913139160062
52 47 6.168913139160062
24 48 -0.8377820876769786
26 48 3.396324416920281
27 48 2.2770928410494355
43 49 3.396324416920281
44 49 3.396324416920281
49 49 5.188083886148336
24 50 -0.4323169795688143
55 50 5.475765958600117
56 50 5.475765958600117
24 51 -0.14463490711703333
50 51 5.475765958600117
24 52 -0.8377820876769786
50 52 5.475765958600117
51 52 6.168913139160062
26 53 3.396324416920281
27 53 1.5839456604894901
48 53 6.168913139160062
53 53 4.782618778040171
27 54 3.0655502014137057
54 54 4.336331675411752
55 55 4.782618778040171
56 55 6.168913139160062
75 55 6.168913139160062
77 55 4.782618778040171
75 56 6.168913139160062
77 56 6.168913139160062
58 57 4.782618778040171
62 57 4.916150170664694
48 58 4.782618778040171
53 58 4.782618778040171
54 58 4.271793154274181
58 58 4.49493670558839
59 58 4.271793154274181
27 59 0.667654928615335
54 59 5.029478855971697
59 59 4.741796783519916
24 60 -0.14463490711703333
31 60 5.475765958600117
63 61 5.475765958600117
53 62 4.2230029901047486
58 62 4.628468098212913
59 62 4.4053245468987035
62 62 4.2230029901047486
53 63 3.6840064893720617
58 63 3.6840064893720617
62 63 3.5298558095448036
63 63 5.070300850491952
38 64 5.763448031051897
68 64 6.168913139160062
38 65 3.6840064893720617
64 65 5.881231066708281
65 65 5.188083886148336
68 65 5.475765958600117
65 66 5.881231066708281
67 67 5.070300850491952
70 67 5.763448031051897
38 68 6.168913139160062
69 69 4.782618778040171
72 69 5.698909509914326
47 70 6.168913139160062
51 70 5.070300850491952
52 70 5.763448031051897
70 70 5.070300850491952
43 71 4.271793154274181
71 71 4.741796783519916
78 71 4.5594752267259615
84 71 4.5594752267259615
71 72 5.119091014661384
72 72 4.49493670558839
78 72 4.782618778040171
23 73 6.168913139160062
24 73 -0.8377820876769786
43 73 4.089471597480226
0 74 5.475765958600117
24 74 -0.4323169795688143
74 74 4.782618778040171
77 75 6.168913139160062
83 75 6.168913139160062
24 76 -0.8377820876769786
31 76 5.475765958600117
60 76 6.168913139160062
77 77 4.782618778040171
83 77 6.168913139160062
92 77 5.188083886148336
78 78 4.782618778040171
84 78 6.168913139160062
87 78 6.168913139160062
97 78 5.475765958600117
0 79 4.782618778040171
74 79 6.168913139160062
79 79 4.782618778040171
1 80 4.782618778040171
6 80 6.168913139160062
7 80 6.168913139160062
80 80 4.782618778040171
31 81 5.475765958600117
60 81 6.168913139160062
76 81 6.168913139160062
60 82 6.168913139160062
76 82 6.168913139160062
81 82 6.168913139160062
92 83 5.881231066708281
87 84 6.168913139160062
97 84 6.168913139160062
98 84 4.5594752267259615
43 85 4.089471597480226
73 85 6.168913139160062
86 85 6.168913139160062
23 86 6.168913139160062
43 86 4.089471597480226
73 86 6.168913139160062
97 87 6.168913139160062
98 87 5.252622407285907
89 88 5.475765958600117
95 88 5.763448031051897
80 89 4.782618778040171
90 89 4.782618778040171
95 89 5.475765958600117
7 90 4.782618778040171
74 90 4.089471597480226
79 90 5.475765958600117
80 90 5.475765958600117
90 90 4.089471597480226
76 91 5.475765958600117
81 91 6.168913139160062
82 91 6.168913139160062
91 91 4.782618778040171
82 92 4.782618778040171
91 92 5.698909509914326
92 92 5.188083886148336
73 93 6.168913139160062
85 93 6.168913139160062
86 93 6.168913139160062
89 94 5.475765958600117
90 94 5.475765958600117
79 95 4.377153669932007
90 95 5.293444401806162
95 95 5.070300850491952
85 96 6.168913139160062
86 96 6.168913139160062
93 96 6.168913139160062
98 97 5.6580875153940715
93 98 4.5594752267259615
96 98 5.252622407285907
98 98 5.147261891628081
99 98 5.6580875153940715
85 99 6.168913139160062
93 99 6.168913139160062
96 99 6.168913139160062
