0 0 0.2344327191019975
3 0 0.2563114404778047
4 0 -0.14915366763035964
5 0 -2.9321051769056874
0 1 0.2563114404778045
0 2 -0.14915366763035964
1 2 3.6840064893720617
4 3 3.6840064893720617
5 3 2.2873493412166246
5 4 2.6928144493247888
5 5 2.1008955471377595
6 5 0.4310513508509984
7 5 1.9996672687648436
9 5 2.3728715146547863
10 5 0.9010549800967339
11 5 1.9714963917981474
12 5 0.027781633306269874
5 6 2.040489263285099
7 6 2.7031772363603355
8 6 0.9114177671322805
9 6 2.4620151795434473
11 6 2.01003005580039
12 6 -0.4213879090366238
5 7 1.5942021606566792
6 7 3.214002860126326
9 7 2.143561448424913
10 7 3.6840064893720617
11 7 1.8922470201440067
12 7 -0.1337058365848429
5 8 1.7483528404839375
6 8 3.309313039930651
9 8 2.143561448424913
10 8 2.9908593088121163
11 8 1.6045649476922257
12 8 -0.8268530171447882
5 9 -0.35170798839863404
6 9 1.6735578191791771
7 9 2.836708628984858
8 9 1.044949159756803
9 9 -0.4954958811903458
10 9 2.836708628984858
11 9 2.794149014566062
12 9 2.039421189172316
11 10 2.9908593088121163
12 10 2.351200813203157
6 11 0.21827058657233517
8 11 2.115390571458217
10 11 2.2977121282521713
11 11 -0.18719452153582916
12 11 2.6388828856549384
0 12 -2.8682537049191548
1 12 2.351200813203157
2 12 2.756665921311322
5 12 -0.7194327685239513
6 12 1.929987348126854
8 12 2.5053514930304157
9 12 -0.9810036969720466
12 12 2.0959540165045305
