0 0 0.04647918555945398
4 0 0.052889463920372845
6 0 -0.758040752295956
7 0 -2.750470916986162
0 1 0.052889463920372845
0 2 -0.35257564418779164
1 2 4.700480365792417
5 3 5.393627546352362
6 3 4.295015257684252
7 3 2.995732273553991
6 4 4.295015257684252
7 4 3.6888794541139363
6 5 4.295015257684252
7 5 3.6888794541139363
7 6 4.0943445622221
0 7 -2.750470916986162
1 7 3.6888794541139363
2 7 3.912023005428146
7 7 2.900422093749666
10 7 4.0943445622221
11 7 3.6888794541139363
12 7 1.8971199848858813
2 8 4.700480365792417
7 8 3.6888794541139363
7 9 3.6888794541139363
8 9 5.393627546352362
11 10 4.700480365792417
12 10 4.295015257684252
12 11 4.700480365792417
3 12 4.700480365792417
5 12 4.295015257684252
6 12 2.5032557884561966
7 12 1.203972804325936
8 12 4.295015257684252
9 12 4.700480365792417
12 12 3.6018680771243066
