2 0 0.5338151419906894
1 1 3.7560187569515646
2 1 -0.7471187034713749
10 1 2.7545702167371027
14 1 4.007333185232471
1 2 -0.5647971466774203
2 2 0.4521920877487499
3 2 -0.964782789020959
5 2 -0.15933203856925593
16 2 0.128350033882525
29 2 -1.4991063840542538
43 2 -1.2579443272373656
2 3 -1.0866726066299959
3 3 1.7046273265840304
6 3 1.288233147943676
13 3 0.5950859673837305
17 3 1.9813803285036211
2 4 0.35149358519673474
4 4 4.007333185232471
5 5 4.412798293340635
18 5 4.007333185232471
19 5 5.10594547390058
2 6 -1.951091507797311
3 6 0.18962085927556613
6 6 3.71965111278069
7 6 4.923623917106625
8 6 4.007333185232471
7 7 4.007333185232471
8 7 5.393627546352362
21 7 4.412798293340635
21 8 4.700480365792417
22 8 4.700480365792417
9 9 4.295015257684252
10 9 4.140864577856994
0 10 2.7545702167371027
1 10 1.6559579280689933
2 10 -2.510707295732734
9 10 4.140864577856994
10 10 3.2935667174697896
11 10 3.447717397297048
14 10 3.8531825054052127
15 10 2.3491051086289385
0 11 4.700480365792417
2 11 0.128350033882525
0 12 4.700480365792417
2 12 0.128350033882525
13 13 4.412798293340635
26 13 5.10594547390058
27 13 4.700480365792417
41 13 3.3141860046725258
1 14 3.6018680771243066
10 14 3.8531825054052127
15 14 2.908720896564361
1 15 2.5032557884561966
2 15 -0.4106464668501619
15 15 3.6018680771243066
18 15 2.5032557884561966
31 15 2.908720896564361
15 16 3.6018680771243066
16 16 4.295015257684252
18 16 3.8895501495760874
31 16 2.908720896564361
13 17 5.10594547390058
18 18 3.196402969016142
20 18 4.988162438244197
31 18 4.007333185232471
32 18 4.700480365792417
18 19 4.988162438244197
20 19 5.393627546352362
32 20 5.393627546352362
45 20 5.393627546352362
3 21 0.5950859673837304
6 21 3.3141860046725258
21 21 3.3141860046725258
22 21 4.700480365792417
23 21 4.007333185232471
22 22 4.007333185232471
23 22 5.393627546352362
35 22 4.295015257684252
36 22 4.700480365792417
35 23 4.295015257684252
36 23 5.393627546352362
37 23 5.393627546352362
0 24 4.700480365792417
2 24 -0.5647971466774203
12 24 5.393627546352362
0 25 4.700480365792417
10 25 3.447717397297048
11 25 5.393627546352362
27 26 5.393627546352362
41 26 5.393627546352362
41 27 5.393627546352362
50 27 4.700480365792417
15 28 4.700480365792417
2 29 -2.1052421876245693
29 29 3.0196779671503444
42 29 0.9628107475090479
43 29 2.7545702167371027
15 30 3.0910424533583156
28 30 4.882801922586371
30 30 4.37197629882038
30 31 4.189654742026425
31 31 4.412798293340635
32 32 4.007333185232471
44 32 5.393627546352362
45 32 5.393627546352362
52 32 4.700480365792417
6 33 4.007333185232471
21 33 4.700480365792417
21 34 4.700480365792417
33 34 5.393627546352362
21 35 2.908720896564361
33 35 4.988162438244197
34 35 4.988162438244197
35 35 3.196402969016142
36 35 4.295015257684252
37 35 4.295015257684252
46 35 2.5032557884561966
37 36 5.393627546352362
46 36 4.295015257684252
46 37 4.700480365792417
12 38 5.393627546352362
24 38 5.393627546352362
39 38 5.393627546352362
0 39 4.700480365792417
12 39 5.393627546352362
24 39 5.393627546352362
10 40 3.447717397297048
11 40 5.393627546352362
25 40 5.393627546352362
41 41 4.007333185232471
50 41 5.393627546352362
56 41 4.700480365792417
42 42 4.295015257684252
48 42 3.6018680771243066
51 42 5.211305989558407
42 43 5.211305989558407
43 43 4.007333185232471
52 44 5.393627546352362
60 44 5.393627546352362
67 44 5.393627546352362
44 45 5.393627546352362
52 45 5.393627546352362
60 45 5.393627546352362
34 46 3.6018680771243066
35 46 4.112693700890297
46 46 4.295015257684252
24 47 5.393627546352362
38 47 5.393627546352362
39 47 5.393627546352362
2 48 -1.2579443272373656
4 48 4.700480365792417
55 48 4.007333185232471
58 48 4.700480365792417
10 49 3.447717397297048
25 49 5.393627546352362
40 49 5.393627546352362
50 50 4.007333185232471
56 50 5.393627546352362
57 50 5.393627546352362
64 50 4.007333185232471
48 51 4.700480365792417
51 51 4.007333185232471
55 51 3.3141860046725258
58 51 5.393627546352362
60 52 5.393627546352362
67 52 5.393627546352362
68 52 5.393627546352362
48 53 4.700480365792417
55 53 4.700480365792417
38 54 5.393627546352362
39 54 5.393627546352362
47 54 5.393627546352362
4 55 4.412798293340635
48 55 4.007333185232471
55 55 3.3141860046725258
61 55 3.8250116284385163
57 56 5.393627546352362
64 56 5.393627546352362
64 57 5.393627546352362
72 57 4.700480365792417
55 58 4.700480365792417
61 58 3.6018680771243066
25 59 5.393627546352362
40 59 5.393627546352362
49 59 5.393627546352362
67 60 5.393627546352362
68 60 5.393627546352362
75 60 5.393627546352362
53 61 4.700480365792417
55 61 3.3141860046725258
61 61 3.7560187569515646
69 61 4.518158808998462
38 62 5.393627546352362
47 62 5.393627546352362
54 62 5.393627546352362
47 63 5.393627546352362
54 63 5.393627546352362
62 63 5.393627546352362
64 64 4.007333185232471
72 64 5.393627546352362
77 64 4.007333185232471
40 65 5.393627546352362
49 65 5.393627546352362
59 65 5.393627546352362
49 66 5.393627546352362
59 66 5.393627546352362
65 66 5.393627546352362
68 67 5.393627546352362
74 67 5.393627546352362
75 67 5.393627546352362
74 68 5.393627546352362
75 68 5.393627546352362
80 68 5.393627546352362
61 69 4.518158808998462
69 69 4.007333185232471
54 70 5.393627546352362
62 70 5.393627546352362
63 70 5.393627546352362
62 71 5.393627546352362
63 71 5.393627546352362
70 71 5.393627546352362
72 72 4.007333185232471
76 72 4.007333185232471
77 72 5.393627546352362
59 73 5.393627546352362
65 73 5.393627546352362
66 73 5.393627546352362
79 74 5.393627546352362
80 74 5.393627546352362
74 75 5.393627546352362
79 75 4.700480365792417
80 75 5.393627546352362
63 76 4.700480365792417
70 76 5.393627546352362
71 76 5.393627546352362
76 76 4.007333185232471
71 77 4.700480365792417
76 77 5.393627546352362
77 77 4.007333185232471
65 78 4.700480365792417
66 78 5.393627546352362
73 78 5.393627546352362
78 78 4.007333185232471
73 79 4.700480365792417
78 79 5.393627546352362
79 79 4.007333185232471
78 80 4.700480365792417
79 80 5.393627546352362
