0 0 0.23628449702058957
3 0 0.275199913270263
4 0 -0.13026519483790147
5 0 -3.0426158594528414
0 1 0.275199913270263
0 2 -0.13026519483790133
1 2 3.1354942159291497
4 3 3.1354942159291497
5 3 1.6094379124341003
5 4 2.0149030205422647
2 5 0.4054651081081644
5 5 1.7126221486693312
8 5 2.0149030205422647
9 5 1.6094379124341003
10 5 0.9162907318741551
5 6 2.0149030205422647
5 7 1.6094379124341003
6 7 4.74493212836325
1 8 2.4423470353692043
2 8 2.9531726591351948
7 8 2.9531726591351948
9 8 2.9531726591351948
10 8 2.9531726591351948
0 9 -1.516559555957792
1 9 2.9531726591351948
2 9 2.9531726591351948
6 9 2.9531726591351948
7 9 2.9531726591351948
10 9 2.9531726591351948
0 10 -1.2288774835060114
1 10 2.730029107820985
2 10 2.730029107820985
5 10 -0.1823215567939546
6 10 3.64631983969514
7 10 3.64631983969514
