0 0 0.12546370215456654
3 0 0.14310084364067324
4 0 -0.262364264467491
5 0 -2.8118094353930627
0 1 0.14310084364067324
0 2 -0.262364264467491
1 2 3.784189633918261
4 3 3.784189633918261
5 3 2.6210388241125804
5 4 3.0265039322207445
0 5 -2.8118094353930627
1 5 2.515678308454754
2 5 2.515678308454754
5 5 2.223355856446471
8 5 3.0265039322207445
9 5 2.6210388241125804
10 5 0.7647408337469539
1 6 2.174751721484161
2 6 3.784189633918261
5 6 2.515678308454754
2 7 2.174751721484161
5 7 2.515678308454754
6 7 3.784189633918261
9 8 3.784189633918261
10 8 3.3141860046725258
10 9 3.71965111278069
5 10 0.7647408337469539
6 10 3.3141860046725258
7 10 3.71965111278069
10 10 2.7388218597689638
