0 0 0.3532778856986819
5 0 -0.0012128564252092936
7 0 -0.45319798016826646
8 0 -2.7738015786649903
0 1 0.2219306948890005
5 1 1.2335316065674804
7 1 0.4450742462032102
8 1 -1.1823821717335685
5 2 2.6198259676873707
7 2 2.524515787883046
8 2 0.8970593699462673
0 3 -0.2525272847061156
1 3 2.725186483345197
5 3 0.42260139035115163
6 3 2.725186483345197
7 3 1.020438391106772
8 3 -1.3001652073899521
2 4 4.229263880121471
5 4 2.6198259676873707
7 4 2.524515787883046
3 5 0.42260139035115163
7 5 2.5245157878830464
8 5 1.538913256118662
7 6 2.524515787883046
8 6 1.5902065505062126
1 7 0.4450742462032102
3 7 0.3272912105468267
8 7 1.933151301633043
0 8 -2.7738015786649908
1 8 1.5256680293686415
3 8 1.8778886229579936
5 8 -1.4055257230477785
6 8 1.5902065505062126
7 8 -1.500835902852103
8 8 1.2784269264753714
11 8 1.995671658614377
12 8 1.5902065505062126
13 8 -0.20155291872184225
3 9 1.3388921222253065
8 9 1.908660281624747
8 10 1.5902065505062126
9 10 3.536116699561526
10 11 1.7443572303334711
12 11 3.1306515914533617
13 11 2.6381751063555674
9 12 1.7443572303334711
10 12 1.7443572303334711
13 12 3.0128685557969783
2 13 2.725186483345197
4 13 3.1306515914533617
5 13 0.42260139035115163
8 13 -0.6070180268300067
9 13 2.5916550907206743
10 13 2.948330034659407
13 13 2.18618998261251
