0 0 0.04430119984235298
5 0 0.056647035664652214
6 0 -0.3488180724435122
7 0 -2.140577541671567
0 1 0.056647035664652214
0 2 0.056647035664652214
0 3 -0.3488180724435122
1 3 4.74493212836325
0 4 -0.3488180724435122
2 4 4.74493212836325
6 5 4.051784947803305
7 5 3.64631983969514
7 6 4.051784947803305
0 7 -2.8337247222315125
1 7 3.64631983969514
3 7 4.051784947803305
7 7 2.9531726591351948
8 7 4.051784947803305
9 7 3.64631983969514
10 7 1.8545603704670852
9 8 4.74493212836325
10 8 4.339467020255086
10 9 4.74493212836325
0 10 -2.140577541671567
2 10 4.339467020255086
4 10 4.74493212836325
10 10 3.64631983969514
