0 0 3.536116699561526
1 0 3.1306515914533617
5 0 4.922411060681417
6 0 3.536116699561526
1 1 3.536116699561526
5 1 3.1306515914533617
6 1 3.1306515914533617
78 1 3.1306515914533617
80 1 3.1306515914533617
81 1 4.229263880121471
7 2 4.922411060681417
8 2 4.922411060681417
3 3 3.536116699561526
4 3 4.922411060681417
84 3 4.229263880121471
85 3 4.922411060681417
84 4 4.922411060681417
85 4 4.922411060681417
86 4 4.922411060681417
1 5 3.1306515914533617
6 5 4.922411060681417
1 6 4.046942323327516
6 6 3.536116699561526
8 7 4.922411060681417
10 7 4.229263880121471
8 8 3.536116699561526
9 8 4.229263880121471
10 8 4.922411060681417
11 9 4.922411060681417
12 9 4.922411060681417
9 10 4.922411060681417
10 10 3.536116699561526
11 10 4.922411060681417
12 10 3.536116699561526
12 11 4.922411060681417
14 11 4.922411060681417
12 12 3.536116699561526
13 12 4.922411060681417
14 12 4.922411060681417
15 12 4.229263880121471
15 13 4.922411060681417
16 13 4.922411060681417
13 14 4.922411060681417
15 14 4.922411060681417
16 14 4.229263880121471
3 15 4.229263880121471
16 15 4.922411060681417
3 16 4.922411060681417
4 16 4.229263880121471
16 16 3.536116699561526
17 17 3.536116699561526
27 17 4.922411060681417
45 17 3.536116699561526
18 18 3.536116699561526
19 18 4.922411060681417
55 18 3.536116699561526
66 18 4.922411060681417
55 19 4.922411060681417
66 19 4.922411060681417
21 20 4.922411060681417
26 20 4.229263880121471
21 21 3.536116699561526
25 21 3.536116699561526
26 21 4.922411060681417
18 22 4.922411060681417
19 22 4.922411060681417
18 23 4.634728988229636
22 23 4.922411060681417
23 23 3.536116699561526
22 24 4.922411060681417
23 24 4.922411060681417
23 25 4.634728988229636
24 25 4.922411060681417
25 25 3.536116699561526
24 26 4.229263880121471
25 26 4.922411060681417
26 26 3.536116699561526
27 27 3.536116699561526
45 27 4.922411060681417
64 27 3.536116699561526
29 28 4.922411060681417
73 28 4.922411060681417
73 29 4.922411060681417
82 29 4.229263880121471
28 30 4.922411060681417
29 30 4.922411060681417
73 30 4.229263880121471
31 31 3.823798772013307
32 31 4.740089503887462
36 31 0.9334270141171422
32 32 3.536116699561526
36 32 2.725186483345197
38 32 -1.1225942533545952
33 33 3.823798772013307
75 33 3.4183336639051425
31 34 4.922411060681417
38 35 0.6691652158734598
36 36 2.6074034476888137
38 36 -0.6807615010755559
39 36 -0.3193359543782259
40 36 2.948330034659407
71 36 2.0320393027852517
38 37 0.6691652158734599
33 38 0.25426607553193686
35 38 0.25426607553193686
36 38 -0.8443462131361728
37 38 0.6597311836401012
38 38 0.5513821802170765
39 38 -0.0822061610892761
41 38 0.6597311836401012
42 38 -0.4388811050280084
43 38 -0.4388811050280084
56 38 0.25426607553193686
57 38 -0.4388811050280084
58 38 -1.5374933936961181
35 39 0.8793597928468666
36 39 -0.2192524958212432
38 39 -0.2383918360319406
39 39 2.191546181813035
43 39 2.6711192620749213
44 39 1.4671464577489857
40 40 3.536116699561526
70 40 4.634728988229636
71 40 4.922411060681417
38 41 -0.42944707279464983
42 41 4.229263880121471
42 42 3.9415818076696905
59 42 4.634728988229636
60 42 4.229263880121471
61 42 3.536116699561526
44 43 4.411585436915426
17 44 3.7184382563554808
44 44 3.900759813149435
46 44 4.411585436915426
45 45 3.536116699561526
64 45 4.922411060681417
65 45 2.8429695190015805
17 46 4.922411060681417
27 46 4.229263880121471
38 47 0.2637001077652957
47 47 3.823798772013307
47 48 4.922411060681417
47 49 3.823798772013307
48 49 4.922411060681417
49 49 3.823798772013307
51 50 4.922411060681417
52 50 4.922411060681417
51 51 3.536116699561526
52 51 4.922411060681417
53 51 4.634728988229636
53 52 4.922411060681417
54 52 4.922411060681417
49 53 4.229263880121471
53 53 3.536116699561526
54 53 4.922411060681417
49 54 4.922411060681417
35 55 3.823798772013307
38 55 -1.1225942533545952
39 55 1.8778886229579936
55 55 3.536116699561526
57 56 3.823798772013307
58 56 4.516945952573252
56 57 3.823798772013307
57 57 3.4183336639051425
58 57 4.111480844465087
63 57 3.823798772013307
68 57 3.1306515914533617
57 58 3.823798772013307
58 58 3.4183336639051425
63 58 4.516945952573252
68 58 3.823798772013307
60 59 4.922411060681417
61 59 4.922411060681417
62 59 4.922411060681417
50 60 4.922411060681417
61 60 4.922411060681417
62 60 4.922411060681417
50 61 4.922411060681417
51 61 4.229263880121471
62 61 4.922411060681417
50 62 4.922411060681417
51 62 4.922411060681417
67 63 4.922411060681417
68 63 4.922411060681417
64 64 3.536116699561526
65 64 4.452407431435681
28 65 4.229263880121471
29 65 3.536116699561526
30 65 4.634728988229636
65 65 3.9415818076696905
39 66 1.8778886229579936
55 66 4.922411060681417
20 67 4.922411060681417
21 67 4.922411060681417
20 68 4.922411060681417
21 68 3.536116699561526
67 68 4.922411060681417
68 68 3.536116699561526
31 69 3.1306515914533617
34 69 4.229263880121471
69 69 3.823798772013307
70 70 3.536116699561526
72 70 3.8927916435002583
70 71 4.922411060681417
72 71 2.976500911626103
69 72 2.976500911626103
72 72 3.7386409636730003
2 73 4.229263880121471
73 73 3.536116699561526
82 73 4.922411060681417
0 74 2.8429695190015805
38 74 -1.1225942533545952
39 74 0.49159426183810306
74 74 2.1498223384416355
75 74 2.948330034659407
78 74 2.8429695190015805
79 74 3.536116699561526
38 75 -1.933524469570924
39 75 -0.3193359543782259
74 75 3.1306515914533617
75 75 3.236012107111188
78 75 2.0320393027852517
79 75 3.4183336639051425
36 76 2.0320393027852517
38 76 -0.02398196468648544
76 76 3.536116699561526
36 77 2.0320393027852517
76 77 4.922411060681417
0 78 4.229263880121471
1 78 2.4375044108934163
74 78 3.536116699561526
80 78 4.229263880121471
0 79 4.922411060681417
78 79 4.229263880121471
74 80 4.229263880121471
75 80 2.725186483345197
74 81 3.536116699561526
78 81 4.229263880121471
80 81 4.922411060681417
2 82 4.922411060681417
7 82 4.922411060681417
8 82 3.536116699561526
82 82 3.536116699561526
76 83 4.922411060681417
77 83 4.922411060681417
77 84 4.922411060681417
83 84 4.922411060681417
86 84 4.922411060681417
83 85 4.922411060681417
84 85 4.922411060681417
86 85 4.922411060681417
76 86 4.229263880121471
77 86 4.922411060681417
83 86 4.922411060681417
