0 0 0.035430247432559236
3 0 0.04176941287629493
4 0 -0.36369569523186945
5 0 -2.8486023450198696
0 1 0.04176941287629493
0 2 -0.36369569523186945
1 2 4.700480365792417
4 3 4.700480365792417
5 3 3.6018680771243066
5 4 4.007333185232471
0 5 -2.8486023450198696
1 5 3.3141860046725258
2 5 3.6018680771243066
5 5 3.4683366844997834
8 5 4.007333185232471
9 5 3.6018680771243066
10 5 1.8101086078962514
1 6 4.700480365792417
2 6 4.700480365792417
5 6 2.908720896564361
2 7 4.700480365792417
5 7 2.908720896564361
6 7 5.393627546352362
9 8 5.393627546352362
10 8 4.988162438244197
10 9 5.393627546352362
5 10 1.8101086078962514
6 10 4.988162438244197
7 10 5.393627546352362
10 10 4.295015257684252
