0 0 4.336331675411752
1 0 4.271793154274181
4 0 4.5594752267259615
18 0 4.271793154274181
0 1 4.089471597480226
1 1 4.3126151487944355
2 1 4.5594752267259615
10 1 0.2608302009911312
2 2 4.336331675411752
7 2 -0.8858243301707206
8 2 0.45133734237152523
10 2 1.423981010796812
0 3 5.252622407285907
5 3 6.168913139160062
4 4 4.782618778040171
18 4 5.475765958600117
23 4 5.475765958600117
0 5 5.252622407285907
4 5 5.475765958600117
0 6 3.173180865606071
1 6 4.089471597480226
6 6 4.089471597480226
15 6 5.188083886148336
19 6 4.377153669932007
1 7 -2.4544402480845657
6 7 0.5412920254694251
7 7 0.6396061910761224
8 7 -1.6797762098526314
10 7 -0.8024427212316697
11 7 -2.9399480638662667
19 7 -1.4736109950728398
20 7 -0.2414673137802074
7 8 -1.5181866196615441
8 8 1.2190627361329283
11 8 -0.2645161390950047
21 8 0.5512333635572727
1 9 4.089471597480226
2 9 5.252622407285907
7 10 -0.9847642780256243
8 10 -2.4610133222434145
10 10 2.93047095397847
11 10 -0.22467761479056947
24 10 2.0951492846379822
26 10 2.340271742670967
7 11 -2.8873043303808448
8 11 -0.34616985351266283
10 11 0.5211132992547977
11 11 3.3011528276504443
8 12 0.962162966137516
10 12 2.340271742670967
3 13 6.168913139160062
5 13 5.475765958600117
13 13 4.782618778040171
14 13 5.070300850491952
0 14 3.460862938057852
3 14 5.070300850491952
5 14 5.070300850491952
14 14 3.971688561823843
29 14 4.782618778040171
30 14 5.763448031051897
14 15 5.763448031051897
15 15 4.782618778040171
30 15 5.475765958600117
16 16 3.971688561823843
31 16 5.070300850491952
32 16 5.357982922943734
33 16 4.377153669932007
46 16 5.070300850491952
16 17 5.763448031051897
32 17 5.070300850491952
1 18 2.7031772363603355
4 18 4.782618778040171
9 18 5.475765958600117
18 18 5.005762329354381
23 18 5.475765958600117
14 19 3.971688561823843
15 19 5.070300850491952
16 19 4.664835742383788
19 19 3.971688561823843
31 19 5.475765958600117
7 20 -1.627761674900098
16 20 3.4120727738884202
17 20 4.2230029901047486
19 20 3.6352163252026295
20 20 3.576375825179696
35 20 3.7305265050069543
49 20 2.4312435208766936
21 21 4.482514185589833
25 21 2.9908593088121163
37 21 3.6352163252026295
40 21 2.672405577693582
51 21 2.873076273155733
8 22 1.3676280742456803
1 23 4.089471597480226
2 23 4.5594752267259615
9 23 6.168913139160062
7 24 -2.8173457417739343
10 24 1.5073626197358632
24 24 3.5614863534314094
26 24 2.851097366436958
41 24 2.653929301526009
7 25 -0.15185515509052036
8 25 -0.7118134674341556
10 25 0.2608302009911312
11 25 1.5245222400186895
25 25 3.396324416920281
38 25 3.396324416920281
40 25 2.384723505241801
24 26 1.9348066345628028
26 26 3.971688561823843
28 26 4.782618778040171
39 26 3.2785413812638975
41 26 3.042152603199667
43 26 5.070300850491952
44 26 4.377153669932007
10 27 2.340271742670967
12 27 6.168913139160062
28 27 5.475765958600117
8 28 -0.42413139498237473
10 28 1.6471245621110218
12 28 5.475765958600117
43 28 5.475765958600117
44 28 5.475765958600117
45 28 4.782618778040171
13 29 5.698909509914326
14 29 3.6840064893720617
29 29 5.188083886148336
29 30 5.881231066708281
31 31 4.782618778040171
46 31 6.168913139160062
60 31 4.089471597480226
61 31 5.070300850491952
20 32 2.718925593328475
32 32 3.971688561823843
33 32 5.763448031051897
35 32 3.2785413812638975
36 32 3.460862938057852
33 33 4.782618778040171
36 33 5.252622407285907
37 33 3.5298558095448036
8 34 0.962162966137516
22 34 6.168913139160062
20 35 2.4312435208766936
35 35 3.971688561823843
49 35 5.070300850491952
50 35 4.782618778040171
64 35 3.6840064893720617
11 36 0.8959135805963154
25 36 4.089471597480226
36 36 4.336331675411752
37 36 4.2230029901047486
8 37 -0.578282074809633
37 37 4.2230029901047486
51 37 4.510685062556529
52 37 4.2230029901047486
54 37 2.718925593328475
65 37 3.5298558095448036
38 38 4.782618778040171
52 38 5.475765958600117
66 38 4.377153669932007
24 39 4.0142481762426385
39 39 3.971688561823843
7 40 -2.0797467986431553
10 40 0.635523650432542
11 40 0.8006034007919905
25 40 3.9941614176759015
38 40 4.464165046921637
40 40 3.5703471708995402
52 40 2.384723505241801
53 40 3.4833357939099105
24 41 0.7821271246244172
26 41 2.5313269794336763
39 41 3.5121562324454025
41 41 3.863554119283291
42 41 3.629939268101786
56 41 3.9176213405535667
40 42 3.4833357939099105
42 42 5.188083886148336
53 42 4.49493670558839
44 43 6.168913139160062
45 43 5.475765958600117
57 43 5.475765958600117
45 44 5.475765958600117
57 44 5.475765958600117
58 44 5.475765958600117
12 45 5.475765958600117
27 45 5.475765958600117
28 45 4.782618778040171
57 45 4.782618778040171
58 45 4.782618778040171
69 45 4.782618778040171
60 46 5.475765958600117
61 46 5.070300850491952
20 47 3.124390701436639
32 47 5.070300850491952
35 47 4.377153669932007
8 48 0.2690157855775706
22 48 6.168913139160062
34 48 6.168913139160062
49 49 4.782618778040171
64 49 6.168913139160062
72 49 5.475765958600117
36 50 4.964940334834126
50 50 5.188083886148336
8 51 -0.13644932253059383
37 51 3.124390701436639
51 51 3.971688561823843
65 51 5.070300850491952
73 51 4.377153669932007
77 51 5.070300850491952
52 52 4.089471597480226
54 52 4.194832113138053
66 52 5.293444401806163
40 53 4.176482974469856
53 53 5.188083886148336
25 54 2.585394200703952
40 54 3.876378382019518
52 54 2.585394200703952
54 54 4.413521314102882
39 55 4.782618778040171
41 55 2.936792087541841
55 55 5.188083886148336
55 56 5.475765958600117
56 56 5.070300850491952
27 57 5.475765958600117
28 57 4.782618778040171
45 57 4.782618778040171
58 57 4.782618778040171
69 57 5.475765958600117
27 58 5.475765958600117
45 58 4.782618778040171
57 58 4.782618778040171
68 58 4.782618778040171
69 58 5.475765958600117
45 59 5.475765958600117
57 59 5.475765958600117
58 59 5.475765958600117
47 60 4.782618778040171
60 60 5.188083886148336
61 60 5.293444401806163
32 61 4.664835742383788
35 61 3.2785413812638975
47 61 5.763448031051897
60 61 4.782618778040171
61 61 3.971688561823843
34 62 6.168913139160062
48 62 6.168913139160062
63 62 5.475765958600117
22 63 5.475765958600117
34 63 5.475765958600117
48 63 5.475765958600117
71 63 5.475765958600117
76 63 4.377153669932007
78 63 5.475765958600117
64 64 4.782618778040171
72 64 6.168913139160062
79 64 5.881231066708281
8 65 -0.42413139498237473
37 65 3.5298558095448036
51 65 4.377153669932007
73 65 4.089471597480226
77 65 5.475765958600117
83 65 4.782618778040171
63 66 5.475765958600117
66 66 5.070300850491952
71 66 5.763448031051897
78 66 5.070300850491952
54 67 5.070300850491952
57 68 4.782618778040171
58 68 5.475765958600117
59 68 6.168913139160062
68 68 4.782618778040171
59 69 5.475765958600117
68 69 6.168913139160062
69 69 4.782618778040171
48 70 5.475765958600117
62 70 6.168913139160062
63 70 5.475765958600117
70 70 4.782618778040171
76 71 5.070300850491952
78 71 6.168913139160062
82 71 6.168913139160062
79 72 6.168913139160062
84 72 5.070300850491952
37 73 2.836708628984858
51 73 4.377153669932007
65 73 4.782618778040171
73 73 3.396324416920281
74 73 4.782618778040171
75 73 4.377153669932007
77 73 4.782618778040171
83 73 4.782618778040171
75 74 6.168913139160062
54 75 3.971688561823843
67 75 6.168913139160062
75 75 5.070300850491952
62 76 5.070300850491952
70 76 5.763448031051897
76 76 5.070300850491952
82 76 5.070300850491952
83 77 6.168913139160062
88 77 6.168913139160062
76 78 5.763448031051897
82 78 6.168913139160062
79 79 4.782618778040171
84 79 5.986591582366107
73 80 4.782618778040171
74 80 6.168913139160062
75 80 5.070300850491952
65 81 5.475765958600117
73 81 5.475765958600117
70 82 5.475765958600117
76 82 5.763448031051897
73 83 4.089471597480226
81 83 6.168913139160062
83 83 4.782618778040171
88 83 6.168913139160062
84 84 5.070300850491952
85 84 5.986591582366107
86 84 4.377153669932007
85 85 4.782618778040171
86 85 6.168913139160062
87 85 5.475765958600117
73 86 4.089471597480226
80 86 6.168913139160062
86 86 4.782618778040171
87 86 6.168913139160062
73 87 4.782618778040171
74 87 6.168913139160062
80 87 6.168913139160062
73 88 5.475765958600117
81 88 6.168913139160062
