0 0 1.8047450227874937
1 0 -2.08214200936911
3 0 0.2512147422916892
4 0 -1.658327762592749
6 0 0.5388968147434702
9 0 1.5149067813192474
10 0 -1.8360089398302017
11 0 -0.7138661537518979
12 0 0.6501224498536946
13 0 -1.5729100114383974
16 0 -0.7828590252388492
17 0 -3.098689344982916
18 0 1.0497224385094608
19 0 -0.7138661537518979
20 0 0.8753690513646832
23 0 0.38474613491621185
24 0 -3.098689344982916
25 0 -4.2651242299897865
0 1 1.5363872231621156
1 1 -1.146527004668552
3 1 0.5990430820901282
4 1 -1.4158599384521366
6 1 1.4745118194440279
9 1 1.7129228428890262
10 1 -0.9003939351296436
12 1 0.8385230527240314
13 1 -1.6358238368489666
14 1 -2.149829113532337
15 1 1.4745118194440279
16 1 -1.233538381658182
17 1 -2.163074340282358
18 1 1.9853374432100188
20 1 1.2513682681298184
21 1 -2.109007119012082
22 1 -1.0904375380175086
23 1 0.9148960315086053
24 1 -2.163074340282358
0 2 -0.16614111233799683
3 2 1.6045649476922257
9 2 2.2176694205786345
10 2 1.021418662346609
12 2 1.25625825342401
13 2 -0.27362702730813665
20 2 2.4800336850461258
0 3 0.12154096011378396
1 3 1.468432773367646
3 3 1.4222433908982712
9 3 0.9855257392860025
10 3 1.8687165227338125
12 3 1.0739366966300554
13 3 -0.9667742078680819
14 3 -1.3266288047241939
15 3 2.7031772363603355
16 3 -0.4103380728500389
18 3 1.1990998395840615
19 3 1.7380963403167484
20 3 0.6882742158180708
22 3 -0.2672372292093656
0 4 0.7936347314758971
1 4 1.669103468829797
3 4 1.1120884625944316
4 4 -0.9981247377521579
9 4 0.831375059458744
10 4 1.5650341089355906
12 4 0.8507931453158456
13 4 -1.2921966083027097
15 4 0.5059526590241161
17 4 -1.745339139582379
18 4 1.1990998395840615
19 4 1.5557747835227937
20 4 0.6882742158180709
21 4 -1.6912719183121032
23 4 1.5557747835227937
24 4 -2.4384863201423244
25 4 -2.9117740245892496
0 5 0.409223032565565
1 5 1.7561148458194267
2 5 2.585394200703952
3 5 1.4867819120358425
6 5 3.2785413812638975
9 5 0.7135920238023605
10 5 1.5967828072501709
12 5 0.8507931453158456
13 5 -1.7777044240844107
18 5 2.179929092595788
19 5 2.0257784127685294
21 5 -0.30497755719221264
2 6 4.089471597480226
3 6 2.2977121282521713
9 6 1.5245222400186893
11 6 3.5298558095448036
12 6 1.25625825342401
13 6 -0.27362702730813665
0 7 0.5270060682219485
2 7 4.089471597480226
4 7 1.1990998395840615
9 7 1.5245222400186893
11 7 3.5298558095448036
12 7 1.25625825342401
2 8 3.5298558095448036
4 8 -0.053663128911306535
9 8 0.9649064520832666
11 8 3.8865307534835356
12 8 1.795254754156697
13 8 -0.8332428152435594
20 8 1.920417897110703
21 8 -0.053663128911306535
24 8 -0.1077303501815823
0 9 -1.6324781811314237
1 9 -0.1802258522197358
3 9 1.5245222400186893
4 9 -0.11308654938210731
9 9 -1.7335742980027926
10 9 0.5359108465649083
12 9 1.6357478751289138
13 9 0.3394774455782723
14 9 -0.49038078052357537
15 9 0.831375059458744
16 9 0.6082315081445344
17 9 -2.113063919707696
19 9 1.370371560191431
20 9 1.8609944766399025
21 9 0.020444843242415276
24 9 -1.419916739147751
25 9 -3.279498804714567
0 10 -1.8478996863517232
1 10 0.7982751110323992
3 10 2.0022479153583355
4 10 0.32827148178666365
9 10 -0.15723633399503703
10 10 0.4382723770009923
12 10 1.5894026999525483
13 10 0.21366809904766007
14 10 -1.9097750900698107
15 10 1.021418662346609
16 10 -0.30033717763571033
17 10 -1.9230203168198314
18 10 0.6159535542384447
19 10 0.46180287441118645
20 10 1.2037402191405637
21 10 -0.770340806881446
24 10 -0.8244080281517218
4 11 1.044949159756803
10 11 1.1549500549711318
12 11 1.795254754156697
13 11 0.08304791663059571
16 11 0.8218056084425936
20 11 1.920417897110703
21 11 -0.053663128911306535
24 11 -0.1077303501815823
25 11 -1.2741652351884531
0 12 -2.999354456394213
1 12 0.13929682608770388
3 12 -0.535501215804045
4 12 0.717261752691323
7 12 1.25625825342401
9 12 -0.6155439234775814
10 12 0.26764685997022897
12 12 -1.1714899825240415
13 12 0.962186382873458
14 12 -1.6749354989924097
16 12 -0.3531796590100903
17 12 -2.3813279063023756
19 12 0.6966424654885874
21 12 0.5631110728640647
22 12 -1.3086911040375266
23 12 0.6966424654885874
24 12 -0.30188636462253965
25 12 -3.5477627913092467
0 13 -1.4000947488758686
1 13 0.29765803845130573
2 13 -0.9731234355467407
3 13 -0.9731234355467407
4 13 0.8460350078694288
5 13 -1.7840536517630696
7 13 -0.27997625498679546
9 13 -2.151778431888387
10 13 0.08595801436473362
12 13 -1.3214301298149567
13 13 0.7596025020971213
14 13 -2.1125577187351054
16 13 -0.2799762549867952
17 13 -1.7203378373769618
18 13 -1.378588543654905
19 13 -0.14644486236227272
20 13 -1.889414167420896
21 13 0.9071894310227594
22 13 -2.151778431888387
23 13 -0.839592042922218
24 13 0.38650267849098874
25 13 -1.5874897382535715
0 14 -1.711040503634526
1 14 0.1466769333853264
4 14 0.752812736955642
7 14 1.1582778450638065
9 14 -1.4066715123977305
10 14 0.16966645161002528
11 14 -0.09448512343156165
12 14 -0.9817883184324645
13 14 0.793379921944642
14 14 -0.8566251754784583
16 14 0.5296691856414324
17 14 -1.0930139535426888
18 14 0.059665556395696706
21 14 0.8328554446291784
24 14 0.08564104279895732
25 14 -2.0363052872353498
13 15 -0.27362702730813665
14 15 1.1582778450638065
17 15 0.4518854377538403
21 15 0.5059526590241161
22 15 2.2176694205786345
24 15 1.5504977264219502
25 15 -0.7145494472530304
0 16 -2.1810441328802614
1 16 -0.1410051390664544
4 16 0.28280910770990636
5 16 0.5704911801616873
10 16 -0.30033717763571033
13 16 0.3141596375939826
14 16 1.585721859890746
16 16 0.752812736955642
17 16 -0.46440529412031456
21 16 0.10048755091595202
22 16 1.7068437968126442
24 16 0.0464203296456761
25 16 -2.729452467795295
0 17 -2.417432910944492
1 17 -0.08971184467890388
3 17 -0.6467268509142692
4 17 0.0464203296456761
5 17 1.7203967632173476
6 17 1.1450326183137856
7 17 1.1450326183137856
9 17 -2.113063919707696
10 17 -0.13126084759177645
12 17 -1.6881807257424302
13 17 0.09611999819794867
14 17 1.4909835988895423
16 17 0.5164239588914117
17 17 -1.1062591802927093
19 17 -0.1077303501815823
21 17 0.33410240209745695
22 17 1.5245222400186893
24 17 0.5031787321413909
25 17 -1.4617638490832514
6 18 3.6840064893720617
11 18 2.4312435208766936
12 18 0.15764596475590031
14 18 1.1582778450638065
15 18 3.6840064893720617
17 18 1.1450326183137856
21 18 0.10048755091595182
22 18 1.1190571319105251
23 18 3.5298558095448036
24 18 0.0464203296456761
25 18 -1.1200145553611947
2 19 2.836708628984858
6 19 3.5298558095448036
9 19 0.27175927152332136
13 19 -1.5263899958035048
14 19 1.004127165236548
15 19 3.5298558095448036
17 19 0.9908819384865274
22 19 0.9649064520832666
23 19 3.663387202169326
24 19 -0.1077303501815823
25 19 -0.17555294652034334
4 20 0.28280910770990636
5 20 1.669103468829797
8 20 1.920417897110703
13 20 -0.4967705786223463
14 20 1.4947500816850192
16 20 2.256890133731916
17 20 0.6342069945477949
24 20 0.9218890669995761
25 20 -0.9376929985672401
0 21 -3.0565128702341613
1 21 -2.115086165088464
2 21 0.5059526590241161
4 21 -1.6912719183121032
5 21 0.38816962336773264
7 21 1.8922470201440067
8 21 0.6394840516486388
11 21 -0.053663128911306535
12 21 -2.3272606850321
13 21 -1.6599213884280273
14 21 0.5704911801616873
16 21 1.3814213963780162
17 21 0.8196102178791577
21 21 -1.6912719183121032
22 21 0.831375059458744
24 21 1.5688468650901464
25 21 0.5539618782104768
13 22 -1.7399640961015637
14 22 0.6727700292821055
16 22 1.7068437968126442
17 22 0.8826683538462946
22 22 1.5986302121724114
24 22 1.6246056985756718
25 22 0.4093806493993693
4 23 -0.053663128911306535
5 23 2.0257784127685294
13 23 -0.8332428152435594
14 23 1.514952789002539
17 23 1.6840291190464727
21 23 -0.053663128911306535
25 23 0.3352726772456472
2 24 0.4518854377538403
5 24 1.0272495826574022
8 24 0.9908819384865274
10 24 -1.229873136259886
11 24 0.585416830378363
13 24 -1.713988609698303
14 24 0.6561859012665703
16 24 -0.869870402228479
17 24 1.3141089483577197
21 24 -1.0521919590224336
22 24 1.0649899106402492
24 24 -0.5466433923572869
25 24 1.0772100219750247
1 25 -2.236975982697501
2 25 0.3840628414150794
4 25 -1.81316173592114
5 25 0.6717449138668603
8 25 1.433884965913757
9 25 -2.586351624154622
10 25 -2.3963080212667567
11 25 0.8052763064913828
12 25 -2.161468430189356
13 25 -2.03312563431797
14 25 0.3973080681651001
16 25 -2.0363052872353498
17 25 0.9854024727219017
19 25 -1.2741652351884531
20 25 -1.6308401791271854
21 25 -1.6590110560938818
22 25 -0.021402266693085013
24 25 -1.867228957191416
25 25 1.3230449844913053
