0 0 0.3589078206791447
1 0 -2.766502276183379
3 0 -0.6870607345035431
7 0 -0.04043356957849057
9 0 -0.6000493575139133
10 0 -2.9488238329773337
13 0 -2.766502276183379
0 1 -0.05845207508116892
1 1 0.7635279773217447
3 1 2.1498223384416355
4 1 0.8970593699462673
7 1 1.5436865348713198
9 1 1.1382214267631554
10 1 -1.0282314919063102
0 2 0.006086446056402253
7 2 1.4259034992149364
9 2 1.4259034992149364
10 2 -0.047402238894584024
0 3 -0.6870607345035431
1 3 2.8429695190015805
7 3 1.8313686073231008
9 3 1.8313686073231008
0 4 -0.5535293418790204
1 4 2.6888188391743224
3 4 2.283353731066158
7 4 1.2717528193876781
8 4 2.283353731066158
9 4 1.2717528193876781
10 4 -0.8947000992817875
8 5 4.229263880121471
9 5 2.524515787883046
10 5 1.0512100497735257
0 6 -0.3993786620517621
2 6 3.823798772013307
7 6 1.4259034992149364
9 6 1.4259034992149364
0 7 -3.0849560073019138
1 7 1.1382214267631554
3 7 2.524515787883046
4 7 0.5786056388277329
7 7 0.12662051508467573
8 7 1.8313686073231008
9 7 2.323845092420895
10 7 1.2923721065904137
13 7 0.4450742462032102
14 7 0.4450742462032102
9 8 2.524515787883046
10 8 1.7443572303334711
4 9 0.5786056388277329
8 9 1.8313686073231008
9 9 0.12662051508467573
10 9 1.9491516429794842
13 9 0.4450742462032102
14 9 0.4450742462032102
15 9 -0.3658559700131186
0 10 -3.4596494567433242
1 10 1.2743536010877352
4 10 1.8133501018204223
7 10 -0.6535380424648994
10 10 1.45667515788169
12 10 0.13491931789937064
13 10 2.0162909458171128
14 10 1.6108258377089482
15 10 -0.2297237956885387
0 11 -2.0733550956234335
1 11 1.45667515788169
4 11 1.5902065505062126
10 11 1.8621402659898545
1 12 1.2335316065674804
4 12 1.367062999192003
5 12 3.312973148247316
8 12 2.6198259676873707
9 12 0.9150778754489458
10 12 1.2335316065674804
11 12 3.312973148247316
11 13 2.1498223384416355
12 13 1.9266787871274256
14 13 2.8429695190015805
15 13 2.4375044108934163
10 14 -0.33508431134636485
11 14 2.1498223384416355
12 14 1.9266787871274256
15 14 2.8429695190015805
0 15 -2.8842853118397622
2 15 2.725186483345197
4 15 0.08612915372993854
5 15 2.725186483345197
6 15 3.1306515914533617
7 15 -0.3658559700131186
8 15 1.3388921222253065
10 15 -1.839161708122639
11 15 2.0320393027852517
12 15 2.6198259676873707
15 15 2.0320393027852517
