0 0 0.0844793128487988
3 0 0.09734122649120654
4 0 -0.30812388161695786
5 0 -2.6107089746110033
0 1 0.09734122649120654
0 2 -0.30812388161695786
1 2 4.051784947803305
4 3 4.051784947803305
5 3 3.1354942159291497
5 4 3.5409593240373143
0 5 -2.6107089746110033
1 5 3.1354942159291497
2 5 3.1354942159291497
5 5 2.2192034840549946
8 5 3.5409593240373143
9 5 3.1354942159291497
10 5 1.3437347467010947
2 6 4.051784947803305
5 6 3.1354942159291497
5 7 3.1354942159291497
6 7 4.051784947803305
9 8 4.051784947803305
10 8 3.64631983969514
10 9 4.051784947803305
5 10 1.3437347467010947
6 10 3.64631983969514
7 10 4.051784947803305
10 10 2.9531726591351948
