0 0 2.9079933592459843
1 0 3.0510942028866577
5 0 4.11196616357192
20 0 3.131136910560194
21 0 3.131136910560194
24 0 2.7256718024520294
25 0 1.62705951378392
26 0 2.7256718024520294
31 0 2.50252825113782
79 0 2.9079933592459843
149 0 0.8285518175661483
151 0 1.4729088339566616
153 0 2.1378851375499104
175 0 1.62705951378392
203 0 0.6462302607721937
0 1 3.1051614241569334
1 1 2.8940904540769927
2 1 2.0578424298763744
5 1 3.3795982698586937
20 1 2.6864510892987483
21 1 3.091916197406913
24 1 2.240163986670329
25 1 2.4633075379845386
26 1 3.2052448827139157
31 1 1.7701603574245932
79 1 1.7701603574245932
149 1 0.789331104412867
151 1 1.903691750049116
153 1 2.0578424298763744
172 1 -0.0215991118034617
175 1 2.0578424298763744
203 1 2.175625465532758
207 1 0.5173973889292254
0 2 3.0133538749038107
1 2 2.0578424298763744
2 2 2.1378851375499104
3 2 1.1570558845381844
8 2 1.7701603574245934
9 2 3.2364974262180204
10 2 2.1378851375499104
11 2 2.831032318109856
20 2 2.543350245658075
21 2 2.543350245658075
25 2 2.831032318109856
26 2 2.7256718024520294
28 2 2.948815353766239
30 2 2.543350245658075
36 2 2.1378851375499104
37 2 1.3646952493164288
2 3 2.478811724520504
3 3 1.7730857617536984
4 3 1.7448425494403033
6 3 1.5625209926463486
7 3 1.6803040283027322
8 3 1.6366289648000707
9 3 2.6611332813144584
10 3 1.9679861007545132
11 3 0.8693738120864033
12 3 1.5625209926463486
13 3 0.8693738120864033
14 3 1.9679861007545132
15 3 -0.5169205490334873
16 3 -0.42990917204385753
17 3 -0.2292384765817062
23 3 0.8693738120864033
25 3 0.8693738120864033
27 3 1.6578311724506736
28 3 2.1911296520687227
29 3 1.7517629922848772
30 3 1.8502030650981298
31 3 1.5625209926463486
32 3 1.9679861007545132
34 3 2.4788117245205035
35 3 2.2556681732062938
36 3 2.478811724520504
37 3 1.8597725161142802
38 3 -2.531823569575752
43 3 -1.1455292084558615
45 3 0.17622663152645804
51 3 0.8693738120864033
52 3 -0.2292384765817062
53 3 -0.2292384765817062
67 3 -0.7400641003476969
89 3 1.5625209926463486
106 3 1.9679861007545132
112 3 2.093149243708519
3 4 0.8003809405994519
4 4 2.3202066943438653
6 4 2.543350245658075
7 4 0.9339123332239745
10 4 1.914741586235701
12 4 1.6270595137839199
13 4 1.6270595137839199
14 4 1.6270595137839199
15 4 1.8502030650981296
16 4 2.2248965145395405
17 4 2.1378851375499104
19 4 1.6270595137839199
23 4 1.6270595137839199
25 4 0.5284472251158102
27 4 0.7107687819097649
29 4 2.1378851375499104
30 4 1.2215944056757555
31 4 1.9635317504051328
32 4 1.6270595137839199
36 4 0.5284472251158102
37 4 1.3646952493164288
38 4 0.8649194617370232
43 4 0.30530367380160045
45 4 1.6270595137839199
46 4 2.1866753017193425
47 4 -0.31885063527139346
48 4 1.6270595137839199
50 4 3.2364974262180204
51 4 3.2364974262180204
52 4 2.831032318109856
53 4 2.1378851375499104
67 4 0.7107687819097649
70 4 0.5284472251158102
89 4 2.3202066943438653
106 4 1.6270595137839199
112 4 0.01762160134981963
1 5 2.8687726460927028
21 5 2.948815353766239
24 5 2.7256718024520294
31 5 2.7256718024520294
79 5 2.7256718024520294
149 5 0.6462302607721937
151 5 2.3891995658308165
153 5 2.831032318109856
175 5 3.2364974262180204
203 5 2.948815353766239
4 6 2.032524621892084
6 6 2.948815353766239
10 6 2.543350245658075
30 6 2.543350245658075
38 6 2.1866753017193425
39 6 3.6419625343261846
43 6 1.6270595137839199
45 6 2.948815353766239
46 6 3.3542804618744038
47 6 1.6960523852708713
67 6 2.4379897300002487
70 6 2.543350245658075
89 6 2.948815353766239
3 7 1.5625209926463486
7 7 2.6611332813144584
11 7 2.543350245658075
12 7 2.948815353766239
13 7 2.948815353766239
14 7 2.948815353766239
23 7 3.6419625343261846
27 7 2.7256718024520294
29 7 1.1570558845381844
32 7 2.948815353766239
35 7 2.948815353766239
37 7 1.0770131768646478
41 7 3.6419625343261846
42 7 1.1570558845381844
43 7 1.6270595137839199
46 7 1.5625209926463486
48 7 2.948815353766239
69 7 1.1570558845381844
106 7 2.948815353766239
112 7 3.0441255335705644
2 8 0.6715480687564837
3 8 1.7701603574245932
4 8 1.7701603574245932
6 8 2.8687726460927028
7 8 -0.30928118425524276
8 8 2.4917454733050723
9 8 1.7701603574245932
10 8 2.4633075379845386
11 8 1.3646952493164288
25 8 0.6715480687564837
27 8 1.8654705372289182
28 8 2.2556681732062938
29 8 1.5878388006306388
30 8 2.4633075379845386
31 8 0.16072244499049287
34 8 2.175625465532758
36 8 1.2311638566919063
37 8 1.7309396442713119
43 8 -0.9378898436776169
67 8 -1.2255719161293976
89 8 3.0229233259199613
112 8 -0.12695962746128797
2 9 3.2364974262180204
3 9 1.9679861007545132
8 9 1.7701603574245932
10 9 3.2364974262180204
11 9 3.2364974262180204
25 9 3.2364974262180204
28 9 2.948815353766239
30 9 3.2364974262180204
37 9 1.7701603574245932
2 10 2.1378851375499104
3 10 1.3801994358523941
4 10 0.5284472251158102
6 10 2.543350245658075
8 10 2.376296160994909
11 10 2.1378851375499104
25 10 2.1378851375499104
27 10 1.62705951378392
28 10 2.543350245658075
30 10 2.543350245658075
37 10 1.077013176864648
38 10 1.2215944056757555
43 10 0.5284472251158102
45 10 1.8502030650981298
46 10 2.543350245658075
47 10 1.2905872771627072
67 10 1.62705951378392
70 10 1.7324200294417462
89 10 2.543350245658075
3 11 1.3801994358523941
8 11 2.376296160994909
10 11 2.1378851375499104
11 11 1.8502030650981298
25 11 2.1378851375499104
27 11 1.62705951378392
28 11 2.543350245658075
29 11 0.7515907764300199
30 11 1.4447379569899652
37 11 1.7701603574245934
41 11 3.2364974262180204
42 11 1.7930446512581812
43 11 1.2215944056757555
46 11 1.8502030650981298
48 11 2.543350245658075
69 11 1.4447379569899652
3 12 2.2556681732062938
7 12 3.6419625343261846
13 12 4.33510971488613
23 12 4.33510971488613
27 12 3.418818983011975
29 12 1.8502030650981298
35 12 4.33510971488613
37 12 1.7701603574245932
112 12 2.0325246218920845
3 13 2.2556681732062938
7 13 3.6419625343261846
23 13 4.33510971488613
27 13 3.418818983011975
29 13 1.8502030650981298
35 13 4.33510971488613
37 13 1.7701603574245932
112 13 2.7256718024520294
3 14 2.2556681732062938
7 14 2.948815353766239
12 14 4.33510971488613
13 14 4.33510971488613
23 14 4.33510971488613
27 14 3.418818983011975
29 14 1.8502030650981298
32 14 4.33510971488613
37 14 1.7701603574245932
106 14 4.33510971488613
15 15 3.066598389422623
16 15 3.1899774105831273
17 15 3.3542804618744038
18 15 3.6419625343261846
19 15 2.948815353766239
38 15 1.1570558845381844
44 15 1.7448425494403033
47 15 1.0029052047109261
48 15 2.2556681732062938
49 15 3.3542804618744038
50 15 2.2556681732062938
51 15 2.2556681732062938
52 15 2.7664937969722847
53 15 3.1029660335934977
63 15 3.3542804618744038
64 15 2.6611332813144584
67 15 2.150307657548468
70 15 1.8502030650981298
15 16 3.32350880320765
16 16 3.1228381077454985
17 16 3.32350880320765
18 16 3.54665235452186
19 16 3.1411872464136956
38 16 1.0209237102136042
44 16 1.0209237102136044
47 16 -0.008695706967553821
48 16 2.6303616226477047
49 16 3.7289739113158142
50 16 3.035826730755869
51 16 2.6303616226477047
52 16 3.2364974262180204
53 16 3.4035515108811865
63 16 2.6303616226477047
64 16 1.244067261527814
67 16 1.8318539264299332
70 16 1.1262842258714305
15 17 2.948815353766239
16 17 2.6303616226477047
17 17 2.1378851375499104
19 17 3.2364974262180204
38 17 1.6270595137839199
44 17 2.3202066943438653
47 17 1.9837344577226523
48 17 2.543350245658075
50 17 3.2364974262180204
52 17 2.1378851375499104
53 17 3.2364974262180204
63 17 3.929644606777966
64 17 3.2364974262180204
67 17 2.543350245658075
70 17 2.4255672100016916
15 18 3.3542804618744038
16 18 3.035826730755869
17 18 3.929644606777966
38 18 1.6270595137839199
49 18 4.33510971488613
52 18 3.2364974262180204
53 18 3.2364974262180204
67 18 2.7256718024520294
15 19 3.554951157336555
16 19 3.6111908756594313
17 19 3.2364974262180204
18 19 4.33510971488613
19 19 3.2364974262180204
48 19 2.543350245658075
49 19 4.33510971488613
52 19 2.831032318109856
53 19 3.2364974262180204
0 20 2.7256718024520294
1 20 2.8687726460927028
5 20 3.6419625343261846
21 20 2.948815353766239
24 20 2.7256718024520294
26 20 2.0325246218920845
31 20 2.7256718024520294
79 20 3.6419625343261846
149 20 1.5625209926463486
153 20 2.1378851375499104
203 20 1.5625209926463486
207 20 1.6960523852708713
0 21 3.131136910560194
1 21 2.8687726460927028
5 21 2.948815353766239
20 21 2.948815353766239
21 21 2.2556681732062938
24 21 1.339377441332139
25 21 1.8502030650981298
26 21 2.7256718024520294
31 21 2.0325246218920845
79 21 2.0325246218920845
149 21 1.6578311724506736
151 21 1.9191959365850813
153 21 1.8502030650981298
172 21 1.1570558845381844
175 21 1.8502030650981298
203 21 2.4788117245205035
207 21 1.0029052047109261
3 22 1.5625209926463486
4 22 3.0133538749038102
25 22 3.2364974262180204
27 22 2.7256718024520294
29 22 2.948815353766239
36 22 3.2364974262180204
37 22 1.7701603574245932
3 23 2.2556681732062938
7 23 2.948815353766239
27 23 3.418818983011975
29 23 1.8502030650981298
35 23 4.33510971488613
37 23 1.7701603574245932
112 23 3.418818983011975
0 24 2.7256718024520294
1 24 3.1564547185444836
2 24 2.7256718024520294
20 24 2.0325246218920845
21 24 3.131136910560194
24 24 2.214846178686039
25 24 2.7256718024520294
26 24 3.418818983011975
31 24 1.8093810705778748
79 24 2.7256718024520294
149 24 0.6462302607721937
151 24 1.1852267615048808
153 24 1.62705951378392
175 24 1.62705951378392
203 24 2.0325246218920845
207 24 0.7797616533967164
0 25 2.7256718024520294
1 25 2.2809859811905837
3 25 1.5625209926463486
4 25 1.914741586235701
5 25 3.2364974262180204
8 25 1.3646952493164288
20 25 2.543350245658075
21 25 1.8502030650981298
24 25 1.62705951378392
26 25 2.7256718024520294
28 25 1.8502030650981298
29 25 1.8502030650981298
30 25 1.4447379569899652
31 25 1.62705951378392
34 25 3.2364974262180204
36 25 1.4447379569899652
37 25 2.0578424298763744
0 26 3.6011405398059297
1 26 3.3387762753384385
2 26 2.3202066943438653
5 26 3.8242840911201395
20 26 3.131136910560194
21 26 3.536602018668358
24 26 2.50252825113782
25 26 2.3202066943438653
26 26 3.313458467354149
31 26 1.8093810705778748
79 26 1.8093810705778748
149 26 -0.9632076516619065
153 26 1.2215944056757555
3 27 1.4571604769885225
4 27 2.0970631430296556
6 27 2.0325246218920845
7 27 2.948815353766239
8 27 1.2593347336586027
11 27 1.62705951378392
12 27 2.7256718024520294
13 27 2.7256718024520294
14 27 2.7256718024520294
23 27 2.7256718024520294
25 27 1.62705951378392
27 27 1.1162338900179294
29 27 2.0325246218920845
31 27 1.1162338900179294
32 27 2.7256718024520294
35 27 3.418818983011975
36 27 0.9339123332239747
37 27 1.6647998417667669
89 27 2.0325246218920845
106 27 2.7256718024520294
112 27 3.1956754316977656
2 28 1.8502030650981298
3 28 1.7856645439605583
4 28 0.9339123332239745
6 28 2.2556681732062938
8 28 2.581090573640922
9 28 2.948815353766239
10 28 1.8502030650981298
11 28 2.2556681732062938
25 28 2.543350245658075
27 28 1.339377441332139
28 28 1.5625209926463486
30 28 2.7664937969722847
34 28 2.948815353766239
36 28 1.1570558845381844
37 28 2.0886140885431277
89 28 2.2556681732062938
3 29 1.519961378227553
4 29 2.576140068481066
7 29 2.4098188530335523
8 29 0.6715480687564837
10 29 0.7515907764300199
12 29 2.543350245658075
13 29 2.543350245658075
14 29 2.948815353766239
15 29 1.1570558845381844
16 29 1.3982179413550726
17 29 0.7515907764300199
19 29 0.7515907764300199
23 29 1.8502030650981298
25 29 1.4447379569899652
27 29 1.8502030650981298
28 29 0.4639087039782391
29 29 2.2556681732062938
31 29 2.543350245658075
32 29 2.948815353766239
35 29 1.8502030650981298
36 29 0.7515907764300199
37 29 1.7276007430057974
50 29 1.8502030650981298
51 29 2.543350245658075
52 29 1.8502030650981298
53 29 0.7515907764300199
89 29 1.1570558845381844
106 29 2.543350245658075
112 29 2.1866753017193425
3 30 1.8502030650981298
4 30 0.5284472251158102
7 30 1.1570558845381844
8 30 1.9243110372518515
11 30 1.4447379569899652
14 30 2.543350245658075
25 30 2.1378851375499104
27 30 1.62705951378392
28 30 1.8502030650981298
29 30 1.8502030650981298
30 30 2.3610286888641205
31 30 0.9339123332239747
34 30 2.543350245658075
36 30 1.8502030650981298
37 30 1.9933039087388031
38 30 0.7515907764300199
39 30 2.543350245658075
43 30 -0.16469995544413504
45 30 1.1570558845381844
46 30 1.8502030650981298
47 30 0.5974400966027618
67 30 0.9339123332239747
70 30 1.0392728488818008
112 30 0.9339123332239747
1 31 0.8538696255504382
3 31 0.6462302607721937
4 31 2.3202066943438653
7 31 2.0325246218920845
12 31 2.7256718024520294
13 31 2.7256718024520294
14 31 2.7256718024520294
15 31 1.339377441332139
16 31 1.9372144420877595
17 31 1.62705951378392
21 31 1.339377441332139
23 31 2.7256718024520294
27 31 1.1162338900179294
29 31 1.339377441332139
31 31 1.1162338900179294
32 31 2.7256718024520294
37 31 0.5661875530986573
50 31 2.7256718024520294
51 31 2.7256718024520294
52 31 2.3202066943438653
53 31 1.62705951378392
79 31 2.7256718024520294
106 31 2.7256718024520294
112 31 1.1162338900179294
149 31 0.8285518175661483
151 31 1.6960523852708715
153 31 1.62705951378392
175 31 1.62705951378392
203 31 2.2556681732062938
207 31 1.4729088339566616
3 32 2.2556681732062938
7 32 2.948815353766239
12 32 4.33510971488613
13 32 4.33510971488613
23 32 4.33510971488613
27 32 3.418818983011975
29 32 1.8502030650981298
37 32 1.7701603574245932
106 32 4.33510971488613
112 32 2.0325246218920845
3 33 0.8693738120864033
8 33 3.0229233259199613
10 33 3.2364974262180204
11 33 3.2364974262180204
28 33 2.948815353766239
29 33 1.8502030650981298
37 33 1.7701603574245932
3 34 1.5625209926463486
8 34 2.8687726460927028
30 34 3.2364974262180204
36 34 2.543350245658075
37 34 2.4633075379845386
7 35 3.6419625343261846
11 35 3.2364974262180204
37 35 1.0770131768646478
41 35 4.33510971488613
43 35 1.6270595137839199
48 35 3.6419625343261846
112 35 3.9784347709473975
2 36 2.1378851375499104
3 36 1.274838920194568
4 36 1.7812101936111782
7 36 1.8502030650981298
8 36 1.9243110372518515
9 36 3.2364974262180204
10 36 2.1378851375499104
11 36 2.1378851375499104
12 36 2.543350245658075
13 36 2.543350245658075
14 36 2.543350245658075
23 36 2.543350245658075
25 36 2.1378851375499104
27 36 2.0325246218920845
28 36 2.543350245658075
29 36 2.3610286888641205
30 36 2.3610286888641205
31 36 0.9339123332239747
32 36 2.543350245658075
36 36 1.4447379569899652
37 36 1.8502030650981298
106 36 2.543350245658075
112 36 0.9339123332239747
2 37 1.3646952493164288
3 37 1.7701603574245932
4 37 1.8953235003785993
6 37 1.0770131768646478
7 37 1.4824782849728124
8 37 1.9132612010652668
9 37 2.175625465532758
10 37 1.5878388006306388
11 37 1.2311638566919063
12 37 1.0770131768646478
13 37 1.0770131768646478
14 37 1.0770131768646478
15 37 -0.30928118425524276
16 37 0.2885558165003777
17 37 0.6715480687564837
22 37 1.0770131768646478
25 37 1.0770131768646478
27 37 1.413485413485861
28 37 2.0886140885431277
29 37 1.9933039087388031
30 37 1.9243110372518517
31 37 1.8654705372289182
32 37 1.0770131768646478
34 37 2.4633075379845386
35 37 1.7701603574245932
36 37 1.9243110372518517
37 37 1.7701603574245932
38 37 -1.6310370242375622
41 37 1.0770131768646478
42 37 -1.1202114004715713
43 37 -0.5324247355694526
45 37 -0.30928118425524276
46 37 0.38386599630470253
48 37 1.0770131768646478
51 37 1.7701603574245932
52 37 0.6715480687564837
67 37 -1.2255719161293976
69 37 -0.714746292363407
89 37 1.0770131768646478
106 37 1.0770131768646478
112 37 1.7188670630370428
1 38 1.0080203053776964
2 38 0.5284472251158102
3 38 -0.4523820278959161
4 38 0.30530367380160045
21 38 -0.4523820278959161
22 38 2.543350245658075
24 38 1.889423778251411
25 38 1.2215944056757555
26 38 1.1162338900179294
27 38 0.9339123332239745
29 38 0.6462302607721937
36 38 1.4447379569899652
37 38 -0.3782740557421943
38 38 2.336735996295076
39 38 2.3202066943438653
40 38 2.879822482279288
42 38 0.9339123332239745
43 38 1.1162338900179294
44 38 2.543350245658075
46 38 1.1570558845381842
47 38 1.878373942064826
61 38 2.0325246218920845
62 38 2.233195317354235
63 38 1.6270595137839199
64 38 2.3202066943438653
65 38 0.2407651526640292
66 38 2.607888766795646
67 38 2.2422451528741534
68 38 2.1866753017193425
70 38 2.374273915614141
38 39 2.7256718024520294
42 39 1.8502030650981298
62 39 3.2364974262180204
67 39 2.7256718024520294
68 39 3.6419625343261846
70 39 2.831032318109856
1 40 3.1564547185444836
24 40 3.824284091120139
26 40 3.418818983011975
38 40 1.6270595137839199
43 40 1.6270595137839199
44 40 2.7256718024520294
47 40 2.3891995658308165
70 40 2.1378851375499104
42 41 3.171958905080449
43 41 1.8502030650981296
46 41 3.171958905080449
69 41 2.7664937969722847
0 42 1.12965691035007
1 42 -0.9244668233454761
3 42 -1.1321061881237207
8 42 1.056534645521107
10 42 0.5418702454479509
11 42 1.794633213943319
20 42 1.8636260854302704
21 42 0.25418817299616997
24 42 0.7241918022419056
28 42 -0.43895900756377537
29 42 -0.8444241156719396
31 42 0.7241918022419056
33 42 3.2499204465501608
37 42 0.08713408833300385
42 42 2.432720617320237
43 42 2.1905288710353323
44 42 0.9473353535561153
45 42 2.556773265990216
46 42 1.7582655697724439
47 42 1.7094754056030121
61 42 2.7390948227841703
62 42 2.621311787127787
65 42 1.6404825341160605
66 42 0.5418702454479509
68 42 1.6404825341160605
69 42 2.5228717143145345
70 42 0.6960209252752093
79 42 1.9028467985835515
149 42 -1.1321061881237207
203 42 -0.43895900756377537
0 43 0.04465027373773872
1 43 0.8808982979383576
2 43 0.5554758975037295
3 43 -1.8116477166278875
8 43 -0.5053960631815331
11 43 0.5554758975037295
20 43 0.9609410056118938
21 43 0.9609410056118938
24 43 1.654088186171839
26 43 0.7377974542976841
31 43 0.04465027373773872
33 43 1.654088186171839
37 43 -1.6040083518496429
38 43 0.5554758975037295
39 43 1.654088186171839
40 43 1.654088186171839
41 43 1.654088186171839
42 43 2.3332491247570446
43 43 2.1240918154175747
44 43 1.1432625624058486
45 43 2.465018402388168
46 43 2.0595532942800037
47 43 2.3472353667317845
62 43 1.248623078063675
65 43 2.3472353667317845
66 43 1.248623078063675
67 43 0.7377974542976841
68 43 2.752700474839949
69 43 2.9978229328729338
70 43 1.4027737578909332
79 43 1.4309446348576293
0 44 1.1162338900179294
1 44 2.106632594045806
2 44 1.62705951378392
3 44 -0.0469169197877516
4 44 0.01762160134981963
21 44 1.339377441332139
22 44 2.7256718024520294
24 44 2.7256718024520294
25 44 1.62705951378392
26 44 1.8093810705778748
27 44 1.1162338900179294
29 44 0.9339123332239747
36 44 1.62705951378392
37 44 0.16072244499049287
38 44 1.889423778251411
40 44 2.7256718024520294
42 44 0.2407651526640294
43 44 1.9635317504051328
44 44 1.1162338900179294
46 44 1.339377441332139
47 44 2.389199565830817
61 44 2.7256718024520294
62 44 1.62705951378392
64 44 2.7256718024520294
66 44 2.3202066943438653
67 44 1.8093810705778748
69 44 1.62705951378392
70 44 1.62705951378392
0 45 2.0325246218920845
1 45 1.0770131768646478
3 45 -0.5169205490334873
8 45 1.3001567281788575
11 45 1.8502030650981298
20 45 2.948815353766239
21 45 2.2556681732062938
24 45 2.0325246218920845
31 45 2.0325246218920845
33 45 2.948815353766239
37 45 -0.30928118425524276
38 45 1.3393774413321389
39 45 2.948815353766239
42 45 0.9747343277442296
45 45 1.5625209926463486
46 45 2.2556681732062938
47 45 1.0029052047109261
62 45 1.8502030650981298
67 45 1.7448425494403033
69 45 1.1570558845381844
70 45 1.4447379569899652
79 45 3.418818983011975
149 45 0.8693738120864033
203 45 1.5625209926463486
38 46 2.329776145360016
39 46 3.785063377966858
42 46 1.9933039087388031
43 46 1.7701603574245932
46 46 1.7056218362870221
47 46 2.244618337019709
65 46 2.3987690168469675
67 46 2.581090573640922
68 46 3.091916197406913
69 46 2.3987690168469675
70 46 2.280985981190584
0 47 1.878373942064826
1 47 1.903691750049116
2 47 1.2905872771627072
20 47 2.3891995658308165
21 47 1.6960523852708713
24 47 2.3891995658308165
25 47 1.2905872771627072
26 47 1.4729088339566616
31 47 1.4729088339566616
38 47 2.0790446375269775
39 47 2.3891995658308165
42 47 1.1082657203687525
43 47 1.6270595137839199
44 47 0.7797616533967164
45 47 2.3891995658308165
47 47 1.541901705443613
62 47 1.2905872771627072
64 47 2.3891995658308165
65 47 1.6960523852708713
66 47 2.3891995658308165
67 47 2.0325246218920845
68 47 2.3891995658308165
69 47 1.6960523852708713
70 47 1.2905872771627072
79 47 2.859203195076552
149 47 -1.2996798882831195
15 48 2.6950348329901397
16 48 3.06972828243155
18 48 3.675864086001866
19 48 3.2703989778937017
41 48 3.675864086001866
42 48 2.289569724881975
43 48 1.6609610654596012
46 48 2.289569724881975
49 48 3.675864086001866
52 48 2.5772517973337563
53 48 2.5772517973337563
69 48 1.8841046167738111
15 49 3.3542804618744038
16 49 2.6303616226477047
17 49 3.929644606777966
38 49 1.6270595137839199
52 49 3.2364974262180204
53 49 3.2364974262180204
63 49 4.33510971488613
67 49 2.7256718024520294
70 49 2.1378851375499104
15 50 3.6419625343261846
16 50 3.54665235452186
19 50 4.33510971488613
48 50 3.6419625343261846
52 50 3.2364974262180204
53 50 3.2364974262180204
15 51 2.948815353766239
16 51 3.32350880320765
17 51 3.2364974262180204
19 51 4.33510971488613
48 51 3.6419625343261846
50 51 4.33510971488613
52 51 3.2364974262180204
53 51 3.929644606777966
15 52 3.3542804618744038
16 52 3.035826730755869
17 52 3.2364974262180204
18 52 3.2364974262180204
19 52 3.929644606777966
38 52 0.5284472251158102
44 52 1.62705951378392
48 52 3.2364974262180204
50 52 3.2364974262180204
51 52 3.2364974262180204
52 52 2.1378851375499104
53 52 3.524179498669801
63 52 3.2364974262180204
67 52 1.62705951378392
70 52 1.7324200294417462
15 53 3.3542804618744038
16 53 3.1411872464136956
17 53 2.831032318109856
18 53 3.2364974262180204
19 53 3.747323049984011
38 53 0.9339123332239745
44 53 1.62705951378392
47 53 1.2905872771627072
48 53 2.543350245658075
49 53 3.2364974262180204
50 53 3.2364974262180204
52 53 2.831032318109856
53 53 2.1378851375499104
63 53 3.2364974262180204
64 53 2.543350245658075
67 53 2.0325246218920845
70 53 1.7324200294417462
42 54 0.7515907764300201
43 54 1.0674437258484972
54 54 2.841184689573874
55 54 3.6419625343261846
56 54 2.212848176023366
57 54 3.3054902977049716
58 54 2.722344012359355
66 54 1.9837344577226523
80 54 3.7754939269507073
81 54 1.1852267615048808
82 54 2.206878009036862
84 54 2.6768816382825977
88 54 2.584944142956912
42 55 2.543350245658075
43 55 2.543350245658075
54 55 1.6960523852708713
55 55 2.948815353766239
56 55 0.8265538149034751
57 55 2.2556681732062938
58 55 1.895665439174887
66 55 3.2364974262180204
70 55 1.4447379569899652
80 55 3.6419625343261846
82 55 1.8502030650981298
88 55 2.045947642224225
42 56 -0.3970319328127512
43 56 -0.7002181918004973
54 56 2.700979189861658
55 56 2.007832009301713
56 56 2.985099537674583
57 56 2.5674477972371355
58 56 2.864224599594799
66 56 0.21607254007365784
70 56 -1.5756869291543973
80 56 1.3146848287417674
81 56 1.3146848287417674
82 56 1.468835508569026
84 56 2.007832009301713
88 56 2.1610169720090124
42 57 1.1570558845381844
43 57 0.9339123332239745
54 57 2.9488153537662396
55 57 2.948815353766239
56 57 2.5313019071419003
57 57 2.2556681732062938
58 57 2.994277727842997
66 57 1.8502030650981298
70 57 0.7515907764300199
80 57 2.948815353766239
82 57 1.1570558845381844
84 57 3.2364974262180204
88 57 2.2690911935384346
42 58 0.5692692196360654
43 58 0.5284472251158102
54 58 2.995335369401132
55 58 2.948815353766239
56 58 2.590142407164834
57 58 2.948815353766239
58 58 2.406491062940878
66 58 1.4447379569899652
70 58 0.3461256683218556
80 58 3.6419625343261846
81 58 0.9339123332239747
82 58 2.1378851375499104
84 58 2.831032318109856
88 58 2.333629714676006
3 59 0.8693738120864033
4 59 1.6270595137839199
22 59 4.33510971488613
27 59 2.7256718024520294
36 59 3.2364974262180204
37 59 1.0770131768646478
38 59 2.543350245658075
44 59 2.7256718024520294
65 59 3.6419625343261846
67 59 2.0325246218920845
2 60 3.2364974262180204
3 60 3.171958905080449
36 60 2.543350245658075
37 60 2.175625465532758
42 61 2.1378851375499104
43 61 3.418818983011975
46 61 2.948815353766239
47 61 2.3891995658308165
69 61 3.6419625343261846
3 62 -0.2292384765817062
8 62 1.7701603574245934
10 62 2.1378851375499104
11 62 2.1378851375499104
29 62 0.7515907764300199
33 62 3.2364974262180204
37 62 0.6715480687564837
42 62 2.050873760560281
43 62 2.607888766795646
44 62 1.62705951378392
46 62 2.543350245658075
47 62 1.9837344577226523
61 62 3.929644606777966
62 62 2.1378851375499104
69 62 2.543350245658075
70 62 1.0392728488818008
38 63 2.879822482279288
44 63 2.7256718024520294
47 63 3.082346746390762
64 63 4.33510971488613
67 63 2.7256718024520294
70 63 2.1378851375499104
38 64 2.948815353766239
40 64 3.6419625343261846
43 64 1.6270595137839199
44 64 2.0325246218920845
47 64 2.3891995658308165
64 64 2.948815353766239
66 64 3.6419625343261846
67 64 2.7256718024520294
70 64 1.4447379569899652
0 65 2.0325246218920845
3 65 0.17622663152645804
4 65 0.9339123332239745
20 65 2.948815353766239
22 65 3.6419625343261846
24 65 2.0325246218920845
27 65 2.0325246218920845
29 65 1.8502030650981298
31 65 2.0325246218920845
36 65 2.543350245658075
37 65 0.38386599630470253
38 65 1.6270595137839199
42 65 1.1570558845381844
43 65 0.9339123332239745
44 65 2.0325246218920845
45 65 2.948815353766239
47 65 2.3891995658308165
67 65 1.339377441332139
79 65 3.131136910560194
1 66 0.6715480687564837
24 66 2.3202066943438653
26 66 1.62705951378392
38 66 2.1378851375499104
40 66 3.929644606777966
42 66 1.955563580755956
43 66 2.1378851375499104
44 66 2.7256718024520294
45 66 1.8502030650981298
47 66 1.2905872771627072
66 66 2.1378851375499104
67 66 1.62705951378392
69 66 1.4447379569899652
70 66 2.6487107613159013
1 67 0.5661875530986573
3 67 -0.7400641003476969
4 67 0.7107687819097649
22 67 2.0325246218920845
24 67 1.1162338900179294
25 67 0.9339123332239747
26 67 0.42308670945798416
27 67 0.42308670945798416
29 67 0.2407651526640294
36 67 0.9339123332239747
37 67 -0.5324247355694525
38 67 2.6016191537820506
39 67 2.7256718024520294
40 67 2.7256718024520294
42 67 0.9339123332239747
43 67 0.423086709457984
44 67 2.214846178686039
45 67 0.6462302607721937
46 67 1.339377441332139
47 67 2.0325246218920845
62 67 2.0325246218920845
63 67 2.7256718024520294
64 67 2.7256718024520294
66 67 2.0325246218920845
67 67 2.1278348016964093
68 67 2.4379897300002487
70 67 2.543350245658075
0 68 2.0325246218920845
20 68 2.948815353766239
24 68 2.0325246218920845
31 68 2.0325246218920845
42 68 2.4563388686684453
43 68 2.032524621892084
44 68 2.0325246218920845
45 68 2.948815353766239
47 68 2.3891995658308165
61 68 3.6419625343261846
62 68 3.2364974262180204
65 68 2.948815353766239
69 68 2.543350245658075
70 68 1.4447379569899652
0 69 1.6960523852708713
3 69 -0.8533927856547002
8 69 0.9636844915576446
11 69 1.5137308284769169
20 69 2.612343117145026
24 69 1.6960523852708713
29 69 0.12743646735702627
31 69 1.0029052047109261
33 69 2.612343117145026
37 69 0.04739375968348972
42 69 2.3246610446932454
43 69 1.8502030650981296
45 69 3.017808225253191
46 69 1.919195936585081
47 69 2.6123431171450266
62 69 1.5137308284769169
65 69 3.3054902977049716
68 69 3.017808225253191
69 69 2.612343117145026
79 69 1.6960523852708713
0 70 0.5284472251158102
1 70 1.7701603574245934
2 70 1.0392728488818008
8 70 -1.1202114004715713
11 70 0.3461256683218556
21 70 0.7515907764300199
24 70 2.1378851375499104
26 70 1.6270595137839199
33 70 2.1378851375499104
38 70 2.170674960372901
39 70 2.831032318109856
40 70 2.1378851375499104
42 70 1.6898604150229504
43 70 1.2215944056757555
44 70 2.1378851375499104
45 70 0.7515907764300199
46 70 1.4447379569899652
47 70 2.2714165301744336
61 70 2.831032318109856
62 70 2.6487107613159013
63 70 2.1378851375499104
64 70 2.831032318109856
66 70 1.0392728488818008
67 70 2.0325246218920845
68 70 2.1378851375499104
69 70 1.0392728488818008
70 70 1.8865707092690045
71 71 2.7411759889879947
73 71 2.948815353766239
74 71 2.948815353766239
75 71 3.3542804618744038
90 71 3.3542804618744038
91 71 3.554951157336555
92 71 3.3542804618744038
93 71 3.3542804618744038
94 71 3.3542804618744038
113 71 2.914913802090558
115 71 3.8651060856403943
116 71 2.2556681732062938
146 71 0.6462302607721937
71 72 3.8651060856403943
75 72 4.047427642434349
90 72 3.131136910560194
91 72 3.2364974262180204
113 72 2.3202066943438653
115 72 4.33510971488613
71 73 2.2556681732062938
90 73 3.6419625343261846
91 73 3.929644606777966
92 73 4.33510971488613
93 73 4.33510971488613
94 73 4.33510971488613
113 73 2.3202066943438653
116 73 3.2364974262180204
71 74 2.2556681732062938
73 74 4.33510971488613
90 74 3.6419625343261846
91 74 3.929644606777966
92 74 4.33510971488613
93 74 4.33510971488613
94 74 4.33510971488613
113 74 2.3202066943438653
71 75 2.948815353766239
72 75 2.948815353766239
75 75 3.3542804618744038
90 75 3.131136910560194
91 75 3.2364974262180204
113 75 3.18520413183047
115 75 4.047427642434349
116 75 2.543350245658075
146 75 2.4379897300002487
147 75 3.6419625343261846
3 76 -1.903214910153378
4 76 -0.740064100347697
22 76 1.9679861007545132
36 76 -0.9223856571416515
37 76 -1.0024283648151882
38 76 0.8003809405994519
44 76 0.8693738120864033
59 76 2.948815353766239
65 76 1.9679861007545132
67 76 0.17622663152645804
76 76 2.863223423430836
77 76 2.3782704952986267
78 76 3.142971368207197
82 76 0.17622663152645804
84 76 -0.2292384765817062
85 76 0.8693738120864033
88 76 -1.4197882605755014
98 76 0.8693738120864033
3 77 1.4474516628615615
22 77 1.1996154989569803
37 77 0.24410405392954387
38 77 0.506468318397035
44 77 0.6887898751909896
59 77 2.585909860076871
60 77 3.3968400762932
65 77 1.8927626795169257
67 77 -1.1029695940370654
76 77 2.4523784674523483
77 77 2.3948546233141617
78 77 2.511801887923149
82 77 2.403588303282916
84 77 0.7941503908488159
85 77 3.3968400762932
88 77 1.1076780036312948
98 77 1.6050806070651444
3 78 -1.0765363369689098
4 78 -0.31885063527139346
22 78 2.3891995658308165
36 78 1.2905872771627072
37 78 -0.8688969721906652
38 78 1.3858974569670321
44 78 1.4729088339566616
59 78 3.4878118544989265
65 78 2.794664673938981
67 78 0.08661447283677108
76 78 2.773611264741149
77 78 2.3891995658308165
78 78 2.6405139941117226
1 79 1.7701603574245932
21 79 2.7256718024520294
79 79 2.9079933592459843
149 79 2.4040881783245673
151 79 1.6960523852708715
153 79 2.3202066943438653
172 79 1.62705951378392
175 79 1.62705951378392
203 79 3.131136910560194
207 79 2.389199565830817
42 80 2.6975009254853335
43 80 2.3202066943438653
55 80 3.6419625343261846
56 80 0.8265538149034751
66 80 3.2364974262180204
70 80 2.1378851375499104
82 80 2.543350245658075
88 80 2.045947642224225
54 81 1.4729088339566616
56 81 1.1630260515246882
57 81 2.0325246218920845
58 81 0.9793747073007321
76 81 0.3585481883204128
77 81 2.5346165656893205
81 81 2.9488153537662396
82 81 2.543350245658075
83 81 3.706501055463756
84 81 3.0133538749038107
86 81 2.7256718024520294
87 81 3.8242840911201395
88 81 1.9405871265663988
108 81 0.6462302607721937
109 81 1.339377441332139
111 81 1.62705951378392
3 82 2.0220533220247887
37 82 1.231163856691906
42 82 1.1570558845381844
43 82 0.5284472251158102
54 82 1.2905872771627072
55 82 1.8502030650981298
56 82 0.9807044947307335
57 82 1.8502030650981298
60 82 3.6419625343261846
66 82 1.4447379569899652
70 82 0.3461256683218556
77 82 1.3537661787842385
81 82 2.3202066943438653
82 82 1.8502030650981298
83 82 2.1378851375499104
85 82 3.6419625343261846
86 82 2.543350245658075
87 82 2.543350245658075
88 82 2.4514127503323895
111 82 1.4447379569899652
76 83 0.8693738120864033
77 83 3.1455256480122937
81 83 2.7256718024520294
82 83 3.2364974262180204
83 83 3.2364974262180204
84 83 3.2364974262180204
87 83 3.929644606777966
88 83 0.9473353535561154
3 84 0.4639087039782391
42 84 0.3461256683218556
43 84 0.5284472251158102
54 84 3.0823467463907623
55 84 3.929644606777966
56 84 1.114235887355256
57 84 2.543350245658075
58 84 2.183347511626668
60 84 3.2364974262180204
77 84 2.0469133593441837
80 84 3.929644606777966
82 84 3.054175869424066
84 84 2.1378851375499104
85 84 3.2364974262180204
88 84 2.556773265990216
2 85 3.2364974262180204
3 85 3.171958905080449
37 85 2.175625465532758
60 85 4.33510971488613
76 86 0.8693738120864033
77 86 1.1996154989569803
81 86 3.824284091120139
83 86 4.33510971488613
87 86 4.33510971488613
88 86 3.144559930892335
76 87 0.8693738120864033
77 87 3.3968400762932
81 87 2.0325246218920845
82 87 3.2364974262180204
83 87 3.2364974262180204
84 87 3.2364974262180204
2 88 0.9339123332239747
3 88 0.7640132964285772
37 88 -0.12695962746128797
42 88 1.013955040897511
43 88 0.9339123332239747
54 88 2.0325246218920845
55 88 2.4379897300002487
56 88 2.02047628337591
57 88 2.2556681732062938
58 88 2.3656690684206225
60 88 2.0325246218920845
66 88 1.62705951378392
70 88 -0.16469995544413504
76 88 -0.3345989922395325
77 88 0.8429405550182478
80 88 2.7256718024520294
81 88 2.7256718024520294
82 88 0.9339123332239747
83 88 3.131136910560194
84 88 2.543350245658075
85 88 2.0325246218920845
87 88 3.131136910560194
88 88 1.6892726982854926
4 89 2.3202066943438653
6 89 4.047427642434349
10 89 3.2364974262180204
30 89 2.543350245658075
37 89 0.38386599630470253
38 89 2.032524621892084
43 89 1.6270595137839199
45 89 2.948815353766239
46 89 2.948815353766239
47 89 1.6960523852708713
67 89 2.4379897300002487
70 89 1.4447379569899652
89 89 2.948815353766239
90 90 2.7256718024520294
91 90 2.3202066943438653
92 90 2.7256718024520294
113 90 3.451608805834966
114 90 3.6419625343261846
115 90 3.131136910560194
116 90 3.418818983011975
146 90 3.131136910560194
147 90 3.131136910560194
176 90 1.5862375192636649
177 90 1.339377441332139
178 90 0.5284472251158102
209 90 2.7256718024520294
90 91 3.4988616906855112
91 91 2.1378851375499104
92 91 2.543350245658075
113 91 3.4728862042822506
114 91 3.2364974262180204
115 91 3.2364974262180204
116 91 3.747323049984011
146 91 2.7256718024520294
147 91 3.2364974262180204
90 92 3.536602018668358
91 92 3.6419625343261846
92 92 2.948815353766239
113 92 3.418818983011975
114 92 3.6419625343261846
116 92 3.929644606777966
90 93 3.6419625343261846
91 93 3.929644606777966
92 93 4.33510971488613
113 93 3.2364974262180204
116 93 3.2364974262180204
90 94 3.6419625343261846
91 94 3.929644606777966
92 94 4.33510971488613
93 94 4.33510971488613
113 94 3.0133538749038102
116 94 3.2364974262180204
81 95 2.46784269314993
82 95 1.7548928852938048
86 95 3.035826730755869
88 95 1.845276946762074
95 95 3.1502370819336134
96 95 1.6087103751157232
97 95 2.987036566586437
98 95 1.9372144420877595
102 95 3.035826730755869
103 95 2.7845123024749627
105 95 2.7638930152722274
108 95 2.6303616226477047
109 95 3.1899774105831273
111 95 2.0913651219150178
76 96 1.639482033782477
77 96 1.6183258338151651
95 96 1.5515519612757747
96 96 3.039021621652388
97 96 2.428420278984098
98 96 3.2563000535142
102 96 0.01762160134981963
104 96 2.820981982256354
105 96 2.859203195076552
77 97 -0.053147469538387636
81 97 1.878373942064826
82 97 1.6960523852708713
86 97 3.4878118544989265
88 97 1.1986497818370214
95 97 2.6303616226477047
96 97 2.7256718024520294
97 97 2.389199565830817
98 97 1.6960523852708713
102 97 2.3891995658308165
104 97 2.794664673938981
105 97 3.0082387742370402
108 97 2.1015174933790357
109 97 2.794664673938981
111 97 2.3891995658308165
76 98 2.815283961141717
77 98 2.29822778762509
78 98 2.3891995658308165
96 98 2.368996858513297
98 98 2.948815353766239
95 99 1.244067261527814
99 99 3.3542804618744038
100 99 4.118886606416494
101 99 2.4379897300002487
102 99 1.8502030650981298
103 99 3.45964097753223
110 99 4.047427642434349
111 99 3.554951157336555
95 100 3.5901374664615986
97 100 2.6768816382825977
99 100 1.4447379569899652
100 100 3.524179498669801
102 100 3.2364974262180204
103 100 3.6783301784970597
110 100 2.831032318109856
111 100 2.911075025783392
96 101 2.6422901935129786
97 101 2.5715211226247714
99 101 1.339377441332139
100 101 2.7256718024520294
101 101 2.9079933592459843
102 101 3.0133538749038107
103 101 1.62705951378392
104 101 3.6419625343261846
105 101 2.389199565830817
110 101 2.7256718024520294
111 101 2.879822482279288
128 101 2.0325246218920845
81 102 2.543350245658075
82 102 1.4447379569899652
83 102 2.1378851375499104
86 102 3.2364974262180204
88 102 2.0459476422242253
95 102 3.035826730755869
96 102 2.214846178686039
97 102 3.0823467463907623
103 102 2.831032318109856
104 102 3.2364974262180204
105 102 1.9837344577226523
108 102 1.8502030650981298
109 102 2.543350245658075
111 102 2.1378851375499104
81 103 2.0325246218920845
82 103 1.4447379569899652
95 103 3.54665235452186
97 103 3.0823467463907623
100 103 2.9851829979371143
102 103 3.2364974262180204
103 103 2.831032318109856
105 103 1.9837344577226523
108 103 1.8502030650981298
109 103 2.543350245658075
111 103 2.831032318109856
95 104 2.6303616226477047
96 104 3.2563000535142
97 104 2.794664673938981
104 104 2.948815353766239
105 104 3.305490297704972
76 105 0.022075951699199826
77 105 1.045464819129722
81 105 1.6960523852708713
82 105 0.5974400966027618
86 105 2.3891995658308165
88 105 1.1986497818370214
95 105 1.0899165817005558
96 105 3.195675431697765
97 105 2.2350488860035584
98 105 3.082346746390762
102 105 1.9837344577226523
104 105 2.3891995658308165
105 105 2.6405139941117226
108 105 1.0029052047109261
109 105 1.6960523852708713
111 105 1.2905872771627072
3 106 2.2556681732062938
7 106 2.948815353766239
12 106 4.33510971488613
13 106 4.33510971488613
23 106 4.33510971488613
27 106 3.418818983011975
29 106 1.8502030650981298
35 106 4.33510971488613
37 106 1.7701603574245932
112 106 2.0325246218920845
99 107 4.270571193748559
100 107 3.2364974262180204
101 107 2.7256718024520294
103 107 2.543350245658075
107 107 3.3542804618744038
108 107 3.171958905080449
109 107 2.2556681732062938
110 107 4.33510971488613
111 107 2.543350245658075
127 107 3.6419625343261846
128 107 1.4083703128190905
81 108 2.2556681732062938
82 108 1.1570558845381844
83 108 2.543350245658075
86 108 2.948815353766239
88 108 1.758265569772444
99 108 3.960416265444719
100 108 2.6975009254853335
101 108 2.4379897300002487
103 108 2.543350245658075
107 108 3.5084311417016623
108 108 2.6611332813144584
109 108 2.948815353766239
110 108 3.6419625343261846
111 108 2.7664937969722847
127 108 3.3542804618744038
128 108 1.4083703128190905
81 109 3.131136910560194
82 109 1.8502030650981298
83 109 3.2364974262180204
86 109 3.6419625343261846
88 109 2.4514127503323895
99 109 3.6419625343261846
100 109 2.1378851375499104
101 109 2.0325246218920845
107 109 3.3542804618744038
108 109 2.948815353766239
110 109 3.6419625343261846
111 109 2.543350245658075
127 109 2.948815353766239
128 109 1.0029052047109261
95 110 1.9372144420877595
99 110 2.948815353766239
100 110 4.083795286605224
102 110 3.2364974262180204
103 110 3.929644606777966
111 110 3.6419625343261846
76 111 -0.9223856571416515
81 111 2.7256718024520294
83 111 3.2364974262180204
86 111 3.2364974262180204
87 111 3.2364974262180204
88 111 2.0459476422242253
95 111 2.918043695099486
96 111 1.2703845698451874
97 111 2.206878009036862
100 111 2.9851829979371143
102 111 2.831032318109856
103 111 3.2364974262180204
104 111 2.543350245658075
105 111 1.2905872771627072
111 111 2.1378851375499104
128 111 -0.09570708395718354
3 112 0.5126988681476711
7 112 3.131136910560194
11 112 3.0133538749038107
12 112 2.7256718024520294
13 112 2.7256718024520294
14 112 2.7256718024520294
23 112 2.7256718024520294
27 112 1.1162338900179294
29 112 0.2407651526640294
32 112 2.7256718024520294
35 112 2.0325246218920845
37 112 0.8538696255504382
41 112 3.9784347709473975
42 112 1.4935281211593971
43 112 2.0325246218920845
46 112 2.0325246218920845
48 112 3.418818983011975
69 112 2.0325246218920845
106 112 2.7256718024520294
112 112 3.0972353588845127
90 113 1.8093810705778746
113 113 2.8508349454060355
114 113 3.418818983011975
115 113 2.3202066943438653
116 113 3.1675045547310687
146 113 3.5141291628162996
147 113 3.418818983011975
176 113 2.6422901935129786
177 113 2.1866753017193425
178 113 1.2215944056757555
204 113 -0.4523820278959161
206 113 -0.7708357590144506
208 113 2.879822482279288
209 113 3.824284091120139
113 114 2.7256718024520294
146 114 2.7256718024520294
176 114 3.195675431697765
177 114 2.948815353766239
178 114 2.1378851375499104
209 114 4.33510971488613
113 115 3.0133538749038102
116 115 3.2364974262180204
146 115 4.11196616357192
147 115 4.33510971488613
176 115 2.7256718024520294
90 116 2.3202066943438653
113 116 2.831032318109856
114 116 3.929644606777966
116 116 2.1378851375499104
146 116 3.418818983011975
147 116 3.2364974262180204
176 116 2.41551687414819
177 116 2.543350245658075
178 116 1.0392728488818008
204 116 0.4639087039782391
206 116 1.5317493339795953
208 116 3.2364974262180204
209 116 3.929644606777966
101 117 4.11196616357192
105 117 1.6960523852708713
111 117 2.543350245658075
117 117 2.948815353766239
118 117 4.11196616357192
119 117 4.33510971488613
128 117 3.082346746390762
96 118 1.4527061266391421
97 118 1.4729088339566616
101 118 4.11196616357192
102 118 2.7256718024520294
105 118 2.166056014516607
111 118 2.3202066943438653
117 118 2.7256718024520294
118 118 3.418818983011975
119 118 3.8242840911201395
128 118 3.0823467463907623
96 119 1.8093810705778746
101 119 4.11196616357192
102 119 3.2364974262180204
105 119 2.3891995658308165
111 119 2.543350245658075
118 119 3.418818983011975
128 119 3.082346746390762
117 120 3.131136910560194
118 120 2.214846178686039
120 120 3.418818983011975
121 120 3.8242840911201395
122 120 3.6419625343261846
123 120 2.166056014516607
126 120 3.418818983011975
128 120 1.878373942064826
130 120 2.0325246218920845
131 120 2.7256718024520294
132 120 4.11196616357192
133 120 3.8242840911201395
138 120 2.3202066943438653
117 121 2.948815353766239
118 121 2.0325246218920845
120 121 3.418818983011975
121 121 2.948815353766239
122 121 3.929644606777966
123 121 2.3891995658308165
126 121 3.6419625343261846
128 121 1.6960523852708713
132 121 4.33510971488613
133 121 3.6419625343261846
101 122 2.543350245658075
117 122 3.929644606777966
118 122 3.878351312390415
119 122 3.929644606777966
122 122 2.6975009254853335
123 122 2.9000251895968074
124 122 2.543350245658075
125 122 2.543350245658075
126 122 2.6611332813144584
127 122 2.543350245658075
128 122 2.848731895209257
150 122 2.543350245658075
99 123 2.1015174933790357
101 123 0.7797616533967164
107 123 2.9488153537662396
108 123 2.794664673938981
109 123 2.3891995658308165
117 123 2.3891995658308165
118 123 2.3891995658308165
119 123 2.3891995658308165
122 123 1.6960523852708713
123 123 2.928196066563504
124 123 3.4878118544989265
125 123 3.4878118544989265
126 123 2.6123431171450266
127 123 3.3054902977049716
128 123 3.1513396178777136
99 124 2.2556681732062938
107 124 3.759745569982568
108 124 3.5084311417016623
109 124 2.948815353766239
123 124 3.2001297820471453
124 124 3.171958905080449
125 124 3.8651060856403943
126 124 1.5625209926463486
127 124 3.3542804618744038
128 124 3.082346746390762
99 125 3.3542804618744038
107 125 4.047427642434349
108 125 3.6419625343261846
109 125 3.6419625343261846
123 125 2.794664673938981
124 125 2.948815353766239
125 125 2.948815353766239
127 125 2.948815353766239
128 125 3.082346746390762
101 126 2.0325246218920845
108 126 1.5625209926463486
117 126 3.6419625343261846
118 126 3.418818983011975
119 126 3.3542804618744038
122 126 3.1719589050804493
123 126 2.9488153537662396
124 126 3.171958905080449
125 126 3.3542804618744038
126 126 2.6611332813144584
127 126 2.948815353766239
128 126 2.794664673938981
150 126 2.948815353766239
99 127 3.6419625343261846
100 127 3.2364974262180204
101 127 2.0325246218920845
103 127 2.543350245658075
107 127 2.2556681732062938
108 127 2.2556681732062938
109 127 2.948815353766239
110 127 3.6419625343261846
111 127 2.543350245658075
123 127 2.3891995658308165
124 127 2.948815353766239
125 127 3.6419625343261846
128 127 2.794664673938981
96 128 1.6126707763318202
97 128 1.541901705443613
99 128 2.3891995658308165
100 128 1.2905872771627072
101 128 2.794664673938981
102 128 1.9837344577226523
103 128 0.5974400966027618
104 128 2.3891995658308165
105 128 1.3595801486496586
107 128 3.3542804618744038
108 128 3.017808225253191
109 128 2.794664673938981
110 128 1.6960523852708713
111 128 1.5137308284769169
117 128 2.1015174933790357
118 128 2.2838390501729906
119 128 2.3891995658308165
122 128 1.0029052047109261
123 128 2.1480375090139288
124 128 2.7076532969493514
125 128 2.9488153537662396
126 128 1.0029052047109261
127 128 2.6123431171450266
128 128 2.6123431171450266
120 129 3.2563000535142
121 129 2.4379897300002487
129 129 3.5366020186683587
130 129 3.8651060856403943
131 129 3.6419625343261846
133 129 2.0325246218920845
134 129 4.33510971488613
137 129 3.536602018668358
138 129 4.192008871245457
120 130 3.9784347709473975
121 130 4.047427642434349
122 130 1.8502030650981298
123 130 1.6960523852708713
126 130 2.4788117245205035
128 130 1.0029052047109261
129 130 2.7256718024520294
130 130 2.948815353766239
131 130 4.047427642434349
132 130 4.047427642434349
133 130 4.047427642434349
134 130 2.948815353766239
137 130 2.2556681732062938
138 130 3.45964097753223
120 131 4.11196616357192
121 131 4.33510971488613
122 131 3.2364974262180204
123 131 2.3891995658308165
126 131 3.3542804618744038
128 131 1.6960523852708713
132 131 4.33510971488613
133 131 4.33510971488613
117 132 4.33510971488613
118 132 2.7256718024520294
120 132 2.7256718024520294
122 132 3.929644606777966
123 132 2.3891995658308165
126 132 3.6419625343261846
128 132 2.3891995658308165
118 133 2.7256718024520294
120 133 3.418818983011975
121 133 3.6419625343261846
122 133 3.929644606777966
123 133 2.3891995658308165
126 133 3.6419625343261846
128 133 1.6960523852708713
132 133 4.33510971488613
120 134 4.11196616357192
121 134 4.33510971488613
130 134 4.047427642434349
131 134 4.33510971488613
132 134 4.33510971488613
133 134 4.33510971488613
138 134 4.33510971488613
122 135 3.2364974262180204
123 135 3.264668303184717
124 135 3.131136910560194
126 135 3.2852875903874525
127 135 2.0325246218920845
128 135 0.7797616533967164
135 135 3.418818983011975
136 135 3.8242840911201395
137 135 3.131136910560194
150 135 4.33510971488613
159 135 0.6462302607721937
160 135 2.0325246218920845
122 136 3.2364974262180204
123 136 3.7754939269507073
124 136 2.948815353766239
126 136 3.5084311417016623
128 136 1.6960523852708713
135 136 3.418818983011975
136 136 2.948815353766239
150 136 4.33510971488613
120 137 3.131136910560194
121 137 3.3542804618744038
122 137 2.543350245658075
123 137 2.9488153537662396
124 137 2.2556681732062938
126 137 2.2556681732062938
128 137 1.0029052047109261
129 137 1.339377441332139
130 137 3.3542804618744038
131 137 3.6419625343261846
133 137 3.6419625343261846
134 137 3.6419625343261846
135 137 2.7256718024520294
136 137 3.6419625343261846
137 137 2.2556681732062938
138 137 3.6419625343261846
150 137 3.6419625343261846
120 138 4.192008871245457
121 138 4.33510971488613
122 138 2.1378851375499104
126 138 2.7664937969722847
128 138 0.5974400966027618
130 138 3.6419625343261846
131 138 4.33510971488613
132 138 4.33510971488613
133 138 4.33510971488613
138 138 3.2364974262180204
126 139 2.948815353766239
135 139 4.33510971488613
136 139 4.33510971488613
137 139 3.6419625343261846
159 139 2.948815353766239
160 139 3.6419625343261846
135 140 2.9880360669195207
136 140 2.4379897300002487
137 140 2.2556681732062938
139 140 3.9784347709473975
140 140 3.5141291628163
141 140 4.11196616357192
142 140 3.9784347709473975
143 140 3.878351312390415
144 140 4.11196616357192
145 140 4.11196616357192
159 140 2.350978353010619
160 140 2.7256718024520294
169 140 0.6462302607721937
135 141 3.824284091120139
137 141 3.6419625343261846
139 141 4.33510971488613
140 141 2.7256718024520294
143 141 3.2364974262180204
144 141 3.6419625343261846
145 141 4.33510971488613
159 141 2.948815353766239
160 141 3.6419625343261846
135 142 3.418818983011975
139 142 4.33510971488613
140 142 3.131136910560194
141 142 4.33510971488613
143 142 3.2364974262180204
144 142 4.33510971488613
145 142 4.33510971488613
159 142 2.948815353766239
160 142 3.6419625343261846
135 143 3.418818983011975
136 143 3.2364974262180204
137 143 2.543350245658075
139 143 4.33510971488613
140 143 3.2364974262180204
141 143 3.929644606777966
142 143 3.929644606777966
143 143 3.2364974262180204
144 143 3.929644606777966
145 143 4.33510971488613
159 143 2.543350245658075
160 143 3.2364974262180204
135 144 3.824284091120139
136 144 3.6419625343261846
137 144 2.948815353766239
139 144 4.33510971488613
140 144 2.7256718024520294
141 144 3.6419625343261846
143 144 3.2364974262180204
144 144 2.948815353766239
145 144 4.33510971488613
159 144 2.948815353766239
160 144 3.6419625343261846
126 145 2.2556681732062938
135 145 4.33510971488613
136 145 4.33510971488613
137 145 3.6419625343261846
139 145 4.33510971488613
159 145 2.948815353766239
160 145 3.6419625343261846
146 146 2.9079933592459843
147 146 2.7256718024520294
176 146 2.940783182068975
177 146 2.0325246218920845
178 146 0.5284472251158102
204 146 2.4379897300002487
206 146 2.8927258871151955
208 146 4.11196616357192
209 146 2.7256718024520294
146 147 3.824284091120139
176 147 2.7256718024520294
204 147 2.2556681732062938
206 147 3.035826730755869
208 147 4.33510971488613
148 148 2.948815353766239
149 148 1.8989932292675618
151 148 3.082346746390762
153 148 2.1378851375499104
161 148 4.33510971488613
167 148 3.6419625343261846
172 148 3.2364974262180204
71 149 2.518032437673785
72 149 2.4379897300002487
73 149 2.592140409827507
74 149 2.7256718024520294
75 149 2.2556681732062938
90 149 1.388167605501571
91 149 1.7448425494403035
92 149 2.0325246218920845
93 149 2.2556681732062938
94 149 2.2556681732062938
113 149 -2.0618199403300164
148 149 1.339377441332139
149 149 2.360028188530537
151 149 1.7913625650751965
153 149 2.059923596080199
161 149 1.7448425494403035
162 149 1.7448425494403035
167 149 2.255668173206294
172 149 2.1866753017193425
175 149 2.4379897300002487
179 149 1.339377441332139
194 149 2.592140409827507
203 149 1.400002063148574
207 149 2.461520227410443
122 150 2.543350245658075
123 150 3.7754939269507073
124 150 3.6419625343261846
125 150 3.6419625343261846
126 150 2.948815353766239
127 150 3.6419625343261846
128 150 3.082346746390762
71 151 1.0029052047109261
72 151 2.3891995658308165
73 151 1.6960523852708713
74 151 1.6960523852708713
75 151 1.0029052047109261
93 151 1.6960523852708713
94 151 1.6960523852708713
148 151 3.082346746390762
149 151 2.118046795330246
151 151 2.490982260140759
153 151 2.494560081488643
161 151 2.3891995658308165
162 151 3.4878118544989265
167 151 2.4692422735043533
172 151 2.6768816382825977
175 151 1.2905872771627072
179 151 3.082346746390762
194 151 1.6960523852708713
203 151 2.7076532969493514
207 151 2.2350488860035584
129 152 4.229749199228304
130 152 2.948815353766239
134 152 2.948815353766239
137 152 2.948815353766239
152 152 3.3542804618744038
159 152 3.066598389422623
71 153 2.7664937969722847
72 153 3.2364974262180204
73 153 2.1378851375499104
74 153 2.1378851375499104
75 153 2.831032318109856
90 153 -0.16469995544413504
93 153 2.1378851375499104
94 153 2.1378851375499104
149 153 2.2102057991295365
151 153 2.3891995658308165
153 153 1.8865707092690045
162 153 2.1378851375499104
167 153 1.0392728488818008
172 153 1.9555635807559562
175 153 2.6487107613159013
194 153 2.1378851375499104
203 153 2.7664937969722847
207 153 2.137885137549911
154 154 3.3542804618744038
155 154 3.53073689921596
157 154 4.152788158092175
159 154 2.2556681732062938
160 154 2.948815353766239
183 154 2.543350245658075
129 155 1.6530350001871807
130 155 0.6975235551597443
152 155 3.4701122773995254
155 155 3.358886642289301
156 155 3.78856600851806
157 155 3.00010864815379
158 155 3.78856600851806
159 155 3.1824302049477446
160 155 2.837589718656015
129 156 2.7256718024520294
130 156 2.948815353766239
152 156 4.33510971488613
155 156 2.083817916279635
159 156 3.8651060856403943
160 156 2.948815353766239
155 157 3.7577943498513062
156 157 3.2364974262180204
157 157 3.2364974262180204
158 157 3.929644606777966
159 157 2.543350245658075
160 157 2.948815353766239
152 158 4.047427642434349
155 158 3.3365808847750027
156 158 4.33510971488613
159 158 3.3542804618744038
160 158 2.948815353766239
122 159 1.5625209926463486
124 159 0.8693738120864033
126 159 1.5625209926463486
129 159 3.6666551469165563
130 159 2.6611332813144584
134 159 2.2556681732062938
135 159 2.8434548381084133
136 159 2.948815353766239
137 159 3.066598389422623
150 159 2.2556681732062938
152 159 3.267269084884774
155 159 1.7091244668382242
156 159 2.2556681732062938
157 159 1.1570558845381844
158 159 2.2556681732062938
159 159 2.5741219043248287
160 159 2.4788117245205035
122 160 2.2556681732062938
123 160 1.6960523852708713
124 160 1.5625209926463486
126 160 2.2556681732062938
129 160 1.7448425494403033
130 160 1.5625209926463486
135 160 3.418818983011975
136 160 3.6419625343261846
137 160 2.948815353766239
150 160 3.6419625343261846
152 160 2.948815353766239
155 160 2.5693257320613356
156 160 2.948815353766239
157 160 1.8502030650981298
158 160 2.948815353766239
159 160 2.6611332813144584
160 160 2.2556681732062938
149 161 1.7448425494403033
151 161 3.4878118544989265
153 161 2.1378851375499104
162 161 4.33510971488613
167 161 3.6419625343261846
172 161 2.543350245658075
71 162 2.948815353766239
72 162 4.33510971488613
75 162 2.948815353766239
149 162 2.4379897300002487
153 162 3.2364974262180204
203 162 2.948815353766239
140 163 1.8989932292675618
163 163 3.5084311417016623
164 163 4.270571193748559
165 163 4.201578322261607
166 163 3.6419625343261846
168 163 2.0733466164123393
169 163 3.267269084884774
171 163 3.9902692285944004
173 163 3.6419625343261846
174 163 2.2556681732062938
140 164 3.824284091120139
143 164 3.929644606777966
164 164 2.948815353766239
165 164 3.6419625343261846
169 164 4.047427642434349
171 164 3.2364974262180204
173 164 4.33510971488613
140 165 3.824284091120139
143 165 3.929644606777966
164 165 3.6419625343261846
169 165 4.047427642434349
171 165 3.2364974262180204
173 165 4.33510971488613
163 166 3.6419625343261846
164 166 4.33510971488613
165 166 4.33510971488613
166 166 2.948815353766239
168 166 2.543350245658075
169 166 2.2556681732062938
171 166 4.152788158092175
173 166 4.33510971488613
71 167 1.5625209926463486
73 167 2.543350245658075
74 167 2.543350245658075
94 167 2.543350245658075
148 167 2.543350245658075
149 167 2.2556681732062938
151 167 2.848731895209257
153 167 2.744020941120226
161 167 2.543350245658075
162 167 3.6419625343261846
167 167 2.543350245658075
172 167 2.543350245658075
179 167 2.543350245658075
203 167 1.1570558845381844
207 167 1.6960523852708715
140 168 0.2407651526640294
163 168 3.9604162654447195
164 168 2.543350245658075
165 168 2.543350245658075
166 168 4.152788158092175
168 168 3.3165401338915568
169 168 2.7664937969722847
170 168 4.152788158092175
171 168 3.2364974262180204
173 168 2.543350245658075
174 168 4.152788158092175
201 168 1.4447379569899652
140 169 3.904326798793676
141 169 4.047427642434349
142 169 4.047427642434349
143 169 3.6419625343261846
144 169 3.6419625343261846
163 169 2.815283961141717
166 169 2.948815353766239
168 169 2.2556681732062938
169 169 2.6611332813144584
170 169 2.948815353766239
171 169 1.1570558845381844
174 169 2.948815353766239
163 170 4.33510971488613
166 170 4.33510971488613
168 170 2.543350245658075
171 170 3.6419625343261846
174 170 4.33510971488613
140 171 3.5366020186683587
142 171 3.2364974262180204
143 171 3.054175869424066
144 171 1.8502030650981298
163 171 2.6611332813144584
164 171 3.6419625343261846
165 171 3.6419625343261846
166 171 2.543350245658075
168 171 1.4447379569899652
169 171 3.8651060856403943
170 171 2.543350245658075
171 171 3.1494860492283907
173 171 4.152788158092175
174 171 2.543350245658075
71 172 1.5625209926463486
73 172 2.543350245658075
74 172 2.543350245658075
90 172 0.9339123332239747
91 172 2.1378851375499104
92 172 2.543350245658075
93 172 2.543350245658075
94 172 2.543350245658075
148 172 3.2364974262180204
149 172 2.0325246218920845
151 172 2.469242273504353
153 172 2.292035817377169
161 172 3.6419625343261846
162 172 2.543350245658075
167 172 3.054175869424066
172 172 2.1378851375499104
175 172 2.1378851375499104
179 172 3.2364974262180204
194 172 2.543350245658075
203 172 1.1570558845381844
207 172 1.9837344577226523
140 173 4.11196616357192
142 173 4.33510971488613
143 173 3.929644606777966
144 173 3.6419625343261846
169 173 4.047427642434349
163 174 4.201578322261607
164 174 3.6419625343261846
165 174 4.33510971488613
166 174 4.33510971488613
168 174 2.543350245658075
171 174 3.6419625343261846
149 175 2.543350245658075
151 175 2.389199565830817
153 175 1.0392728488818008
167 175 2.543350245658075
172 175 2.1378851375499104
175 175 2.1378851375499104
194 175 3.929644606777966
203 175 2.543350245658075
207 175 3.0823467463907623
176 176 2.874091807570303
177 176 3.195675431697765
178 176 3.249742652968041
189 176 1.1162338900179292
190 176 -1.4487154674436076
195 176 0.9220778755769717
196 176 1.662777596385999
201 176 1.2703845698451874
204 176 2.0072068139077945
206 176 2.152325821704705
208 176 2.7256718024520294
176 177 3.131136910560194
177 177 3.171958905080449
178 177 3.584804120486236
195 177 0.8087491902699684
196 177 1.244067261527814
201 177 1.8502030650981298
204 177 0.17622663152645804
206 177 0.5509200809678688
176 178 2.703198946599971
177 178 2.543350245658075
178 178 3.3418579418758467
189 178 2.1378851375499104
190 178 0.6715480687564837
195 178 1.789578443281695
196 178 2.6844288439179804
197 178 2.1378851375499104
201 178 2.4255672100016916
204 178 1.1570558845381844
206 178 1.3494277771856404
148 179 4.33510971488613
149 179 1.7448425494403033
151 179 3.082346746390762
153 179 2.1378851375499104
161 179 4.33510971488613
167 179 3.6419625343261846
172 179 2.543350245658075
154 180 4.221781029579127
155 180 2.440492860218367
157 180 3.082346746390762
180 180 3.4878118544989265
181 180 3.8932769626070907
182 180 4.180959035058872
183 180 3.6884825499610776
184 180 4.33510971488613
154 181 4.33510971488613
155 181 2.77696509683958
157 181 3.2364974262180204
180 181 3.305490297704972
181 181 2.948815353766239
182 181 4.33510971488613
183 181 3.2364974262180204
184 181 4.33510971488613
154 182 4.33510971488613
155 182 3.1824302049477446
157 182 3.929644606777966
180 182 2.3891995658308165
183 182 3.2364974262180204
184 182 4.33510971488613
154 183 4.152788158092175
155 183 2.4892830243877992
157 183 3.2364974262180204
159 183 1.1570558845381844
160 183 1.8502030650981298
180 183 3.593172370156753
181 183 3.929644606777966
182 183 3.929644606777966
183 183 3.2364974262180204
184 183 3.929644606777966
154 184 4.33510971488613
155 184 3.3365808847750027
157 184 3.929644606777966
159 184 2.2556681732062938
183 184 3.2364974262180204
154 185 1.1570558845381844
168 185 2.948815353766239
169 185 1.8502030650981298
171 185 0.7515907764300199
180 185 3.8932769626070907
181 185 3.929644606777966
182 185 3.6419625343261846
183 185 3.524179498669801
184 185 3.2364974262180204
185 185 2.6975009254853335
188 185 3.929644606777966
193 185 2.543350245658075
195 185 2.0127219945959047
196 185 0.8386021534196499
201 185 1.8502030650981298
205 185 3.2364974262180204
180 186 3.998637478264917
181 186 3.6419625343261846
183 186 3.929644606777966
185 186 3.929644606777966
187 186 4.33510971488613
188 186 4.33510971488613
201 186 2.543350245658075
180 187 4.180959035058872
181 187 3.6419625343261846
183 187 3.929644606777966
185 187 3.929644606777966
188 187 4.33510971488613
201 187 2.543350245658075
154 188 3.6419625343261846
180 188 4.33510971488613
181 188 4.33510971488613
182 188 4.33510971488613
183 188 3.929644606777966
184 188 4.33510971488613
185 189 2.543350245658075
186 189 4.33510971488613
187 189 4.33510971488613
190 189 3.3795982698586937
192 189 3.6419625343261846
197 189 4.33510971488613
200 189 3.2364974262180204
201 189 3.2364974262180204
206 189 2.6303616226477047
168 190 1.0770131768646478
180 190 2.0214747857054993
181 190 1.0770131768646478
183 190 2.280985981190584
185 190 3.444136790996265
186 190 3.561919826652648
187 190 3.3795982698586937
188 190 3.1564547185444836
189 190 1.7701603574245932
190 190 2.7887299384191664
191 190 3.7160705064799067
192 190 3.3795982698586937
193 190 3.7160705064799067
195 190 2.027989466726693
196 190 1.8571717344142231
197 190 1.7701603574245932
200 190 2.8687726460927028
201 190 2.617458217811797
202 190 2.175625465532758
205 190 3.3795982698586937
206 190 0.47087737329433244
168 191 3.6419625343261846
169 191 2.948815353766239
185 191 3.2364974262180204
193 191 4.33510971488613
195 191 3.1113342832640143
196 191 1.9372144420877595
201 191 2.543350245658075
205 191 4.33510971488613
168 192 2.543350245658075
180 192 2.3891995658308165
183 192 3.2364974262180204
185 192 3.6419625343261846
186 192 3.6419625343261846
187 192 3.6419625343261846
188 192 3.6419625343261846
190 192 2.175625465532758
191 192 3.6419625343261846
193 192 3.6419625343261846
195 192 2.418187102704069
196 192 1.9372144420877595
201 192 2.543350245658075
205 192 3.6419625343261846
168 193 3.929644606777966
169 193 2.948815353766239
171 193 2.543350245658075
185 193 2.543350245658075
195 193 3.1113342832640143
196 193 1.9372144420877595
201 193 2.543350245658075
205 193 4.33510971488613
149 194 2.948815353766239
151 194 1.6960523852708713
153 194 2.1378851375499104
167 194 3.2364974262180204
207 194 2.3891995658308165
163 195 1.7250399221441235
166 195 0.8087491902699684
168 195 2.92901272647006
169 195 1.7250399221441235
170 195 3.1113342832640143
171 195 1.3195748140359593
174 195 2.600508659498024
189 195 2.600508659498024
190 195 2.600508659498024
192 195 2.195043551389859
195 195 2.5605033248843245
196 195 2.714919010675768
197 195 2.600508659498024
198 195 2.195043551389859
199 195 3.4478065198852272
200 195 2.600508659498024
201 195 2.195043551389859
202 195 3.293655840057969
205 195 2.195043551389859
206 195 1.9943728559277079
163 196 1.244067261527814
168 196 2.2248965145395405
169 196 0.5509200809678688
170 196 1.9372144420877595
171 196 0.1454549728597046
174 196 1.9372144420877595
185 196 0.8386021534196499
186 196 1.9372144420877595
187 196 1.9372144420877595
189 196 3.54665235452186
190 196 3.061144538740159
191 196 2.6303616226477047
192 196 2.6303616226477047
193 196 1.9372144420877595
195 196 2.282054928379489
196 196 2.4296909271855536
197 196 3.54665235452186
198 196 1.5317493339795953
199 196 3.32350880320765
200 196 3.035826730755869
201 196 2.6303616226477047
202 196 3.035826730755869
205 196 1.9372144420877595
206 196 2.024225819077389
185 197 2.543350245658075
186 197 4.33510971488613
187 197 4.33510971488613
190 197 3.3795982698586937
192 197 3.6419625343261846
200 197 3.2364974262180204
201 197 3.6419625343261846
206 197 2.6303616226477047
190 198 1.7701603574245934
195 198 3.399016355715795
196 198 3.035826730755869
198 198 3.2364974262180204
199 198 3.929644606777966
202 198 3.2364974262180204
206 198 2.6303616226477047
185 199 2.543350245658075
190 199 3.7160705064799067
191 199 4.33510971488613
192 199 3.6419625343261846
196 199 1.9372144420877595
200 199 3.929644606777966
202 199 4.33510971488613
180 200 1.9837344577226523
185 200 3.524179498669801
186 200 3.2364974262180204
187 200 3.2364974262180204
188 200 3.2364974262180204
190 200 3.0694433415548543
191 200 3.929644606777966
192 200 3.6419625343261846
193 200 3.929644606777966
195 200 2.3491942312171177
196 200 1.5317493339795953
200 200 2.1378851375499104
201 200 2.1378851375499104
205 200 3.929644606777966
163 201 2.0733466164123393
166 201 2.543350245658075
168 201 2.1378851375499104
169 201 1.1570558845381844
170 201 2.543350245658075
171 201 0.7515907764300199
174 201 2.543350245658075
180 201 2.9000251895968074
181 201 2.948815353766239
182 201 2.543350245658075
183 201 2.831032318109856
185 201 3.1494860492283907
186 201 3.2364974262180204
187 201 3.2364974262180204
188 201 3.6419625343261846
189 201 3.2364974262180204
190 201 2.4633075379845386
192 201 2.543350245658075
195 201 0.40328408216180434
196 201 1.9372144420877595
197 201 3.2364974262180204
200 201 2.543350245658075
201 201 2.543350245658075
206 201 1.5317493339795953
185 202 3.2364974262180204
190 202 3.4749084496630185
191 202 4.33510971488613
192 202 3.6419625343261846
193 202 4.33510971488613
195 202 1.5018963708299138
196 202 1.9372144420877595
200 202 3.929644606777966
202 202 2.948815353766239
71 203 2.4788117245205035
72 203 2.948815353766239
75 203 2.948815353766239
90 203 -0.0469169197877516
91 203 1.8502030650981298
148 203 3.171958905080449
149 203 2.093149243708519
151 203 2.1015174933790357
153 203 0.7515907764300199
161 203 2.2556681732062938
167 203 2.0733466164123393
172 203 2.948815353766239
175 203 2.2556681732062938
179 203 3.6419625343261846
203 203 2.2556681732062938
207 203 2.7076532969493514
189 204 1.5625209926463486
190 204 -1.0024283648151882
195 204 2.7723589164246825
196 204 2.160357993401969
197 204 1.5625209926463486
198 204 3.831204533964713
201 204 0.4639087039782391
204 204 3.3748997490771395
206 204 2.5986129243331244
163 205 2.2556681732062938
168 205 4.152788158092175
169 205 2.948815353766239
170 205 4.33510971488613
171 205 2.543350245658075
174 205 4.33510971488613
195 205 2.600508659498024
196 205 1.9372144420877595
201 205 2.543350245658075
185 206 1.9372144420877595
186 206 2.6303616226477047
187 206 2.6303616226477047
189 206 1.9372144420877595
190 206 2.2626368425223875
192 206 1.9372144420877595
195 206 1.8765898202713245
196 206 1.9372144420877595
197 206 1.9372144420877595
198 206 2.4480400658537502
199 206 2.6303616226477047
200 206 2.6303616226477047
201 206 2.2248965145395405
202 206 2.6303616226477047
204 206 3.29176010489307
206 206 2.4837581484558293
71 207 1.4083703128190905
73 207 2.3891995658308165
74 207 2.3891995658308165
90 207 0.7797616533967164
93 207 2.3891995658308165
94 207 2.3891995658308165
148 207 3.082346746390762
149 207 2.550467713426939
151 207 1.829583777895394
153 207 1.5782693496144882
161 207 3.082346746390762
167 207 2.543350245658075
172 207 2.543350245658075
175 207 2.6768816382825977
179 207 3.082346746390762
194 207 3.4878118544989265
203 207 1.0029052047109261
207 207 2.2350488860035584
204 208 3.7025871561426196
206 208 3.7289739113158142
208 208 2.948815353766239
176 209 3.5141291628162996
177 209 4.047427642434349
178 209 2.1378851375499104
