0 0 0.2353148752133051
3 0 0.2572135605209427
4 0 -0.14825154758722164
5 0 -3.0386233054833864
0 1 0.2572135605209427
0 2 -0.14825154758722164
1 2 3.6840064893720617
4 3 3.6840064893720617
5 3 2.179929092595788
5 4 2.585394200703952
5 5 2.238372688465862
6 5 0.38816962336773264
7 5 1.8922470201440067
9 5 2.4465577558497364
10 5 -0.4591282370194711
11 5 1.7003560123339014
12 5 -0.5926596296439934
5 6 2.092917715606158
7 6 2.9908593088121163
9 6 2.585394200703952
10 6 2.4312435208766936
11 6 1.332631232208584
12 6 -0.2672372292093656
5 7 0.7936347314758971
6 7 3.6840064893720617
7 7 3.396324416920281
9 7 1.8922470201440067
10 7 3.5298558095448036
11 7 2.4312435208766936
12 7 0.831375059458744
5 8 1.081316803927678
6 8 3.5662234537156783
8 8 1.7744639844876233
9 8 1.081316803927678
10 8 3.6352163252026295
11 8 2.718925593328475
12 8 0.7135920238023605
5 9 -1.4035898458603224
6 9 2.179929092595788
7 9 3.2785413812638975
9 9 0.38816962336773264
10 9 2.0257784127685294
11 9 3.0066076657802556
12 9 1.9663549922977288
8 10 2.0257784127685294
10 10 2.2770928410494355
11 10 3.124390701436639
12 10 2.0635187407513764
8 11 1.6203133046603648
10 11 1.1784805523813258
11 11 0.079868263713216
12 11 2.5575372462009858
0 12 -3.0008829775005395
1 12 2.2176694205786345
2 12 2.623134528686799
5 12 -2.058996698437421
6 12 1.8122043124704703
8 12 2.4627918786116196
9 12 -1.3658495178774754
10 12 1.658053632643212
11 12 -0.1337058365848429
12 12 2.142821529782202
