0 0 2.8429695190015805
2 0 1.4014124792066407
3 0 -0.9048524707458055
3 1 0.732756318654991
0 2 1.6425745360235289
2 2 2.0797883424462738
3 2 -1.3149365247102645
16 2 -0.33612543585477517
18 2 1.4884238561962704
19 2 2.4047145880704255
0 3 -2.850762619801119
2 3 -0.9666298304420488
3 3 0.66304168603963
6 3 -0.3658559700131186
16 3 -1.0272544522584834
2 4 0.9775982324302798
4 4 3.900759813149435
5 4 4.411585436915426
2 5 2.58703614486438
3 6 -1.059003150573064
6 6 3.536116699561526
7 6 3.536116699561526
8 6 3.536116699561526
3 7 -0.3658559700131186
6 7 2.4375044108934163
8 7 4.229263880121471
9 7 3.536116699561526
8 8 3.536116699561526
9 8 4.922411060681417
10 8 4.229263880121471
9 9 3.536116699561526
10 9 4.922411060681417
11 9 4.922411060681417
12 9 4.229263880121471
11 10 4.922411060681417
12 10 4.922411060681417
52 10 4.922411060681417
12 11 4.922411060681417
52 11 4.922411060681417
65 11 4.922411060681417
52 12 4.922411060681417
65 12 4.922411060681417
77 12 4.229263880121471
1 13 4.922411060681417
3 13 0.3272912105468267
1 14 4.922411060681417
3 14 -0.3658559700131186
13 14 4.922411060681417
0 15 1.1847414423980485
2 15 0.6411259958090667
15 15 3.3331758555648356
24 15 3.381966019734268
25 15 2.976500911626103
3 16 -1.7204016328184286
15 16 1.334273176369012
16 16 2.2591292711020903
20 16 2.4047145880704255
21 16 -0.4574862928590429
23 16 1.6707454129902253
3 17 -0.3658559700131186
16 17 2.1815710367562158
4 18 4.411585436915426
4 19 3.7184382563554808
18 19 4.922411060681417
19 19 3.536116699561526
20 20 3.536116699561526
21 20 3.6696480921860486
26 20 3.1306515914533617
16 21 0.6411259958090667
17 21 4.075113200294213
21 21 3.3331758555648356
26 21 3.487326535392094
21 22 3.6696480921860486
22 22 3.823798772013307
1 23 3.312973148247316
13 23 3.312973148247316
14 23 3.312973148247316
23 23 3.495294705041271
29 23 4.411585436915426
30 23 3.7184382563554808
0 24 1.7443572303334711
15 24 2.976500911626103
25 24 4.229263880121471
25 25 3.823798772013307
32 25 4.334624395779298
33 25 3.823798772013307
22 26 4.516945952573252
26 26 3.823798772013307
13 27 4.922411060681417
14 27 4.922411060681417
23 27 3.312973148247316
14 28 4.922411060681417
23 28 3.312973148247316
27 28 4.922411060681417
30 29 4.922411060681417
37 29 4.922411060681417
30 30 3.536116699561526
37 30 4.922411060681417
44 30 4.634728988229636
15 31 2.976500911626103
24 31 4.229263880121471
32 31 3.823798772013307
15 32 2.571035803517939
24 32 3.1306515914533617
32 32 2.725186483345197
33 32 4.516945952573252
39 32 4.516945952573252
40 32 3.823798772013307
39 33 4.922411060681417
40 33 4.922411060681417
47 33 4.922411060681417
3 34 -0.3658559700131186
6 34 3.1306515914533617
7 34 4.229263880121471
6 35 3.1306515914533617
7 35 4.229263880121471
34 35 4.922411060681417
23 36 3.312973148247316
27 36 4.922411060681417
28 36 4.922411060681417
44 37 4.922411060681417
50 37 4.922411060681417
24 38 4.229263880121471
31 38 4.922411060681417
32 38 3.823798772013307
40 39 4.922411060681417
47 39 4.922411060681417
53 39 3.823798772013307
47 40 4.922411060681417
53 40 4.516945952573252
7 41 4.229263880121471
34 41 4.922411060681417
35 41 4.922411060681417
27 42 4.922411060681417
28 42 4.922411060681417
36 42 4.922411060681417
28 43 4.922411060681417
36 43 4.922411060681417
42 43 4.922411060681417
44 44 3.536116699561526
50 44 4.922411060681417
56 44 3.1306515914533617
58 44 4.922411060681417
31 45 4.922411060681417
32 45 3.823798772013307
38 45 4.922411060681417
31 46 4.922411060681417
38 46 4.922411060681417
45 46 4.922411060681417
53 47 4.516945952573252
66 47 3.823798772013307
34 48 4.229263880121471
35 48 4.922411060681417
41 48 4.922411060681417
48 48 3.536116699561526
36 49 4.229263880121471
42 49 4.922411060681417
43 49 4.922411060681417
49 49 3.536116699561526
56 50 4.516945952573252
58 50 4.922411060681417
38 51 4.229263880121471
45 51 4.922411060681417
46 51 4.922411060681417
51 51 3.536116699561526
65 52 4.922411060681417
77 52 4.922411060681417
46 53 3.823798772013307
51 53 3.823798772013307
53 53 2.725186483345197
66 53 4.334624395779298
41 54 4.922411060681417
48 54 4.922411060681417
48 55 4.922411060681417
54 55 4.922411060681417
43 56 3.823798772013307
49 56 3.823798772013307
56 56 2.725186483345197
57 56 3.1306515914533617
71 56 4.516945952573252
57 57 3.536116699561526
59 57 4.229263880121471
60 57 4.922411060681417
56 58 4.516945952573252
71 58 4.229263880121471
61 59 4.922411060681417
62 59 4.922411060681417
59 60 4.922411060681417
60 60 3.536116699561526
61 60 4.922411060681417
62 60 3.536116699561526
62 61 4.922411060681417
64 61 4.922411060681417
62 62 3.536116699561526
63 62 4.634728988229636
64 62 4.922411060681417
63 63 3.536116699561526
76 63 4.740089503887462
63 64 4.922411060681417
76 64 3.823798772013307
77 65 4.922411060681417
78 65 3.1306515914533617
51 66 4.229263880121471
53 66 3.823798772013307
66 66 3.823798772013307
48 67 4.229263880121471
54 67 4.922411060681417
55 67 4.922411060681417
49 68 4.229263880121471
56 68 3.823798772013307
69 68 4.922411060681417
49 69 4.922411060681417
56 69 3.823798772013307
56 70 3.823798772013307
68 70 4.922411060681417
69 70 4.922411060681417
57 71 4.922411060681417
60 71 3.536116699561526
71 71 3.536116699561526
68 72 4.922411060681417
70 72 4.922411060681417
73 72 4.922411060681417
68 73 4.922411060681417
69 73 4.922411060681417
70 73 4.922411060681417
70 74 4.229263880121471
72 74 4.922411060681417
73 74 4.922411060681417
74 74 3.536116699561526
72 75 4.229263880121471
74 75 4.922411060681417
75 75 3.536116699561526
74 76 3.1306515914533617
75 76 4.740089503887462
76 76 3.823798772013307
77 77 3.536116699561526
78 77 4.046942323327516
54 78 3.1306515914533617
55 78 3.823798772013307
67 78 4.229263880121471
78 78 3.823798772013307
