0 0 2.1378851375499104
1 0 1.9837344577226523
38 0 2.794664673938981
45 0 2.418187102704069
46 0 0.9852056276115252
72 0 0.8386021534196499
78 0 2.974133161750529
79 0 2.543350245658075
80 0 2.543350245658075
0 1 2.3891995658308165
1 1 2.424290885642087
38 1 2.424290885642087
45 1 2.2301348712011295
46 1 1.9296672364523766
72 1 2.6993544941346563
76 1 3.3054902977049716
77 1 2.794664673938981
78 1 2.175625465532758
21 2 2.7664937969722847
2 3 4.33510971488613
3 3 3.54665235452186
5 3 4.33510971488613
21 3 2.004353744925388
2 4 1.0770131768646478
3 4 2.6864510892987483
4 4 2.9248621127437464
5 4 1.6366289648000707
21 4 -3.8928001227113525
2 5 4.33510971488613
5 5 2.948815353766239
21 5 2.6611332813144584
6 6 2.3239035562251913
13 6 0.0023541292190310606
73 6 2.1378851375499104
74 6 0.44015461797013183
7 7 3.2690206179235806
75 7 1.6748501776202682
41 8 4.33510971488613
45 8 1.9073614789380782
46 8 3.0001086481537897
49 8 4.33510971488613
72 8 1.9372144420877595
8 9 3.2364974262180204
9 9 2.976214327954354
10 9 3.3906481060452784
41 9 2.6611332813144584
45 9 -0.28986309839814095
46 9 0.8516742349870025
49 9 2.543350245658075
75 9 2.1894187876650935
8 10 3.747323049984011
9 10 2.543350245658075
10 10 2.8850995393801315
41 10 3.524179498669801
45 10 0.9141097059277948
46 10 1.9660348806232515
49 10 3.524179498669801
72 10 -0.26001013524846006
75 10 1.9243110372518517
7 11 3.54665235452186
6 12 0.2771327968349041
12 12 3.2364974262180204
13 12 3.2364974262180204
15 12 2.948815353766239
18 12 2.3202066943438653
19 12 1.3757450855030138
6 13 1.54004813679429
12 13 2.710404330321241
13 13 2.9570458529027546
15 13 2.8535051739619144
18 13 1.6495323696359785
19 13 1.1009664178871408
12 14 2.3202066943438653
13 14 1.8318539264299332
14 14 3.1956754316977656
15 14 2.7256718024520294
18 14 3.313458467354149
19 14 3.418818983011975
6 15 0.8469009562343446
12 15 3.1494860492283907
13 15 3.035826730755869
15 15 2.6611332813144584
18 15 2.4379897300002487
19 15 1.8502030650981298
7 16 3.4776594830349086
11 16 4.33510971488613
7 17 3.364330797727905
11 17 4.33510971488613
16 17 4.33510971488613
17 17 2.948815353766239
12 18 3.131136910560194
13 18 2.791629770243827
14 18 2.6203112867942036
15 18 3.131136910560194
18 18 2.9079933592459843
19 18 2.7584616252750207
12 19 2.6487107613159013
13 19 2.1195359988817137
14 19 3.2757181393713015
15 19 2.7256718024520294
18 19 3.331807606022345
19 19 3.1816891897230253
20 20 2.724899899673448
27 20 1.8502030650981298
67 20 1.9959148762795234
69 20 2.0245564522429076
70 20 0.8386021534196497
85 20 1.6678815083041751
87 20 0.4639087039782391
21 21 2.5007906312392794
30 21 1.1898457073611752
31 21 0.5974400966027618
32 21 2.5707492198461894
50 21 -0.6029548863752904
51 21 -1.5509943165640259
52 21 0.8469009562343448
53 21 -0.9348081771402087
55 21 0.5284472251158102
22 22 2.948815353766239
23 22 2.794664673938981
24 22 1.4447379569899652
25 22 2.6864510892987483
26 22 3.0541758694240655
47 22 3.4878118544989265
22 23 2.3891995658308165
23 23 2.458192437317768
24 23 2.6343220238638017
25 23 2.6864510892987483
26 23 2.6558282290847655
47 23 2.694581215381999
59 23 -0.44401377822539934
61 23 1.919195936585081
64 23 1.6960523852708718
22 24 3.45964097753223
23 24 2.5668807430682694
24 24 3.1082430906943417
25 24 2.376296160994909
26 24 2.4045138008038593
47 24 2.900025189596808
61 24 0.28158714718428435
64 24 0.19197498849459743
22 25 2.4633075379845386
23 25 2.657463552425496
24 25 2.543350245658075
25 25 2.424086824831257
26 25 2.831032318109856
47 25 2.5968389306090613
59 25 -0.36990580607167756
61 25 1.9420106143512526
64 25 1.2105445694891708
22 26 2.1378851375499104
23 26 2.7759725409268285
24 26 2.1097142605832144
25 26 2.6639782334466897
26 26 2.7132492824534724
47 26 2.6343220238638017
59 26 -0.28986309839814095
61 26 2.1686567962166645
64 26 1.8967230807330226
27 27 3.2283006590138417
71 27 2.5715211226247714
28 28 3.3542804618744038
30 28 -0.27006047110196146
31 28 3.305490297704972
50 28 2.9160255309432483
54 28 3.4878118544989265
30 29 2.032524621892084
31 29 2.3891995658308165
50 29 1.9997347990690935
53 29 2.425567210001691
54 29 3.082346746390762
21 30 0.9827024973934066
28 30 2.2556681732062938
30 30 2.6552493381554836
31 30 2.088094473046895
32 30 0.7107687819097649
50 30 0.3563953349593117
51 30 -0.4932040224161713
52 30 0.4230867094579839
53 30 0.4230867094579839
54 30 1.5682190137609866
55 30 -0.08773891430800675
28 31 3.567854562172463
30 31 0.8750718332010412
31 31 3.0823467463907623
32 31 1.2905872771627072
50 31 2.668784428049978
51 31 -0.31885063527139346
52 31 1.878373942064826
53 31 0.4796570609463783
54 31 3.2158781390152846
55 31 0.7797616533967164
21 32 0.7515907764300199
30 32 0.9339123332239745
31 32 1.9837344577226523
32 32 3.2364974262180204
50 32 2.1050953147269196
51 32 1.914741586235701
52 32 3.418818983011975
53 32 1.7324200294417462
55 32 2.7256718024520294
14 33 0.9065133590358602
18 33 -0.47978100208403046
19 33 -0.3744204864262043
33 33 3.014974670179323
34 33 2.340455679746406
37 33 2.9131175767634296
39 33 2.5700184927402363
40 33 2.4587928576300118
14 34 1.0209237102136044
18 34 -0.36537065090628623
19 34 -0.7708357590144506
33 34 2.9232198065772756
34 34 3.028953851468107
37 34 2.5575242986954385
39 34 2.6303616226477047
40 34 2.6303616226477047
33 35 2.2300726260173307
34 35 4.138994835959839
35 35 3.785063377966858
37 35 2.940516550951544
33 36 1.6422859611152114
34 36 3.668991206714104
35 36 5.171357739086749
36 36 5.65686555486845
37 36 3.6336637315114895
14 37 0.42308670945798416
18 37 0.42308670945798416
33 37 2.686090013288326
34 37 3.2227041040856843
35 37 3.5619198266526486
37 37 2.583841607012812
39 37 3.0739784967202453
40 37 3.131136910560194
0 38 2.794664673938981
1 38 2.1480375090139288
38 38 2.5535026171220934
45 38 2.403798365251969
46 38 1.6960523852708713
72 38 1.8631064699340376
76 38 1.6960523852708713
77 38 1.6960523852708713
78 38 2.5968389306090613
79 38 2.1015174933790357
80 38 2.255668173206294
14 39 3.6419625343261846
18 39 2.4379897300002487
19 39 3.5488721112601724
39 39 3.45964097753223
40 39 3.747323049984011
14 40 3.706501055463756
18 40 2.543350245658075
19 40 3.5729696628392333
39 40 3.524179498669801
40 40 3.2364974262180204
1 41 1.4083703128190905
41 41 3.3542804618744038
45 41 2.3668938083165183
46 41 2.948815353766239
49 41 3.8651060856403943
72 41 2.342679550195924
78 41 1.0770131768646478
23 42 2.5069826014872
24 42 2.4563388686684453
25 42 2.6864510892987483
26 42 1.8502030650981298
42 42 3.3542804618744038
43 42 4.33510971488613
44 42 4.33510971488613
48 42 4.33510971488613
55 42 2.0325246218920845
57 42 2.543350245658075
58 42 2.948815353766239
23 43 2.794664673938981
24 43 3.2364974262180204
25 43 2.8687726460927028
26 43 2.1378851375499104
48 43 4.33510971488613
23 44 2.794664673938981
24 44 3.0541758694240655
25 44 2.8687726460927028
26 44 2.1378851375499104
43 44 4.33510971488613
48 44 4.33510971488613
0 45 2.2750862590633956
1 45 2.195043551389859
38 45 2.2127431284892602
41 45 0.8087491902699684
45 45 2.1265757521123985
46 45 2.1269900881448436
49 45 0.8087491902699684
66 45 1.5018963708299138
67 45 -2.7176113343461927
72 45 2.148523535754966
76 45 1.7250399221441235
77 45 2.195043551389859
78 45 2.269151523543581
79 45 2.418187102704069
80 45 2.6805513671715597
81 45 1.9073614789380784
82 45 2.195043551389859
83 45 2.418187102704069
0 46 1.9014963594856804
1 46 2.6017610078144897
38 46 1.842655859462747
41 46 2.083817916279635
45 46 2.1269900881448436
46 46 2.378057389277575
49 46 2.3069614675938444
72 46 2.6036933755655434
76 46 2.3069614675938444
77 46 1.3906707357196897
78 46 1.8214536518121438
79 46 1.3906707357196897
80 46 1.796135843827854
82 46 1.1675271844054798
83 46 1.3906707357196897
22 47 2.3891995658308165
23 47 2.694581215381999
24 47 2.0637771653961887
25 47 2.5968389306090613
26 47 2.995335369401132
47 47 2.7458745097695494
59 47 -0.44401377822539934
61 47 1.8138354209272547
64 47 1.1364365973354487
23 48 2.794664673938981
24 48 3.2364974262180204
25 48 2.8687726460927028
26 48 2.1378851375499104
47 48 2.3891995658308165
1 49 1.6960523852708713
41 49 3.3542804618744038
45 49 2.3128265870462426
46 49 3.0001086481537897
49 49 2.948815353766239
72 49 2.342679550195924
78 49 1.7701603574245932
28 50 -0.4851718507189069
29 50 2.6928819796290386
30 50 0.4856070664393178
31 50 0.564650273779771
50 50 2.5791230942723806
51 50 2.67040912377698
52 50 1.7765912477548838
53 50 2.5750989439726553
54 50 1.2577974543397163
29 51 1.6270595137839199
30 51 -0.8986691305243356
42 51 1.8502030650981296
50 51 2.0217137057878687
51 51 2.6566789309650782
52 51 2.41551687414819
53 51 2.675028069633275
54 51 1.4729088339566616
55 51 2.582570958811356
56 51 3.2364974262180204
57 51 2.831032318109856
58 51 2.543350245658075
42 52 2.7256718024520294
50 52 2.182056355863048
51 52 2.790210323589601
52 52 1.8093810705778748
53 52 2.068892266062959
54 52 1.4729088339566616
55 52 3.0621440390732424
56 52 3.418818983011975
57 52 3.418818983011975
58 52 3.418818983011975
28 53 1.955563580755956
29 53 3.1187143905616366
30 53 1.0975417570057768
31 53 1.9265760438827038
42 53 1.5988886368172235
50 53 1.6657286549430739
51 53 2.425567210001691
52 53 2.425567210001691
53 53 2.425567210001691
54 53 2.2714165301744336
55 53 2.1378851375499104
56 53 2.831032318109856
57 53 2.5797178898289497
58 53 1.955563580755956
25 54 -0.17574979163071994
28 54 2.6123431171450266
30 54 1.249765282642452
31 54 2.389199565830817
42 54 2.3891995658308165
43 54 2.3891995658308165
44 54 2.3891995658308165
48 54 2.3891995658308165
50 54 2.668784428049978
51 54 -0.31885063527139346
52 54 1.878373942064826
53 54 1.2905872771627072
54 54 2.5227309584553392
55 54 1.878373942064826
57 54 1.9837344577226523
58 54 2.3891995658308165
23 55 1.1852267615048808
24 55 1.62705951378392
25 55 2.106632594045806
26 55 0.5284472251158102
42 55 3.9784347709473975
43 55 4.11196616357192
44 55 4.11196616357192
48 55 3.8242840911201395
50 55 1.2375947470221966
51 55 1.4039159624697102
52 55 1.8093810705778748
53 55 0.12298211700764582
54 55 0.7797616533967164
55 55 2.9079933592459843
56 55 2.7256718024520294
57 55 3.0133538749038107
58 55 3.6419625343261846
42 56 4.33510971488613
43 56 4.33510971488613
44 56 4.33510971488613
48 56 4.33510971488613
54 56 2.3891995658308165
55 56 3.824284091120139
57 56 3.929644606777966
58 56 4.33510971488613
23 57 1.2905872771627072
24 57 1.4447379569899652
25 57 2.2809859811905837
26 57 0.3461256683218556
42 57 4.152788158092175
43 57 3.929644606777966
44 57 4.33510971488613
48 57 3.929644606777966
54 57 1.2905872771627072
55 57 3.706501055463756
56 57 3.2364974262180204
57 57 3.2364974262180204
58 57 3.929644606777966
23 58 1.6960523852708713
24 58 1.8502030650981298
25 58 2.6864510892987483
26 58 1.4447379569899652
42 58 4.047427642434349
43 58 4.33510971488613
44 58 4.33510971488613
48 58 4.33510971488613
55 58 3.131136910560194
57 58 3.2364974262180204
58 58 2.948815353766239
59 59 3.4307247826009357
60 59 3.9725263342612314
61 59 2.403910416347386
62 59 3.480049849163437
63 59 3.524501611734271
64 59 3.0874881458911805
65 59 3.5670612261530668
59 60 3.293655840057969
63 60 4.740574822994295
64 60 2.794664673938981
65 60 4.740574822994295
59 61 3.199391138655197
60 61 2.665308652724939
61 61 3.2249244406603617
62 61 3.5126065131121424
63 61 2.665308652724939
64 61 3.204305153457626
65 61 2.665308652724939
59 62 3.442691419218457
60 62 3.710955405813136
61 62 2.547804596007455
63 62 3.710955405813136
64 62 3.1513396178777136
65 62 3.710955405813136
59 63 3.8470410782427553
63 63 4.3131308081673545
65 63 3.9076657000591903
59 64 3.1411872464136956
60 64 3.1411872464136956
61 64 3.2307994051033826
62 64 3.3643307977279053
63 64 3.1411872464136956
64 64 2.987036566586437
65 64 3.54665235452186
59 65 3.650330783996701
63 65 4.809567694481246
67 66 2.600508659498024
68 66 2.7256718024520294
70 66 3.32350880320765
85 66 3.2364974262180204
87 66 2.948815353766239
20 67 2.300404067047685
27 67 -0.03854867011723514
67 67 2.1265757521123985
68 67 2.334805493765018
69 67 2.418187102704069
70 67 2.1720540331651605
84 67 2.225815210056613
85 67 2.1080321744002295
86 67 2.3491942312171172
87 67 2.3668938083165183
20 68 0.5284472251158102
67 68 2.2438337155592913
68 68 2.7256718024520294
69 68 0.7797616533967164
70 68 2.5250011069898783
84 68 3.3542804618744038
85 68 1.62705951378392
86 68 3.418818983011975
87 68 3.131136910560194
20 69 2.5668807430682694
67 69 2.500425200941041
69 69 2.841184689573874
70 69 1.6007422054665466
85 69 2.3891995658308165
87 69 1.0029052047109261
20 70 1.7876827081167956
67 70 2.282054928379489
68 70 2.7256718024520294
69 70 2.389199565830817
70 70 2.4837581484558293
84 70 2.6303616226477047
85 70 2.2248965145395405
86 70 1.9372144420877595
87 70 2.748144658304088
4 71 2.175625465532758
71 71 3.5366020186683587
0 72 1.9372144420877595
1 72 2.59399397847683
38 72 2.342679550195924
45 72 2.148523535754966
46 72 2.324979973096523
72 72 2.4837581484558293
76 72 3.1899774105831273
77 72 3.32350880320765
78 72 2.011322414241481
73 73 3.54665235452186
74 73 2.37501493083886
6 74 0.36011191029659534
7 74 0.7655770184047598
11 74 2.557336487632815
16 74 2.6373791953063512
17 74 2.7465784872713432
74 74 2.52513334713818
8 75 2.175625465532758
9 75 2.7272730838190036
10 75 2.490706512172653
41 75 1.3001567281788575
45 75 -1.3507350590834037
46 75 -0.16267771006336726
49 75 0.789331104412867
75 75 2.7334080723865193
1 76 1.0029052047109261
38 76 2.3891995658308165
45 76 2.3128265870462426
46 76 2.6434337042150573
72 76 2.8535051739619144
76 76 2.948815353766239
77 76 4.33510971488613
78 76 1.0770131768646478
1 77 1.6960523852708713
38 77 2.794664673938981
45 77 2.195043551389859
46 77 3.0001086481537897
72 77 1.9372144420877595
78 77 1.7701603574245932
0 78 2.7509896104363194
1 78 2.0214747857054993
38 78 2.5968389306090613
45 78 2.251133018040903
46 78 1.1283064712521984
66 78 1.7701603574245932
67 78 -1.7562001671915681
70 78 -0.6277349153737772
72 78 1.1640245538542777
78 78 2.4633075379845386
79 78 2.4633075379845386
80 78 2.4633075379845386
81 78 2.4633075379845386
82 78 2.8687726460927028
83 78 2.8687726460927028
85 78 -0.0215991118034617
45 79 1.214214298378133
66 79 3.6419625343261846
67 79 1.5018963708299138
70 79 1.9372144420877595
78 79 2.175625465532758
79 79 2.948815353766239
80 79 2.948815353766239
81 79 3.6419625343261846
82 79 4.11196616357192
83 79 3.6419625343261846
85 79 2.543350245658075
45 80 1.214214298378133
66 80 3.6419625343261846
67 80 1.0318927415841783
70 80 1.244067261527814
78 80 2.329776145360016
79 80 4.047427642434349
80 80 3.3542804618744038
81 80 3.6419625343261846
82 80 4.047427642434349
83 80 4.047427642434349
85 80 1.8502030650981298
66 81 4.33510971488613
67 81 2.418187102704069
68 81 2.7256718024520294
70 81 3.32350880320765
81 81 3.2364974262180204
85 81 3.2364974262180204
87 81 2.2556681732062938
66 82 4.33510971488613
67 82 1.9073614789380784
68 82 1.8093810705778748
70 82 2.812683179441659
79 82 2.7256718024520294
80 82 2.0325246218920845
81 82 4.33510971488613
82 82 3.418818983011975
83 82 3.418818983011975
85 82 3.2364974262180204
66 83 4.33510971488613
67 83 1.9073614789380782
70 83 1.9372144420877595
79 83 3.6419625343261846
80 83 2.948815353766239
81 83 4.33510971488613
82 83 3.824284091120139
85 83 3.2364974262180204
20 84 0.8693738120864033
67 84 2.2556681732062938
68 84 3.0441255335705644
69 84 1.4083703128190905
70 84 2.6909862444641397
84 84 3.066598389422623
85 84 2.0733466164123393
86 84 3.2364974262180204
87 84 2.884276832628668
20 85 2.050873760560281
67 85 2.3128265870462426
68 85 2.3202066943438653
69 85 2.995335369401132
70 85 2.710404330321241
84 85 2.0733466164123393
85 85 1.8502030650981298
87 85 2.0733466164123393
20 86 1.0392728488818008
67 86 2.3491942312171177
68 86 3.0133538749038107
69 86 1.9837344577226523
70 86 2.2248965145395405
84 86 3.45964097753223
85 86 2.1378851375499104
86 86 3.2364974262180204
87 86 1.8502030650981298
20 87 0.7515907764300199
67 87 2.225815210056613
68 87 3.0441255335705644
69 87 2.1015174933790357
70 87 2.0549974777441427
84 87 3.3117208474556077
85 87 1.1570558845381844
86 87 3.554951157336555
87 87 3.009439975582674
