0 0 1.4466882758179875
1 0 -1.8856912890622586
3 0 0.5007752879124894
4 0 -1.8142323250801136
8 0 1.2404424841073274
9 0 -0.9461436950238361
11 0 0.4582156734936932
12 0 -1.69644928942373
15 0 -1.4087672169719492
17 0 1.1939224684724346
19 0 0.09531017980432493
20 0 -2.6455298441208757
22 0 1.4816045409242156
24 0 -4.131523565463855
0 1 1.3133819085097624
3 1 0.23457224713783234
4 1 -1.2695051496384415
8 1 1.4667159284304647
9 1 -0.8068816276903286
11 1 0.7578203909023804
12 1 -2.7611600264161584
13 1 -1.2188614168196865
14 1 1.333184535805942
17 1 1.333184535805942
20 1 -0.021361126999368044
1 2 1.333184535805942
3 2 2.2155737160044158
8 2 2.0614230361771577
11 2 1.2347444629926896
12 2 -0.08701137698962969
0 3 0.5863331762741358
1 3 1.8440101595719327
3 3 1.5224265354444706
8 3 0.9628107475090479
9 3 1.4618019136280358
11 3 0.5415972824327444
12 3 -1.8787708462176849
20 3 -0.5252663079207851
0 4 0.7309144050852434
1 4 1.7262271239155493
3 4 0.30603121111997733
8 4 0.5573456394008836
9 4 1.4618019136280358
11 4 0.8292793548845252
12 4 -1.0802631499999131
19 4 1.404643499788087
23 4 -0.5763579690784962
0 5 -0.4841082354272775
1 5 1.4667159284304647
3 5 0.9628107475090479
8 5 0.11551288712184424
9 5 2.0007984143607227
11 5 1.0805937831654313
12 5 -0.6466271649250525
14 5 2.7545702167371027
15 5 1.250492819960829
17 5 2.7545702167371027
19 5 2.0614230361771577
4 6 0.9991783916799226
10 6 3.8895501495760874
11 6 1.5224265354444706
13 6 1.0498221244986776
14 6 3.6018680771243066
18 6 4.295015257684252
20 6 0.8610280531991055
2 7 4.295015257684252
3 7 1.8101086078962514
4 7 0.9991783916799226
8 7 1.6559579280689933
10 7 3.196402969016142
11 7 1.5224265354444706
0 8 -1.870402596547168
1 8 0.08042156731057401
3 8 1.7737409637253767
4 8 0.15188053129271892
6 8 0.9628107475090479
8 8 -1.2707814739980463
9 8 1.0199691613489963
11 8 1.686729586735747
12 8 0.2183702725615521
13 8 -1.1837700970084166
15 8 0.5573456394008836
19 8 0.6751286750572669
20 8 0.8246604090282308
23 8 -0.20726050514120672
0 9 -0.6782642498682351
1 9 0.8025562847437717
3 9 1.6849454649422455
8 9 -0.7717903078790586
11 9 1.2919028768326384
12 9 0.48097266061630967
13 9 -0.6847789308894285
15 9 0.36318962495992607
16 9 -0.05454557574005255
19 9 2.2727321298443646
20 9 -0.18042582162905543
23 9 0.29173066097778116
4 10 1.692325572239868
9 10 2.154949094187981
11 10 1.927891643552635
15 10 2.0977906803480324
20 10 0.8610280531991055
1 11 -0.7462570058738939
3 11 0.1361321743245799
4 11 0.5779649266036191
6 11 0.8292793548845252
8 11 -1.404312866622569
9 11 0.4809726606163094
10 11 0.8292793548845252
12 11 0.9470623905409088
13 11 -0.6241543090729939
15 11 0.42381424677636087
19 11 1.2347444629926896
20 11 1.1329617686827473
23 11 0.7578203909023804
24 11 -1.6057949211555993
0 12 -1.6209417369155847
1 12 0.3298824269421575
4 12 1.0238710042702943
5 12 -1.3397743454849977
6 12 0.20067069546215105
8 12 -2.032921526044943
9 12 -0.02985296314968116
10 12 -0.49247648509779424
11 12 -1.2501621867953108
12 12 0.9719356552860485
13 12 -1.9459101490553132
15 12 0.20067069546215105
16 12 -1.3156767939059373
20 12 0.9333487147787317
21 12 -1.1856236656577395
23 12 0.45771579845204213
24 12 -1.828938472469809
0 13 -1.390829516285282
1 13 0.7141453273997187
4 13 1.142279235320596
6 13 1.0369187196627696
7 13 1.0369187196627696
8 13 -1.1966735018443246
9 13 -0.6976823357253367
12 13 1.0116009116784799
15 13 0.6314536115546054
16 13 -1.172575950265264
18 13 2.1355310083308794
20 13 0.6474539529010466
23 13 0.1545295394642961
12 14 0.6061358035703156
13 14 2.1484344131667874
20 14 1.26649316130727
23 14 1.333184535805942
1 15 0.5222543195896133
4 15 0.5937132835717582
5 15 1.9436400005207741
8 15 -0.13580154115906176
9 15 0.36318962495992607
12 15 0.3548213752894094
13 15 1.7429693050586228
19 15 1.8101086078962514
20 15 0.4555629450909412
21 15 1.404643499788087
23 15 -0.170892860970332
24 15 -1.723577956811983
0 16 -2.5635497771071134
1 16 0.30356511862478397
3 16 -0.4234836136108427
4 16 0.5573456394008836
5 16 1.9072723563498992
6 16 0.9628107475090479
9 16 0.32682198078905106
11 16 -0.7111656860626236
12 16 0.3184537311185346
13 16 1.7066016608877481
15 16 -0.13580154115906176
16 16 -1.2466839224189856
17 16 1.3682758556172123
20 16 0.013730192811902037
21 16 1.879101479383203
23 16 0.30356511862478397
24 16 -1.7599456009828578
12 17 -0.08701137698962969
13 17 1.455287232606842
14 17 4.007333185232471
16 17 1.3923734071962726
22 17 4.700480365792417
24 17 -0.21950056003570867
13 18 2.1484344131667874
14 18 4.700480365792417
20 18 1.9596403418672153
5 19 2.0614230361771577
12 19 -0.08701137698962969
13 19 1.8607523407150064
15 19 2.5032557884561966
16 19 1.3923734071962726
23 19 1.333184535805942
1 20 -1.4076554881192587
4 20 -1.3361965241371137
5 20 0.013730192811902037
6 20 1.9596403418672153
7 20 1.5541752337590509
10 20 1.9596403418672153
11 20 -0.812948380372566
12 20 -1.729239112246721
13 20 0.7938887503614773
14 20 1.26649316130727
15 20 1.5541752337590509
16 20 0.8487579606072914
18 20 1.9596403418672153
21 20 0.8610280531991055
23 20 1.727838727809891
24 20 0.3354962820434195
5 21 1.6559579280689933
9 21 0.7686547330680904
13 21 0.3566749439387324
15 21 1.404643499788087
16 21 1.6800554796480538
23 21 1.8440101595719327
24 21 0.2913250637302821
16 22 2.0855205877562177
21 22 3.6018680771243066
24 22 0.4736466205242367
2 23 1.333184535805942
5 23 0.7735687478705193
7 23 2.0263317163658874
9 23 -0.8068816276903286
10 23 0.9277194276977776
11 23 -1.4394041864338392
12 23 -1.3748656652962679
13 23 0.9783631605165328
16 23 1.5514381018259602
20 23 -0.7145083075593134
21 23 1.620866608257723
23 23 -1.3409641136205865
24 23 0.8199228572420704
1 24 -2.207774788231372
2 24 0.8718389693033212
4 24 -1.7308507161410627
5 24 0.46637386119515667
7 24 0.46637386119515667
8 24 -2.172683468420102
9 24 -1.6736923023011139
12 24 -2.12389330425067
13 24 0.2169130015635738
15 24 -1.7308507161410627
16 24 0.8471463567129497
21 24 0.06090875308699252
23 24 -1.8023096801232077
24 24 1.2989655741926651
