0 0 1.485229318344702
1 0 1.6007422054665466
2 0 1.9372144420877595
3 0 2.2248965145395405
4 0 2.6303616226477047
5 0 1.089916581700556
8 0 1.7295750773095149
9 0 1.244067261527814
10 0 1.9372144420877595
11 0 1.244067261527814
12 0 2.6303616226477047
13 0 1.9372144420877595
174 0 1.244067261527814
204 0 2.342679550195924
205 0 1.7236403417897004
206 0 1.1900000402575384
208 0 1.9372144420877595
209 0 2.4604625858523073
210 0 2.2248965145395405
211 0 2.1195359988817137
212 0 1.9372144420877595
214 0 1.9372144420877595
215 0 2.2248965145395405
257 0 2.6303616226477047
260 0 2.6303616226477047
261 0 1.9372144420877595
0 1 1.6007422054665466
1 1 2.052727329209604
2 1 2.3891995658308165
3 1 1.2905872771627072
5 1 2.6405139941117226
8 1 1.0029052047109261
9 1 2.543350245658075
11 1 1.6960523852708713
12 1 2.3891995658308165
13 1 2.794664673938981
205 1 2.498398857795809
206 1 0.8310549477842668
209 1 2.3891995658308165
210 1 1.9837344577226523
211 1 -0.1365290784774388
250 1 0.7152231322591451
255 1 2.3891995658308165
261 1 2.3891995658308165
263 1 0.4432894167755035
1 2 2.794664673938981
5 2 2.3891995658308165
8 2 2.2556681732062938
9 2 2.7664937969722847
205 2 2.329776145360016
206 2 1.3906707357196897
211 2 2.368996858513297
0 3 1.9372144420877595
4 3 3.2364974262180204
8 3 2.0733466164123393
12 3 2.543350245658075
204 3 1.8502030650981298
205 3 0.6715480687564837
206 3 1.3906707357196897
209 3 2.6611332813144584
211 3 2.41551687414819
214 3 2.7256718024520294
215 3 2.831032318109856
241 3 3.2364974262180204
242 3 -1.040168692798035
252 3 2.1378851375499104
260 3 3.2364974262180204
0 4 1.9372144420877595
2 4 3.6419625343261846
5 4 2.3891995658308165
8 4 2.948815353766239
13 4 3.6419625343261846
206 4 2.77696509683958
211 4 1.8093810705778746
260 4 4.33510971488613
0 5 1.3775986541523368
1 5 1.541901705443613
2 5 2.3891995658308165
5 5 1.541901705443613
8 5 1.2260487560251359
9 5 1.9837344577226523
11 5 1.6960523852708713
13 5 2.3891995658308165
43 5 0.5173973889292254
49 5 -0.09570708395718354
50 5 1.6960523852708713
205 5 2.175625465532758
206 5 0.13790776722432155
209 5 2.1015174933790357
210 5 2.6768816382825977
211 5 0.962083210190671
242 5 -0.2780286407511382
243 5 0.4432894167755035
246 5 2.3891995658308165
247 5 1.0029052047109261
250 5 1.5625209926463488
252 5 1.2905872771627072
253 5 1.6960523852708713
255 5 2.3891995658308165
257 5 2.3891995658308165
259 5 1.0029052047109261
261 5 2.3891995658308165
263 5 1.829583777895394
134 6 3.2364974262180204
144 6 2.948815353766239
217 6 3.2364974262180204
220 6 1.5625209926463486
225 6 4.047427642434349
226 6 3.929644606777966
234 6 2.543350245658075
235 6 2.948815353766239
236 6 4.33510971488613
239 6 2.948815353766239
134 7 3.2364974262180204
135 7 3.4878118544989265
144 7 2.948815353766239
218 7 4.33510971488613
220 7 2.2556681732062938
221 7 1.290587277162707
222 7 4.33510971488613
226 7 3.2364974262180204
234 7 2.543350245658075
235 7 2.2556681732062938
239 7 2.948815353766239
249 7 2.948815353766239
0 8 1.8726759209501882
1 8 1.9191959365850813
2 8 2.4788117245205035
3 8 1.5625209926463486
4 8 2.2556681732062938
5 8 1.9191959365850813
8 8 2.0480288084280494
9 8 1.4755096156567191
10 8 1.5625209926463486
11 8 2.2556681732062938
13 8 2.4788117245205035
43 8 -1.0024283648151882
174 8 2.4788117245205035
204 8 1.274838920194568
205 8 1.2488634337913072
206 8 2.281643659609555
208 8 1.5625209926463486
210 8 1.8502030650981298
211 8 2.214846178686039
212 8 1.5625209926463486
213 8 1.5625209926463486
214 8 1.5625209926463486
215 8 1.8502030650981298
242 8 -2.0209979458097616
243 8 -0.38338915640896454
246 8 0.8693738120864033
247 8 -0.9223856571416515
250 8 -0.1114554409253227
252 8 0.4639087039782391
253 8 0.8693738120864033
255 8 1.5625209926463486
260 8 2.2556681732062938
263 8 0.7152231322591451
0 9 1.5317493339795953
1 9 2.389199565830817
2 9 2.2556681732062938
3 9 0.7515907764300199
5 9 2.389199565830817
8 9 1.475509615656719
9 9 2.30973539447657
11 9 2.2556681732062938
12 9 1.8502030650981298
13 9 1.1570558845381844
205 9 2.5623984406287694
206 9 0.004376374599799003
209 9 2.0733466164123393
210 9 2.1378851375499104
211 9 0.423086709457984
250 9 1.274838920194568
252 9 0.7515907764300199
253 9 1.8502030650981298
255 9 2.543350245658075
256 9 1.8502030650981298
257 9 1.8502030650981298
261 9 2.948815353766239
263 9 1.0029052047109261
0 10 2.6303616226477047
3 10 3.2364974262180204
204 10 2.948815353766239
205 10 1.7701603574245932
211 10 3.195675431697765
214 10 2.7256718024520294
0 11 1.9372144420877595
1 11 2.3891995658308165
2 11 2.948815353766239
3 11 2.543350245658075
5 11 1.6960523852708713
8 11 1.9679861007545132
9 11 2.7664937969722847
174 11 2.948815353766239
205 11 1.993303908738803
206 11 0.6975235551597443
210 11 2.543350245658075
211 11 1.8093810705778746
214 11 2.0325246218920845
215 11 3.2364974262180204
3 12 2.543350245658075
12 12 2.948815353766239
49 12 1.1570558845381844
209 12 3.43432316954794
214 12 3.418818983011975
241 12 3.6419625343261846
242 12 0.9747343277442296
244 12 2.948815353766239
247 12 1.1570558845381844
252 12 3.2364974262180204
0 13 1.9372144420877595
1 13 1.6960523852708713
2 13 2.948815353766239
5 13 1.6960523852708713
8 13 1.9679861007545132
9 13 1.8502030650981298
205 13 1.0770131768646478
206 13 1.3906707357196897
209 13 2.6611332813144584
210 13 3.2364974262180204
211 13 2.368996858513297
257 13 3.6419625343261846
14 14 2.942973078142011
15 14 3.0621440390732424
16 14 3.195675431697765
17 14 2.9098642671817956
18 14 1.1162338900179292
19 14 2.9838121958033357
20 14 1.1162338900179292
21 14 0.6054082662519386
23 14 2.1458533071990873
29 14 2.9079933592459843
44 14 2.854883533932036
45 14 2.5025282511378197
14 15 3.255728788145908
17 15 3.2476707268161453
19 15 2.0595532942800037
44 15 2.9827169054419205
14 16 3.1015781083186496
17 16 2.1490584381480358
19 16 3.445847655399894
23 16 2.7256718024520294
44 16 2.9827169054419205
45 16 3.6419625343261846
14 17 2.8191730929677123
15 17 2.6768816382825977
16 17 2.6768816382825977
17 17 2.742122160150999
18 17 2.900025189596807
19 17 2.752700474839949
20 17 2.900025189596807
21 17 1.9837344577226523
23 17 1.6270595137839199
29 17 1.9837344577226523
43 17 0.11193228082106087
44 17 2.882633446884938
45 17 2.3891995658308165
49 17 -1.1943193726252932
242 17 0.2327969830148524
243 17 0.4432894167755033
17 18 1.4559112575880904
20 18 4.33510971488613
43 18 1.7701603574245932
45 18 3.6419625343261846
49 18 1.8502030650981298
242 18 2.1378851375499104
243 18 2.3891995658308165
14 19 2.79142318001481
15 19 3.131136910560194
16 19 2.7256718024520294
17 19 2.7909123243204306
18 19 3.131136910560194
19 19 2.6473399591821227
20 19 2.7256718024520294
21 19 2.214846178686039
23 19 2.0325246218920845
29 19 3.418818983011975
43 19 -0.5324247355694525
44 19 2.8773563897840946
45 19 2.948815353766239
242 19 -1.1455292084558613
243 19 0.08661447283677108
20 20 2.948815353766239
43 20 1.7701603574245932
45 20 2.948815353766239
49 20 1.8502030650981298
242 20 2.36102868886412
243 20 3.082346746390762
17 21 0.5396205257139356
18 21 3.418818983011975
20 21 3.418818983011975
21 21 2.214846178686039
22 21 2.4379897300002487
23 21 1.1162338900179294
24 21 2.7256718024520294
30 21 2.7256718024520294
31 21 2.7256718024520294
32 21 2.7256718024520294
38 21 2.7256718024520294
40 21 2.0325246218920845
43 21 0.8538696255504382
45 21 2.7256718024520294
49 21 0.9339123332239747
242 21 1.2215944056757555
243 21 1.4729088339566616
9 22 -0.12387796092387987
21 22 2.607888766795646
22 22 2.8850995393801315
23 22 2.233195317354235
24 22 3.0869656922470563
30 22 3.1494860492283903
31 22 3.1494860492283903
32 22 3.1494860492283903
38 22 2.948815353766239
40 22 2.004353744925388
43 22 -0.427064219911626
79 22 1.2624164001960108
205 22 -0.8970678491573618
242 22 -0.12387796092387987
245 22 0.4639087039782391
256 22 1.8502030650981298
14 23 1.7798222683363303
16 23 2.7256718024520294
17 23 1.7923834942093035
19 23 2.0595532942800037
21 23 2.50252825113782
22 23 2.668513388612081
23 23 2.214846178686039
24 23 1.62705951378392
29 23 2.7256718024520294
30 23 2.7256718024520294
31 23 2.4379897300002487
32 23 2.7256718024520294
44 23 2.066426173567766
45 23 2.7256718024520294
9 24 0.7515907764300199
21 24 2.3202066943438653
22 24 2.543350245658075
24 24 2.1378851375499104
31 24 3.2364974262180204
38 24 3.929644606777966
40 24 3.2364974262180204
43 24 1.3646952493164288
242 24 1.2624164001960105
245 24 1.8502030650981298
256 24 3.2364974262180204
8 25 1.5625209926463486
26 25 3.0001086481537897
27 25 4.33510971488613
28 25 4.33510971488613
41 25 4.33510971488613
47 25 3.929644606777966
206 25 2.77696509683958
8 26 0.9206671064739539
25 26 3.693255828713735
26 26 3.2337234993352952
27 26 3.587895313055909
28 26 3.78856600851806
33 26 3.4055737562619544
34 26 3.1824302049477446
35 26 3.1824302049477446
41 26 3.693255828713735
42 26 2.4892830243877992
46 26 2.857007804513117
47 26 3.3831009004098958
98 26 0.4743800038455345
106 26 1.796135843827854
107 26 1.796135843827854
206 26 2.1839013748366174
8 27 2.2556681732062938
26 27 2.77696509683958
28 27 4.33510971488613
41 27 4.33510971488613
47 27 3.929644606777966
206 27 3.0001086481537897
8 28 2.6611332813144584
41 28 4.33510971488613
47 28 3.929644606777966
206 28 3.587895313055909
17 29 3.065349170022191
18 29 4.33510971488613
19 29 2.0595532942800037
20 29 4.33510971488613
21 29 3.418818983011975
29 29 2.948815353766239
44 29 2.9827169054419205
45 29 3.6419625343261846
242 29 0.4639087039782391
21 30 2.7256718024520294
22 30 3.2364974262180204
24 30 3.2364974262180204
31 30 2.948815353766239
9 31 1.5625209926463486
21 31 2.7256718024520294
22 31 2.6233929533316114
23 31 1.339377441332139
24 31 3.45964097753223
30 31 2.948815353766239
31 31 2.2556681732062938
32 31 3.3542804618744038
38 31 3.6419625343261846
40 31 2.948815353766239
43 31 0.38386599630470253
205 31 0.38386599630470253
242 31 0.4639087039782391
245 31 0.8693738120864033
256 31 2.948815353766239
21 32 2.7256718024520294
22 32 2.6975009254853335
23 32 2.0325246218920845
24 32 3.6419625343261846
30 32 3.6419625343261846
31 32 2.2556681732062938
38 32 3.6419625343261846
40 32 2.948815353766239
242 32 0.9747343277442296
245 32 1.5625209926463486
25 33 4.33510971488613
26 33 3.4701122773995254
27 33 4.33510971488613
28 33 3.6419625343261846
33 33 2.948815353766239
34 33 3.6419625343261846
35 33 3.6419625343261846
41 33 3.6419625343261846
46 33 2.543350245658075
47 33 3.2364974262180204
206 33 1.3906707357196897
25 34 4.33510971488613
26 34 3.693255828713735
27 34 4.33510971488613
33 34 3.6419625343261846
35 34 4.33510971488613
46 34 3.2364974262180204
25 35 4.33510971488613
26 35 3.693255828713735
27 35 4.33510971488613
28 35 4.33510971488613
33 35 3.6419625343261846
47 35 3.2364974262180204
36 36 2.948815353766239
49 36 2.7664937969722847
242 36 2.004353744925388
243 36 3.082346746390762
244 36 3.6419625343261846
247 36 2.543350245658075
0 37 1.244067261527814
3 37 2.543350245658075
8 37 0.8693738120864033
10 37 3.6419625343261846
36 37 3.6419625343261846
49 37 1.8502030650981298
206 37 0.6975235551597443
211 37 2.032524621892084
212 37 3.6419625343261846
214 37 2.7256718024520294
215 37 2.543350245658075
242 37 1.3112065643654427
243 37 1.6960523852708713
244 37 2.948815353766239
245 37 1.5625209926463486
247 37 1.8502030650981298
0 38 1.9372144420877595
9 38 2.948815353766239
40 38 3.6419625343261846
43 38 1.7701603574245932
205 38 1.7701603574245932
242 38 1.667881508304175
245 38 2.2556681732062938
256 38 4.33510971488613
39 39 3.2364974262180204
43 39 2.8687726460927028
50 39 2.543350245658075
51 39 3.2364974262180204
242 39 2.1378851375499104
245 39 1.8502030650981298
247 39 2.3610286888641205
0 40 1.244067261527814
1 40 1.6960523852708713
5 40 1.6960523852708713
7 40 3.6419625343261846
9 40 2.2556681732062938
43 40 1.0770131768646478
134 40 3.2364974262180204
135 40 2.3891995658308165
205 40 1.0770131768646478
242 40 1.4447379569899652
245 40 2.6611332813144584
247 40 1.8502030650981298
248 40 2.948815353766239
256 40 3.6419625343261846
258 40 1.8502030650981298
8 41 2.6611332813144584
47 41 3.2364974262180204
174 41 3.6419625343261846
206 41 3.693255828713735
26 42 3.4701122773995254
33 42 3.6419625343261846
34 42 4.33510971488613
35 42 4.33510971488613
46 42 4.33510971488613
47 42 3.2364974262180204
0 43 -0.6277349153737772
1 43 -0.17574979163071994
5 43 -0.17574979163071994
8 43 -1.0024283648151882
9 43 0.38386599630470253
37 43 2.175625465532758
39 43 2.4633075379845386
43 43 2.0384243440192726
48 43 2.175625465532758
49 43 1.8502030650981298
50 43 2.8687726460927028
51 43 2.4633075379845386
147 43 0.8538696255504382
205 43 0.3038232886311662
242 43 1.9594023570631218
243 43 1.616009677597335
245 43 1.993303908738803
246 43 2.175625465532758
247 43 1.9243110372518517
256 43 1.7701603574245932
258 43 1.3646952493164288
261 43 1.7701603574245932
262 43 0.8538696255504382
14 44 2.919256551524695
15 44 2.948815353766239
17 44 2.6345662539297368
18 44 2.948815353766239
19 44 2.752700474839949
20 44 2.948815353766239
21 44 2.0325246218920845
23 44 2.0325246218920845
29 44 2.2556681732062938
43 44 0.38386599630470253
44 44 1.59642254432203
45 44 2.948815353766239
242 44 0.28158714718428435
243 44 1.0029052047109261
14 45 0.6166714585306492
17 45 2.3722019894622455
18 45 3.6419625343261846
19 45 2.465018402388168
20 45 2.948815353766239
21 45 2.7256718024520294
29 45 3.6419625343261846
43 45 1.0770131768646478
44 45 2.289569724881975
49 45 1.1570558845381844
242 45 1.667881508304175
243 45 2.3891995658308165
25 46 3.2364974262180204
26 46 3.693255828713735
27 46 3.2364974262180204
33 46 3.929644606777966
34 46 3.929644606777966
35 46 4.33510971488613
46 46 3.2364974262180204
47 46 2.1378851375499104
8 47 2.2556681732062938
11 47 2.543350245658075
26 47 2.4892830243877992
33 47 3.2364974262180204
34 47 3.2364974262180204
35 47 3.2364974262180204
41 47 3.2364974262180204
46 47 2.831032318109856
47 47 2.1378851375499104
174 47 3.2364974262180204
206 47 3.2364974262180204
7 48 3.6419625343261846
36 48 3.6419625343261846
37 48 2.948815353766239
40 48 2.948815353766239
49 48 2.2556681732062938
134 48 2.543350245658075
242 48 1.8502030650981298
243 48 1.6960523852708713
244 48 2.948815353766239
245 48 2.6611332813144584
247 48 1.8502030650981298
248 48 2.948815353766239
258 48 1.8502030650981298
0 49 0.17935652453538561
3 49 0.7854923281057014
7 49 1.8841046167738111
8 49 -0.8884841054659702
10 49 1.8841046167738111
36 49 2.5772517973337563
37 49 2.289569724881975
39 49 1.8841046167738111
40 49 2.5772517973337563
43 49 0.9285931717463746
48 49 2.5772517973337563
49 49 1.7017830599798565
50 49 1.1909574362138657
51 49 1.8841046167738111
134 49 1.4786395086656468
135 49 1.0368067563866075
147 49 1.3732789930078202
206 49 -1.0603343623926293
211 49 0.27466670433971063
212 49 1.8841046167738111
214 49 0.27466670433971063
215 49 1.4786395086656468
242 49 1.8121311171487218
243 49 1.5476323801525982
244 49 1.8841046167738111
245 49 2.2025583478923454
246 49 1.1909574362138657
247 49 2.171786689225592
248 49 1.8841046167738111
249 49 0.4978102556539204
258 49 1.7017830599798565
262 49 0.9678138848996559
37 50 2.948815353766239
43 50 1.7701603574245932
48 50 2.948815353766239
49 50 2.2556681732062938
147 50 2.7256718024520294
242 50 1.7631916881085
243 50 1.6960523852708713
245 50 1.5625209926463486
246 50 2.948815353766239
247 50 1.8502030650981298
258 50 2.543350245658075
262 50 2.0325246218920845
39 51 3.929644606777966
43 51 2.8687726460927028
242 51 2.1378851375499104
247 51 2.543350245658075
52 52 2.948815353766239
55 52 3.2364974262180204
122 52 3.7754939269507073
123 52 4.33510971488613
124 52 3.2364974262180204
125 52 4.33510971488613
127 52 4.33510971488613
128 52 4.33510971488613
129 52 4.33510971488613
186 52 1.4447379569899652
52 53 2.4633075379845386
53 53 3.0764120108709476
54 53 1.3646952493164288
55 53 2.4633075379845386
57 53 2.4633075379845386
58 53 3.2742377542008674
59 53 2.175625465532758
60 53 2.4633075379845386
122 53 2.7146219662654447
124 53 2.974133161750529
125 53 2.4633075379845386
126 53 3.7396010038901006
127 53 2.4633075379845386
128 53 2.4633075379845386
129 53 1.7701603574245932
130 53 3.561919826652648
131 53 3.7160705064799067
184 53 1.077013176864648
186 53 1.3646952493164288
192 53 1.7701603574245932
196 53 1.7701603574245932
52 54 4.33510971488613
53 54 2.0578424298763744
54 54 3.2364974262180204
55 54 3.929644606777966
59 54 2.948815353766239
60 54 4.33510971488613
61 54 3.929644606777966
122 54 1.9837344577226523
123 54 2.543350245658075
125 54 4.217326679229746
127 54 4.33510971488613
128 54 4.33510971488613
129 54 3.2364974262180204
52 55 3.2364974262180204
53 55 2.6174582178117967
55 55 2.1378851375499104
58 55 3.2364974262180204
59 55 2.543350245658075
122 55 3.2364974262180204
123 55 3.929644606777966
124 55 2.831032318109856
125 55 3.929644606777966
126 55 2.543350245658075
127 55 3.929644606777966
128 55 3.929644606777966
129 55 3.929644606777966
131 55 3.2364974262180204
184 55 0.5974400966027618
186 55 1.0392728488818008
52 56 4.33510971488613
53 56 2.4633075379845386
54 56 4.33510971488613
55 56 3.929644606777966
59 56 2.948815353766239
60 56 4.33510971488613
61 56 4.33510971488613
125 56 3.2364974262180204
127 56 4.33510971488613
128 56 4.33510971488613
53 57 3.7160705064799067
55 57 3.2364974262180204
57 57 2.948815353766239
58 57 4.33510971488613
59 57 3.6419625343261846
126 57 3.2364974262180204
131 57 3.6419625343261846
53 58 3.561919826652648
58 58 2.948815353766239
122 58 1.6960523852708713
126 58 4.33510971488613
130 58 4.33510971488613
131 58 4.33510971488613
52 59 3.6419625343261846
53 59 3.1564547185444836
54 59 2.948815353766239
55 59 3.2364974262180204
56 59 2.948815353766239
58 59 3.6419625343261846
59 59 2.2556681732062938
60 59 2.948815353766239
61 59 2.948815353766239
122 59 1.6960523852708713
123 59 2.948815353766239
124 59 1.8502030650981298
125 59 3.2364974262180204
126 59 3.3542804618744038
127 59 3.6419625343261846
128 59 2.948815353766239
129 59 2.948815353766239
131 59 3.6419625343261846
52 60 4.33510971488613
55 60 3.929644606777966
59 60 2.948815353766239
122 60 3.082346746390762
123 60 3.6419625343261846
124 60 3.2364974262180204
125 60 4.33510971488613
127 60 4.33510971488613
128 60 4.33510971488613
129 60 4.33510971488613
52 61 4.33510971488613
53 61 2.4633075379845386
54 61 3.2364974262180204
55 61 3.929644606777966
59 61 2.948815353766239
60 61 4.33510971488613
122 61 2.3891995658308165
125 61 4.33510971488613
127 61 4.33510971488613
128 61 4.33510971488613
62 62 3.3542804618744038
66 62 3.584804120486236
71 62 1.339377441332139
73 62 2.36102868886412
102 62 4.047427642434349
103 62 3.960416265444719
64 63 4.083795286605224
65 63 4.33510971488613
73 63 2.1378851375499104
76 63 2.948815353766239
100 63 3.929644606777966
104 63 4.33510971488613
63 64 2.831032318109856
64 64 3.524179498669801
65 64 3.747323049984011
68 64 3.4371681216801715
69 64 3.747323049984011
70 64 3.524179498669801
71 64 1.2215944056757555
72 64 0.4639087039782391
73 64 1.326954921333582
76 64 3.0541758694240655
79 64 2.1378851375499104
100 64 3.6783301784970597
104 64 4.083795286605224
64 65 3.524179498669801
68 65 3.929644606777966
69 65 4.047427642434349
76 65 2.948815353766239
100 65 3.929644606777966
104 65 4.33510971488613
26 66 1.333512321879741
42 66 2.1378851375499104
46 66 1.7324200294417462
47 66 1.0392728488818008
62 66 1.1570558845381844
66 66 3.33348969220533
67 66 2.543350245658075
71 66 3.4988616906855112
73 66 2.338555833012062
74 66 3.524179498669801
77 66 3.524179498669801
98 66 2.4002494020174017
102 66 3.524179498669801
103 66 2.4563388686684453
106 66 1.8502030650981298
107 66 1.4447379569899652
26 67 1.9014963594856802
42 67 3.2364974262180204
46 67 2.831032318109856
47 67 2.1378851375499104
67 67 2.1378851375499104
68 67 2.831032318109856
72 67 3.1719589050804493
73 67 2.1378851375499104
74 67 3.2364974262180204
75 67 3.6419625343261846
76 67 2.543350245658075
77 67 3.2364974262180204
78 67 3.929644606777966
79 67 2.831032318109856
98 67 2.3202066943438653
106 67 2.543350245658075
107 67 2.543350245658075
22 68 0.3461256683218556
67 68 2.1378851375499104
68 68 2.1378851375499104
69 68 3.45964097753223
70 68 3.929644606777966
71 68 2.3202066943438653
72 68 3.4083476831446795
73 68 2.4255672100016916
75 68 2.543350245658075
76 68 3.2364974262180204
78 68 3.2364974262180204
79 68 3.2364974262180204
67 69 3.2364974262180204
68 69 2.948815353766239
69 69 3.3542804618744038
70 69 4.047427642434349
71 69 2.7256718024520294
72 69 3.220749069249881
73 69 2.36102868886412
75 69 2.948815353766239
76 69 3.6419625343261846
79 69 3.2364974262180204
67 70 3.2364974262180204
69 70 2.948815353766239
71 70 2.7256718024520294
72 70 3.3542804618744038
73 70 2.831032318109856
75 70 3.6419625343261846
76 70 3.6419625343261846
79 70 3.2364974262180204
26 71 2.083817916279635
42 71 3.418818983011975
46 71 1.62705951378392
47 71 1.62705951378392
66 71 2.4002494020174017
67 71 3.418818983011975
71 71 2.9079933592459843
72 71 1.7448425494403035
73 71 2.3202066943438653
74 71 4.11196616357192
75 71 2.0325246218920845
76 71 2.4379897300002487
77 71 4.11196616357192
98 71 2.9079933592459843
106 71 3.131136910560194
107 71 3.131136910560194
22 72 1.9679861007545132
23 72 2.350978353010619
67 72 2.8618039767766095
68 72 2.4098188530335523
71 72 -0.0469169197877516
72 72 3.1843814250790063
73 72 2.891656939926291
75 72 3.43432316954794
76 72 2.2556681732062938
78 72 3.3542804618744038
79 72 3.1029660335934977
22 73 1.6898604150229504
23 73 1.914741586235701
26 73 0.29205844705157985
42 73 2.1378851375499104
46 73 1.0392728488818008
64 73 1.5500984726477915
65 73 2.1378851375499104
66 73 2.292035817377169
67 73 2.6487107613159013
68 73 2.4255672100016916
69 73 1.4447379569899652
71 73 2.3202066943438653
72 73 2.5841722401783302
73 73 1.7324200294417462
74 73 2.1378851375499104
75 73 2.831032318109856
76 73 2.1378851375499104
77 73 2.831032318109856
78 73 2.831032318109856
79 73 2.4255672100016916
98 73 1.2215944056757555
100 73 1.7324200294417462
102 73 2.1378851375499104
103 73 0.7515907764300199
104 73 2.1378851375499104
106 73 1.4447379569899652
107 73 1.4447379569899652
26 74 3.1824302049477446
33 74 3.6419625343261846
42 74 4.33510971488613
46 74 3.929644606777966
47 74 3.2364974262180204
98 74 3.418818983011975
106 74 3.6419625343261846
107 74 3.6419625343261846
22 75 1.4447379569899652
67 75 2.543350245658075
68 75 2.543350245658075
72 75 3.5084311417016623
73 75 2.831032318109856
75 75 2.948815353766239
76 75 2.2556681732062938
78 75 4.33510971488613
79 75 3.2364974262180204
67 76 3.2364974262180204
68 76 3.2364974262180204
69 76 2.948815353766239
70 76 2.948815353766239
71 76 1.339377441332139
72 76 3.472063497530787
73 76 2.831032318109856
75 76 3.3542804618744038
76 76 3.171958905080449
78 76 2.948815353766239
79 76 2.543350245658075
26 77 3.1824302049477446
42 77 4.33510971488613
46 77 3.929644606777966
47 77 3.2364974262180204
74 77 4.33510971488613
98 77 3.418818983011975
106 77 3.6419625343261846
107 77 3.6419625343261846
22 78 2.543350245658075
23 78 2.7256718024520294
72 78 3.171958905080449
73 78 2.831032318109856
79 78 3.2364974262180204
22 79 2.4255672100016916
23 79 2.3202066943438653
31 79 1.8502030650981298
32 79 2.543350245658075
67 79 2.831032318109856
71 79 1.62705951378392
72 79 3.028858061439776
73 79 2.6487107613159013
75 79 2.543350245658075
76 79 2.543350245658075
78 79 3.2364974262180204
80 80 3.418818983011975
81 80 3.418818983011975
82 80 3.418818983011975
84 80 2.7256718024520294
85 80 3.6419625343261846
88 80 4.229749199228304
99 80 2.7256718024520294
108 80 4.33510971488613
112 80 4.11196616357192
114 80 4.33510971488613
115 80 4.33510971488613
116 80 4.33510971488613
64 81 0.7515907764300199
80 81 3.131136910560194
81 81 3.066598389422623
82 81 3.5084311417016623
83 81 2.948815353766239
84 81 3.5084311417016623
85 81 3.3542804618744038
86 81 3.3542804618744038
87 81 3.2364974262180204
88 81 3.5084311417016623
90 81 3.3542804618744038
94 81 3.6419625343261846
95 81 3.2364974262180204
99 81 3.3542804618744038
100 81 1.8502030650981298
101 81 3.6419625343261846
108 81 3.6419625343261846
112 81 3.6419625343261846
114 81 3.3542804618744038
115 81 3.3542804618744038
116 81 3.6419625343261846
63 82 3.6419625343261846
64 82 2.543350245658075
80 82 2.0325246218920845
81 82 2.948815353766239
85 82 3.6419625343261846
86 82 3.6419625343261846
87 82 3.6419625343261846
88 82 3.6419625343261846
90 82 3.6419625343261846
94 82 3.6419625343261846
95 82 3.6419625343261846
100 82 2.543350245658075
108 82 3.6419625343261846
112 82 3.6419625343261846
114 82 3.6419625343261846
115 82 3.6419625343261846
116 82 3.6419625343261846
80 83 4.33510971488613
81 83 3.3542804618744038
82 83 3.6419625343261846
88 83 3.6419625343261846
108 83 4.33510971488613
112 83 4.33510971488613
115 83 4.33510971488613
116 83 4.33510971488613
64 84 2.1378851375499104
81 84 2.2556681732062938
82 84 3.6419625343261846
84 84 2.948815353766239
86 84 4.33510971488613
87 84 4.33510971488613
90 84 4.33510971488613
94 84 4.33510971488613
95 84 4.33510971488613
99 84 3.6419625343261846
100 84 2.543350245658075
101 84 4.33510971488613
81 85 3.3542804618744038
82 85 3.6419625343261846
84 85 4.33510971488613
85 85 2.948815353766239
86 85 3.6419625343261846
87 85 3.2364974262180204
90 85 4.33510971488613
94 85 4.33510971488613
95 85 3.929644606777966
99 85 4.33510971488613
100 85 2.543350245658075
101 85 4.33510971488613
63 86 4.33510971488613
64 86 3.929644606777966
65 86 4.33510971488613
73 86 2.1378851375499104
87 86 3.929644606777966
95 86 3.2364974262180204
100 86 3.6419625343261846
63 87 4.33510971488613
64 87 3.9837118280482415
65 87 3.929644606777966
73 87 2.1378851375499104
86 87 3.2364974262180204
87 87 3.2364974262180204
90 87 3.2364974262180204
95 87 3.524179498669801
100 87 3.6419625343261846
81 88 3.5084311417016623
82 88 3.6419625343261846
84 88 4.33510971488613
85 88 4.33510971488613
87 88 2.543350245658075
88 88 2.948815353766239
90 88 3.6419625343261846
94 88 3.6419625343261846
95 88 2.543350245658075
99 88 4.33510971488613
100 88 1.8502030650981298
101 88 4.33510971488613
114 88 3.6419625343261846
115 88 3.6419625343261846
116 88 3.6419625343261846
89 89 2.948815353766239
91 89 4.33510971488613
92 89 3.1899774105831273
93 89 4.33510971488613
96 89 3.418818983011975
98 89 2.7256718024520294
105 89 3.6419625343261846
106 89 3.6419625343261846
137 89 3.6419625343261846
63 90 4.33510971488613
64 90 3.747323049984011
65 90 4.33510971488613
73 90 2.1378851375499104
86 90 4.33510971488613
87 90 3.929644606777966
95 90 3.929644606777966
100 90 3.2364974262180204
92 91 3.54665235452186
93 91 3.6419625343261846
96 91 3.418818983011975
98 91 2.7256718024520294
105 91 3.998637478264917
106 91 3.6419625343261846
62 92 3.54665235452186
66 92 1.880056028247811
73 92 0.4331370453114852
92 92 3.2028808154190354
93 92 2.342679550195924
96 92 2.6303616226477047
97 92 3.7289739113158142
98 92 2.892725887115196
103 92 3.1899774105831273
105 92 3.210180117900647
106 92 2.342679550195924
107 92 3.1899774105831273
91 93 3.6419625343261846
92 93 3.54665235452186
93 93 2.948815353766239
96 93 3.418818983011975
98 93 2.7256718024520294
105 93 3.998637478264917
106 93 3.6419625343261846
63 94 4.33510971488613
64 94 3.524179498669801
86 94 4.33510971488613
87 94 4.33510971488613
90 94 4.33510971488613
95 94 4.33510971488613
100 94 3.2364974262180204
63 95 4.33510971488613
64 95 3.929644606777966
65 95 3.929644606777966
73 95 2.1378851375499104
86 95 3.929644606777966
87 95 3.747323049984011
90 95 3.2364974262180204
95 95 3.2364974262180204
100 95 3.524179498669801
62 96 2.4379897300002487
66 96 0.5284472251158102
89 96 3.418818983011975
91 96 3.418818983011975
92 96 3.32350880320765
93 96 3.6419625343261846
96 96 3.1956754316977656
97 96 3.131136910560194
98 96 2.7256718024520294
103 96 1.339377441332139
105 96 3.5523503756364976
106 96 3.131136910560194
107 96 2.0325246218920845
137 96 3.418818983011975
62 97 4.33510971488613
66 97 2.831032318109856
73 97 1.4447379569899652
92 97 2.6303616226477047
97 97 2.948815353766239
98 97 2.0325246218920845
103 97 4.047427642434349
107 97 2.948815353766239
26 98 2.346182180747126
33 98 2.7256718024520294
34 98 3.418818983011975
42 98 3.418818983011975
46 98 3.0133538749038107
47 98 2.3202066943438653
62 98 3.2852875903874525
66 98 0.9339123332239747
73 98 0.5284472251158102
92 98 2.7256718024520294
93 98 2.0325246218920845
96 98 2.50252825113782
97 98 3.131136910560194
98 98 2.214846178686039
103 98 2.7256718024520294
105 98 2.5715211226247714
106 98 3.131136910560194
107 98 3.418818983011975
64 99 2.1378851375499104
81 99 2.2556681732062938
82 99 3.6419625343261846
84 99 3.6419625343261846
86 99 4.33510971488613
87 99 4.33510971488613
90 99 4.33510971488613
94 99 4.33510971488613
95 99 4.33510971488613
100 99 2.543350245658075
101 99 4.33510971488613
63 100 3.2364974262180204
64 100 3.3906481060452784
65 100 3.2364974262180204
68 100 3.524179498669801
69 100 3.8651060856403943
70 100 3.929644606777966
71 100 1.62705951378392
72 100 0.8693738120864033
73 100 1.0392728488818008
76 100 2.948815353766239
79 100 2.543350245658075
86 100 2.543350245658075
87 100 2.1378851375499104
90 100 2.543350245658075
95 100 2.1378851375499104
100 100 3.1494860492283907
104 100 4.152788158092175
63 101 4.33510971488613
64 101 2.831032318109856
82 101 3.6419625343261846
86 101 4.33510971488613
87 101 4.33510971488613
90 101 4.33510971488613
94 101 4.33510971488613
95 101 4.33510971488613
100 101 3.2364974262180204
66 102 3.6419625343261846
71 102 4.11196616357192
73 102 2.831032318109856
62 103 3.171958905080449
66 103 3.6419625343261846
71 103 2.7256718024520294
73 103 2.543350245658075
102 103 4.047427642434349
103 103 3.3542804618744038
68 104 3.929644606777966
69 104 4.33510971488613
70 104 4.33510971488613
71 104 2.7256718024520294
72 104 2.2556681732062938
73 104 2.1378851375499104
76 104 4.047427642434349
79 104 3.2364974262180204
62 105 2.3891995658308165
66 105 0.5974400966027618
92 105 3.6801837471463825
93 105 1.6960523852708713
96 105 2.72567180245203
97 105 3.8932769626070907
98 105 3.344711010858253
103 105 2.1015174933790357
105 105 3.439021690329495
106 105 1.6960523852708713
107 105 3.082346746390762
26 106 2.4892830243877992
33 106 2.948815353766239
34 106 3.6419625343261846
35 106 3.6419625343261846
42 106 3.6419625343261846
46 106 3.6419625343261846
47 106 2.543350245658075
92 106 2.8535051739619144
96 106 2.7256718024520294
97 106 2.948815353766239
98 106 2.0325246218920845
105 106 3.4878118544989265
107 106 2.948815353766239
26 107 2.6434337042150573
33 107 2.948815353766239
34 107 3.6419625343261846
35 107 3.6419625343261846
42 107 3.6419625343261846
46 107 3.6419625343261846
47 107 2.543350245658075
62 107 3.6419625343261846
66 107 2.36102868886412
73 107 1.4447379569899652
92 107 1.244067261527814
97 107 2.948815353766239
103 107 3.3542804618744038
81 108 3.6419625343261846
84 108 4.33510971488613
85 108 4.33510971488613
88 108 4.33510971488613
99 108 4.33510971488613
101 108 4.33510971488613
114 108 4.33510971488613
115 108 4.33510971488613
116 108 4.33510971488613
89 109 4.33510971488613
91 109 4.047427642434349
92 109 2.160357993401969
93 109 3.6419625343261846
96 109 3.536602018668358
98 109 1.339377441332139
105 109 1.0029052047109261
109 109 3.3542804618744038
110 109 4.33510971488613
111 109 4.047427642434349
113 109 4.047427642434349
137 109 4.33510971488613
158 109 2.6611332813144584
89 110 4.33510971488613
91 110 4.33510971488613
92 110 3.035826730755869
93 110 4.33510971488613
96 110 3.824284091120139
98 110 2.7256718024520294
105 110 2.3891995658308165
106 110 3.6419625343261846
137 110 4.33510971488613
89 111 4.33510971488613
91 111 4.33510971488613
92 111 3.035826730755869
93 111 3.6419625343261846
96 111 3.6419625343261846
98 111 2.7256718024520294
105 111 2.3891995658308165
109 111 2.948815353766239
110 111 4.33510971488613
111 111 2.948815353766239
137 111 4.33510971488613
80 112 2.7256718024520294
81 112 3.3542804618744038
84 112 4.047427642434349
85 112 4.33510971488613
88 112 4.33510971488613
99 112 4.33510971488613
108 112 4.33510971488613
112 112 2.948815353766239
114 112 4.33510971488613
115 112 4.33510971488613
116 112 4.33510971488613
89 113 4.33510971488613
91 113 4.33510971488613
92 113 2.8535051739619144
93 113 3.6419625343261846
96 113 3.418818983011975
105 113 2.3891995658308165
109 113 2.948815353766239
110 113 4.33510971488613
111 113 4.33510971488613
113 113 2.948815353766239
137 113 4.33510971488613
81 114 3.3542804618744038
82 114 3.6419625343261846
84 114 4.33510971488613
85 114 4.33510971488613
87 114 3.2364974262180204
88 114 3.6419625343261846
94 114 4.33510971488613
95 114 3.2364974262180204
99 114 4.33510971488613
100 114 2.543350245658075
101 114 4.33510971488613
81 115 3.3542804618744038
82 115 3.6419625343261846
84 115 4.33510971488613
85 115 4.33510971488613
87 115 3.2364974262180204
88 115 3.6419625343261846
94 115 4.33510971488613
95 115 3.2364974262180204
99 115 4.33510971488613
101 115 4.33510971488613
114 115 4.33510971488613
81 116 3.6419625343261846
82 116 3.6419625343261846
84 116 4.33510971488613
85 116 4.33510971488613
88 116 3.6419625343261846
94 116 4.33510971488613
99 116 4.33510971488613
101 116 4.33510971488613
114 116 4.33510971488613
115 116 4.33510971488613
96 117 1.1162338900179294
109 117 3.418818983011975
110 117 2.0325246218920845
111 117 2.948815353766239
113 117 3.2852875903874525
117 117 3.4435115956023465
118 117 3.6419625343261846
119 117 3.9784347709473975
120 117 3.8242840911201395
121 117 3.8242840911201395
132 117 3.904326798793676
133 117 4.11196616357192
158 117 3.6419625343261846
166 117 0.08661447283677108
109 118 2.948815353766239
117 118 3.6419625343261846
119 118 4.33510971488613
120 118 4.33510971488613
121 118 3.2364974262180204
132 118 4.33510971488613
133 118 4.33510971488613
158 118 4.047427642434349
109 119 4.047427642434349
113 119 4.33510971488613
117 119 3.131136910560194
121 119 3.2364974262180204
132 119 3.6419625343261846
133 119 4.33510971488613
158 119 4.33510971488613
109 120 3.6419625343261846
117 120 3.418818983011975
119 120 4.33510971488613
121 120 3.2364974262180204
132 120 4.33510971488613
133 120 4.33510971488613
158 120 4.33510971488613
109 121 3.45964097753223
110 121 3.2364974262180204
111 121 3.2364974262180204
113 121 3.2364974262180204
117 121 3.331807606022345
118 121 3.929644606777966
119 121 3.929644606777966
120 121 3.929644606777966
121 121 3.2364974262180204
132 121 4.152788158092175
133 121 3.929644606777966
158 121 3.929644606777966
122 122 2.6405139941117226
123 122 3.082346746390762
124 122 2.9000251895968074
129 122 3.082346746390762
184 122 3.045979102219887
185 122 3.7754939269507073
186 122 3.283017441852913
187 122 2.4692422735043533
192 122 2.794664673938981
193 122 1.6960523852708713
196 122 2.794664673938981
198 122 2.543350245658075
200 122 3.082346746390762
122 123 3.082346746390762
123 123 2.948815353766239
124 123 2.543350245658075
184 123 2.3891995658308165
185 123 4.33510971488613
186 123 3.2364974262180204
187 123 3.1029660335934977
198 123 3.45964097753223
122 124 2.9000251895968074
123 124 2.543350245658075
124 124 2.1378851375499104
184 124 3.305490297704972
185 124 3.2364974262180204
186 124 3.3418579418758467
187 124 1.8502030650981298
192 124 3.2364974262180204
196 124 3.2364974262180204
198 124 2.543350245658075
122 125 3.7754939269507073
123 125 4.33510971488613
124 125 3.2364974262180204
125 125 3.2364974262180204
127 125 3.2364974262180204
128 125 3.2364974262180204
129 125 4.33510971488613
184 125 2.206878009036862
185 125 3.929644606777966
186 125 3.118714390561637
187 125 0.7515907764300199
53 126 2.4633075379845386
122 126 3.4878118544989265
124 126 3.929644606777966
126 126 3.45964097753223
130 126 4.33510971488613
131 126 3.2364974262180204
184 126 2.206878009036862
186 126 1.0392728488818008
192 126 3.2364974262180204
196 126 3.3542804618744038
122 127 3.7754939269507073
123 127 4.33510971488613
124 127 3.2364974262180204
125 127 3.929644606777966
128 127 4.33510971488613
129 127 4.33510971488613
184 127 1.6960523852708713
186 127 3.2364974262180204
122 128 3.7754939269507073
123 128 4.33510971488613
124 128 3.2364974262180204
125 128 3.929644606777966
129 128 4.33510971488613
184 128 1.6960523852708713
185 128 4.33510971488613
186 128 3.2364974262180204
122 129 3.082346746390762
123 129 4.33510971488613
124 129 3.2364974262180204
184 129 2.3891995658308165
185 129 4.33510971488613
186 129 3.2364974262180204
187 129 2.543350245658075
198 129 3.2364974262180204
53 130 2.4633075379845386
122 130 3.4878118544989265
124 130 3.929644606777966
184 130 2.794664673938981
186 130 2.831032318109856
192 130 3.6419625343261846
196 130 3.6419625343261846
53 131 2.4633075379845386
122 131 3.4878118544989265
124 131 3.929644606777966
126 131 3.929644606777966
130 131 4.33510971488613
184 131 1.6960523852708713
192 131 3.6419625343261846
196 131 2.948815353766239
96 132 2.0325246218920845
109 132 4.201578322261607
110 132 3.6419625343261846
111 132 3.6419625343261846
113 132 3.6419625343261846
117 132 2.948815353766239
119 132 3.6419625343261846
121 132 2.543350245658075
132 132 2.948815353766239
133 132 3.6419625343261846
158 132 4.33510971488613
109 133 4.047427642434349
111 133 4.33510971488613
113 133 4.33510971488613
117 133 2.7256718024520294
121 133 3.2364974262180204
132 133 3.6419625343261846
158 133 4.33510971488613
7 134 3.2364974262180204
134 134 2.1378851375499104
135 134 2.6768816382825977
144 134 2.948815353766239
217 134 2.1378851375499104
218 134 3.929644606777966
220 134 2.0733466164123393
221 134 1.2905872771627072
222 134 3.929644606777966
225 134 2.948815353766239
226 134 3.524179498669801
234 134 2.1378851375499104
235 134 2.543350245658075
236 134 3.2364974262180204
237 134 2.1378851375499104
239 134 2.948815353766239
248 134 2.543350245658075
249 134 2.543350245658075
258 134 1.4447379569899652
6 135 3.4878118544989265
134 135 2.6768816382825977
135 135 2.6405139941117226
144 135 3.4008004775092964
147 135 2.2838390501729906
207 135 3.7754939269507073
217 135 1.9837344577226523
218 135 3.4878118544989265
220 135 2.014506116389406
221 135 1.1364365973354487
222 135 3.4878118544989265
226 135 3.2364974262180204
234 135 1.6960523852708713
235 135 1.6960523852708713
236 135 2.3891995658308165
239 135 2.1015174933790357
248 135 2.3891995658308165
249 135 3.082346746390762
258 135 2.206878009036862
262 135 2.3891995658308165
80 136 4.172590785388355
81 136 3.5774240131886135
82 136 3.6419625343261846
83 136 4.33510971488613
108 136 2.948815353766239
112 136 3.6419625343261846
136 136 3.3542804618744038
156 136 2.2556681732062938
157 136 3.796113214153443
89 137 3.6419625343261846
91 137 4.33510971488613
92 137 3.035826730755869
93 137 4.33510971488613
96 137 3.418818983011975
98 137 2.7256718024520294
105 137 3.7754939269507073
106 137 3.6419625343261846
80 138 1.2593347336586027
81 138 0.9434817842401253
83 138 1.7701603574245932
136 138 3.0229233259199613
138 138 2.9894006338813175
139 138 3.2742377542008674
140 138 2.948815353766239
141 138 2.8687726460927028
145 138 3.2742377542008674
146 138 2.8687726460927028
148 138 3.310605398371742
151 138 1.0770131768646478
152 138 3.2742377542008674
153 138 2.4633075379845386
154 138 3.1564547185444836
155 138 3.2742377542008674
156 138 3.1564547185444836
157 138 2.4633075379845386
138 139 3.1564547185444836
140 139 3.6419625343261846
148 139 3.929644606777966
153 139 3.6419625343261846
155 139 4.33510971488613
156 139 2.948815353766239
136 140 2.948815353766239
138 140 3.091916197406913
139 140 2.948815353766239
140 140 2.6611332813144584
141 140 2.948815353766239
145 140 3.6419625343261846
146 140 2.948815353766239
148 140 2.543350245658075
151 140 2.948815353766239
152 140 2.948815353766239
153 140 3.6419625343261846
154 140 3.3542804618744038
155 140 2.948815353766239
156 140 3.3542804618744038
138 141 3.2742377542008674
139 141 4.33510971488613
140 141 2.948815353766239
146 141 4.33510971488613
148 141 3.2364974262180204
152 141 4.33510971488613
154 141 3.6419625343261846
138 142 2.8687726460927028
140 142 2.948815353766239
141 142 4.33510971488613
143 142 3.824284091120139
151 142 4.33510971488613
153 142 3.6419625343261846
157 142 3.2364974262180204
181 142 2.543350245658075
138 143 2.5586177177888634
140 143 2.4379897300002487
141 143 3.8242840911201395
143 143 2.50252825113782
146 143 3.8242840911201395
151 143 3.8242840911201395
153 143 3.131136910560194
154 143 2.7256718024520294
157 143 2.7256718024520294
159 143 2.7828302162919782
161 143 2.7256718024520294
178 143 2.7256718024520294
179 143 2.0325246218920845
194 143 3.418818983011975
6 144 3.6419625343261846
134 144 2.543350245658075
135 144 1.6960523852708713
144 144 2.6611332813144584
147 144 2.0325246218920845
207 144 3.6419625343261846
217 144 2.7664937969722847
218 144 2.948815353766239
219 144 2.948815353766239
220 144 2.1221367805817715
221 144 1.0029052047109261
222 144 2.948815353766239
225 144 2.6611332813144584
226 144 3.796113214153443
234 144 1.8502030650981298
235 144 2.4788117245205035
236 144 3.6419625343261846
237 144 1.8502030650981298
239 144 2.2556681732062938
249 144 2.6611332813144584
258 144 1.8502030650981298
81 145 2.948815353766239
83 145 4.33510971488613
136 145 4.33510971488613
138 145 1.7701603574245932
154 145 3.6419625343261846
156 145 4.047427642434349
157 145 3.929644606777966
138 146 3.2742377542008674
139 146 4.33510971488613
140 146 2.948815353766239
148 146 3.929644606777966
152 146 4.33510971488613
154 146 3.6419625343261846
6 147 3.131136910560194
134 147 2.0325246218920845
135 147 3.131136910560194
144 147 2.948815353766239
147 147 3.163926733383185
207 147 3.131136910560194
217 147 1.62705951378392
220 147 -0.0469169197877516
225 147 2.0325246218920845
226 147 2.543350245658075
234 147 0.2407651526640294
235 147 1.339377441332139
236 147 2.7256718024520294
248 147 3.131136910560194
249 147 3.2852875903874525
258 147 2.8057145101255663
262 147 3.6011405398059297
138 148 3.197276713064739
139 148 3.2364974262180204
140 148 3.6419625343261846
145 148 3.2364974262180204
148 148 3.2364974262180204
153 148 3.2364974262180204
154 148 2.543350245658075
155 148 3.929644606777966
156 148 3.2364974262180204
138 149 2.8687726460927028
140 149 2.948815353766239
142 149 4.33510971488613
143 149 3.824284091120139
151 149 4.33510971488613
153 149 3.6419625343261846
157 149 3.2364974262180204
181 149 2.543350245658075
138 150 2.6864510892987483
140 150 2.948815353766239
142 150 4.33510971488613
143 150 3.824284091120139
149 150 4.33510971488613
151 150 4.33510971488613
153 150 3.6419625343261846
157 150 3.2364974262180204
181 150 2.543350245658075
138 151 3.3795982698586937
141 151 4.33510971488613
146 151 4.33510971488613
148 151 3.2364974262180204
152 151 4.33510971488613
154 151 3.6419625343261846
138 152 3.2742377542008674
139 152 4.33510971488613
140 152 2.948815353766239
148 152 3.929644606777966
155 152 4.33510971488613
156 152 2.948815353766239
136 153 3.3542804618744038
138 153 3.2170793403609186
141 153 3.6419625343261846
145 153 3.6419625343261846
146 153 3.6419625343261846
151 153 3.6419625343261846
152 153 3.6419625343261846
154 153 3.6419625343261846
156 153 3.3542804618744038
80 154 3.131136910560194
81 154 2.2556681732062938
83 154 3.6419625343261846
136 154 3.6419625343261846
138 154 2.6864510892987483
139 154 3.6419625343261846
140 154 2.2556681732062938
148 154 3.2364974262180204
152 154 3.6419625343261846
156 154 3.3542804618744038
157 154 3.2364974262180204
138 155 3.2742377542008674
140 155 3.6419625343261846
145 155 4.33510971488613
148 155 3.2364974262180204
153 155 3.6419625343261846
156 155 2.948815353766239
80 156 3.536602018668358
81 156 3.066598389422623
82 156 2.2556681732062938
83 156 4.047427642434349
112 156 2.2556681732062938
136 156 3.8651060856403943
138 156 1.993303908738803
140 156 2.2556681732062938
145 156 2.948815353766239
148 156 1.8502030650981298
153 156 2.2556681732062938
154 156 2.2556681732062938
155 156 2.948815353766239
156 156 2.948815353766239
157 156 3.6419625343261846
80 157 3.929644606777966
81 157 3.2364974262180204
82 157 3.2364974262180204
83 157 3.929644606777966
88 157 2.543350245658075
108 157 3.2364974262180204
112 157 3.929644606777966
136 157 1.8502030650981298
138 157 2.175625465532758
140 157 1.8502030650981298
141 157 3.2364974262180204
146 157 3.2364974262180204
151 157 3.2364974262180204
153 157 2.543350245658075
154 157 2.543350245658075
157 157 2.1378851375499104
89 158 4.047427642434349
91 158 2.948815353766239
92 158 0.5509200809678688
93 158 2.948815353766239
96 158 3.418818983011975
109 158 4.1274703501078855
110 158 4.33510971488613
111 158 4.33510971488613
113 158 4.33510971488613
137 158 4.047427642434349
158 158 3.3542804618744038
117 159 1.6842179276238687
118 159 1.5018963708299138
121 159 1.0964312627217496
159 159 3.2012825199269535
160 159 3.4478065198852272
161 159 3.4759773968519236
165 159 2.888190731949804
166 159 0.6545985104427103
167 159 3.6991209481661333
170 159 3.5813379125097495
171 159 3.293655840057969
179 159 3.4237089683061668
180 159 3.4478065198852272
191 159 2.888190731949804
194 159 2.195043551389859
198 159 1.789578443281695
117 160 2.0325246218920845
159 160 2.600508659498024
161 160 2.7256718024520294
165 160 4.33510971488613
166 160 2.3891995658308165
171 160 4.33510971488613
179 160 3.929644606777966
180 160 4.33510971488613
191 160 4.33510971488613
117 161 2.214846178686039
121 161 2.3202066943438653
159 161 3.1505549964172954
160 161 3.8242840911201395
161 161 2.9079933592459843
165 161 3.418818983011975
166 161 0.7797616533967164
167 161 3.8242840911201395
170 161 3.6419625343261846
171 161 3.418818983011975
179 161 3.331807606022345
180 161 2.7256718024520294
191 161 3.418818983011975
198 161 2.0325246218920845
143 162 2.0325246218920845
150 162 1.8502030650981298
159 162 1.7250399221441237
161 162 0.9339123332239747
162 162 2.543350245658075
163 162 2.948815353766239
164 162 3.1494860492283907
166 162 2.6123431171450266
168 162 2.543350245658075
169 162 2.948815353766239
172 162 2.948815353766239
173 162 1.8502030650981298
175 162 1.8502030650981298
176 162 2.543350245658075
177 162 2.948815353766239
178 162 2.948815353766239
179 162 0.05844359587007458
181 162 2.3610286888641205
182 162 2.948815353766239
194 162 2.948815353766239
201 162 2.7664937969722847
202 162 1.8502030650981298
203 162 3.054175869424066
138 163 -1.6310370242375622
140 163 0.2407651526640292
142 163 3.0133538749038102
143 163 2.582570958811356
149 163 3.2364974262180204
150 163 3.2364974262180204
153 163 0.9339123332239745
157 163 1.2215944056757555
159 163 0.5856056389557587
161 163 0.01762160134981963
162 163 2.3202066943438653
163 163 2.747650709170805
164 163 2.3202066943438653
166 163 2.7721918180869225
169 163 3.131136910560194
172 163 3.2364974262180204
173 163 3.418818983011975
175 163 3.418818983011975
176 163 3.2364974262180204
177 163 3.2364974262180204
178 163 2.7256718024520294
181 163 3.0133538749038102
182 163 3.418818983011975
194 163 1.6270595137839199
201 163 0.9339123332239745
203 163 3.0133538749038102
143 164 2.3202066943438653
159 164 2.0127219945959047
162 164 2.6975009254853335
163 164 3.0133538749038102
164 164 2.831032318109856
166 164 2.389199565830817
168 164 2.831032318109856
169 164 2.543350245658075
172 164 3.6419625343261846
176 164 3.2364974262180204
177 164 3.2364974262180204
178 164 3.2364974262180204
181 164 1.4447379569899652
182 164 3.2364974262180204
194 164 3.2364974262180204
201 164 2.543350245658075
203 164 2.1378851375499104
117 165 4.047427642434349
118 165 4.33510971488613
119 165 4.33510971488613
120 165 4.33510971488613
121 165 3.929644606777966
132 165 3.6419625343261846
165 165 2.948815353766239
166 165 2.3891995658308165
117 166 2.166056014516607
118 166 2.3891995658308165
119 166 2.3891995658308165
120 166 2.3891995658308165
121 166 1.9837344577226523
132 166 1.6960523852708713
133 166 2.3891995658308165
138 166 0.9228624970373898
140 166 1.6960523852708713
142 166 3.082346746390762
143 166 2.859203195076552
149 166 3.082346746390762
150 166 3.082346746390762
151 166 3.082346746390762
153 166 2.3891995658308165
157 166 1.9837344577226523
159 166 1.6354277634544365
161 166 0.7797616533967164
162 166 1.2905872771627072
163 166 2.514362708784823
164 166 1.2905872771627072
166 166 2.052727329209604
169 166 2.794664673938981
172 166 2.3891995658308165
173 166 3.082346746390762
175 166 3.082346746390762
176 166 2.3891995658308165
177 166 2.3891995658308165
178 166 2.3891995658308165
179 166 0.5974400966027618
181 166 2.543350245658075
182 166 2.3891995658308165
194 166 2.3891995658308165
203 166 2.6768816382825977
159 167 3.4478065198852272
160 167 4.33510971488613
161 167 2.7256718024520294
170 167 4.33510971488613
179 167 3.2364974262180204
180 167 4.33510971488613
198 167 2.543350245658075
162 168 3.2364974262180204
163 168 3.093396582577347
164 168 3.524179498669801
166 168 2.389199565830817
168 168 3.2364974262180204
172 168 3.2364974262180204
181 168 2.1378851375499104
201 168 3.6419625343261846
203 168 3.2364974262180204
142 169 3.6419625343261846
143 169 2.7256718024520294
149 169 3.6419625343261846
150 169 3.6419625343261846
159 169 2.888190731949804
161 169 2.7256718024520294
163 169 2.032524621892084
166 169 2.3891995658308165
173 169 3.6419625343261846
175 169 3.6419625343261846
178 169 3.6419625343261846
179 169 1.8502030650981298
181 169 2.948815353766239
194 169 3.6419625343261846
203 169 3.2364974262180204
159 170 2.888190731949804
160 170 4.33510971488613
161 170 3.418818983011975
165 170 2.948815353766239
170 170 2.948815353766239
171 170 4.33510971488613
179 170 3.929644606777966
180 170 4.33510971488613
191 170 4.33510971488613
117 171 3.6419625343261846
118 171 4.33510971488613
121 171 3.929644606777966
159 171 1.5018963708299138
165 171 4.33510971488613
166 171 2.3891995658308165
179 171 3.2364974262180204
191 171 4.33510971488613
143 172 3.131136910560194
159 172 2.754659339325282
161 172 2.0325246218920845
162 172 2.543350245658075
163 172 2.032524621892084
164 172 2.543350245658075
166 172 2.3891995658308165
169 172 3.6419625343261846
172 172 2.948815353766239
176 172 3.6419625343261846
177 172 3.6419625343261846
178 172 3.6419625343261846
181 172 1.8502030650981298
182 172 3.6419625343261846
194 172 3.6419625343261846
138 173 1.0770131768646478
140 173 2.948815353766239
142 173 4.33510971488613
143 173 3.824284091120139
149 173 4.33510971488613
150 173 4.33510971488613
151 173 4.33510971488613
153 173 3.6419625343261846
157 173 3.2364974262180204
166 173 3.082346746390762
181 173 3.2364974262180204
0 174 2.342679550195924
3 174 3.2364974262180204
4 174 3.6419625343261846
8 174 2.4788117245205035
11 174 2.948815353766239
174 174 2.948815353766239
206 174 2.083817916279635
210 174 2.543350245658075
211 174 2.214846178686039
214 174 2.0325246218920845
215 174 3.929644606777966
260 174 3.6419625343261846
138 175 1.0770131768646478
140 175 2.948815353766239
142 175 4.33510971488613
143 175 3.824284091120139
149 175 4.33510971488613
150 175 4.33510971488613
157 175 3.2364974262180204
163 175 1.6270595137839199
166 175 3.082346746390762
173 175 4.33510971488613
181 175 3.2364974262180204
143 176 3.418818983011975
159 176 2.888190731949804
162 176 2.543350245658075
163 176 1.6270595137839199
164 176 3.2364974262180204
166 176 2.3891995658308165
169 176 3.6419625343261846
172 176 3.6419625343261846
178 176 4.33510971488613
194 176 4.33510971488613
143 177 3.418818983011975
159 177 2.600508659498024
162 177 2.543350245658075
163 177 1.6270595137839199
164 177 3.2364974262180204
166 177 2.3891995658308165
169 177 3.6419625343261846
172 177 3.6419625343261846
176 177 4.33510971488613
178 177 4.33510971488613
194 177 4.33510971488613
143 178 2.7256718024520294
159 178 3.6991209481661333
161 178 3.418818983011975
179 178 3.2364974262180204
194 178 4.33510971488613
117 179 3.2364974262180204
118 179 3.2364974262180204
120 179 3.2364974262180204
121 179 2.831032318109856
132 179 1.8502030650981298
159 179 2.543350245658075
160 179 2.543350245658075
161 179 2.879822482279288
165 179 3.929644606777966
166 179 1.9837344577226523
167 179 3.2364974262180204
170 179 3.2364974262180204
171 179 3.2364974262180204
179 179 2.831032318109856
180 179 3.2364974262180204
191 179 3.929644606777966
198 179 1.4447379569899652
117 180 3.6419625343261846
121 180 3.2364974262180204
159 180 1.5018963708299138
161 180 2.7256718024520294
165 180 4.33510971488613
166 180 2.3891995658308165
171 180 4.33510971488613
179 180 3.2364974262180204
191 180 4.33510971488613
138 181 1.4824782849728124
140 181 2.2556681732062938
141 181 2.543350245658075
142 181 3.2364974262180204
143 181 3.331807606022345
146 181 2.543350245658075
149 181 3.2364974262180204
150 181 3.2364974262180204
151 181 3.2364974262180204
153 181 2.543350245658075
157 181 2.543350245658075
162 181 1.6678815083041751
163 181 2.543350245658075
164 181 1.4447379569899652
166 181 2.6768816382825977
169 181 2.948815353766239
172 181 1.8502030650981298
173 181 3.2364974262180204
175 181 3.6419625343261846
176 181 2.543350245658075
177 181 2.543350245658075
178 181 2.543350245658075
181 181 2.543350245658075
182 181 2.543350245658075
203 181 2.831032318109856
143 182 3.418818983011975
159 182 2.195043551389859
162 182 2.948815353766239
163 182 1.6270595137839199
164 182 3.2364974262180204
166 182 2.3891995658308165
169 182 3.6419625343261846
172 182 3.6419625343261846
176 182 4.33510971488613
177 182 4.33510971488613
178 182 4.33510971488613
162 183 2.543350245658075
163 183 2.3202066943438653
181 183 2.543350245658075
186 183 2.831032318109856
189 183 3.2364974262180204
190 183 4.33510971488613
192 183 3.6419625343261846
195 183 3.2364974262180204
196 183 2.948815353766239
199 183 4.33510971488613
201 183 3.6419625343261846
202 183 4.33510971488613
162 184 0.8205836479169716
163 184 0.08661447283677087
183 184 3.7754939269507073
184 184 3.100046323490163
185 184 1.6960523852708713
186 184 2.794664673938981
187 184 1.9191959365850813
189 184 1.9837344577226523
190 184 3.082346746390762
192 184 3.082346746390762
193 184 3.6419625343261846
195 184 3.593172370156753
196 184 2.8747073816125175
197 184 3.7754939269507073
198 184 2.1015174933790357
199 184 3.3054902977049716
200 184 2.3891995658308165
201 184 2.3891995658308165
202 184 2.794664673938981
184 185 1.6960523852708713
187 185 4.047427642434349
198 185 3.929644606777966
200 185 4.33510971488613
162 186 1.0392728488818008
163 186 1.2215944056757555
166 186 1.2905872771627072
181 186 1.7324200294417462
183 186 2.1378851375499104
184 186 2.9645637107343785
185 186 3.2364974262180204
186 186 2.338555833012062
187 186 2.6975009254853335
189 186 1.7324200294417462
190 186 2.831032318109856
192 186 1.4447379569899652
193 186 3.524179498669801
195 186 3.2364974262180204
196 186 2.543350245658075
197 186 2.831032318109856
198 186 2.744020941120226
199 186 2.831032318109856
200 186 3.2364974262180204
201 186 2.1378851375499104
202 186 2.831032318109856
162 187 2.6611332813144584
163 187 0.2407651526640292
164 187 2.543350245658075
168 187 3.584804120486236
187 187 3.5084311417016623
188 187 4.047427642434349
189 187 3.6419625343261846
198 187 3.1494860492283907
200 187 3.2364974262180204
201 187 1.1570558845381844
203 187 0.7515907764300199
162 188 3.554951157336555
163 188 1.6270595137839199
164 188 3.6419625343261846
166 188 1.6960523852708713
168 188 4.33510971488613
187 188 1.1570558845381844
188 188 2.948815353766239
189 188 3.2364974262180204
201 188 3.6419625343261846
203 188 2.543350245658075
162 189 3.3906481060452784
163 189 2.4743573741711233
164 189 3.2364974262180204
166 189 1.9837344577226523
168 189 3.929644606777966
181 189 2.1378851375499104
187 189 0.7515907764300199
188 189 3.2364974262180204
189 189 2.1378851375499104
190 189 3.2364974262180204
201 189 3.6419625343261846
202 189 3.2364974262180204
203 189 2.831032318109856
162 190 2.948815353766239
163 190 3.2364974262180204
166 190 3.082346746390762
169 190 3.6419625343261846
181 190 3.2364974262180204
202 190 4.33510971488613
203 190 3.2364974262180204
117 191 3.9784347709473975
118 191 4.33510971488613
120 191 4.33510971488613
121 191 3.929644606777966
132 191 3.6419625343261846
165 191 4.33510971488613
166 191 2.3891995658308165
162 192 1.8502030650981298
163 192 1.6270595137839199
181 192 2.543350245658075
184 192 2.9488153537662396
186 192 3.2364974262180204
189 192 2.543350245658075
190 192 3.6419625343261846
193 192 3.6419625343261846
195 192 3.2364974262180204
196 192 2.948815353766239
199 192 3.6419625343261846
201 192 2.948815353766239
202 192 3.6419625343261846
183 193 4.33510971488613
184 193 3.305490297704972
186 193 2.831032318109856
192 193 3.6419625343261846
193 193 2.948815353766239
195 193 4.33510971488613
196 193 3.3542804618744038
197 193 4.33510971488613
159 194 3.5813379125097495
161 194 3.824284091120139
167 194 4.33510971488613
179 194 3.2364974262180204
198 194 2.543350245658075
162 195 1.4447379569899652
163 195 1.2215944056757555
166 195 1.2905872771627072
181 195 2.1378851375499104
183 195 3.929644606777966
184 195 2.6768816382825977
186 195 2.831032318109856
189 195 3.2364974262180204
190 195 3.2364974262180204
192 195 3.2364974262180204
195 195 3.2364974262180204
196 195 3.45964097753223
197 195 3.929644606777966
199 195 4.33510971488613
201 195 3.2364974262180204
202 195 3.2364974262180204
162 196 1.5625209926463486
163 196 1.3393774413321389
166 196 1.6960523852708713
181 196 1.8502030650981298
183 196 2.948815353766239
184 196 3.142971368207197
186 196 3.0541758694240655
189 196 2.543350245658075
190 196 3.6419625343261846
192 196 2.948815353766239
193 196 3.6419625343261846
195 196 2.948815353766239
196 196 2.6611332813144584
197 196 2.948815353766239
199 196 3.6419625343261846
201 196 2.948815353766239
202 196 2.948815353766239
162 197 2.543350245658075
163 197 1.6270595137839199
183 197 4.33510971488613
184 197 1.6960523852708713
186 197 2.831032318109856
189 197 3.2364974262180204
190 197 4.33510971488613
192 197 3.6419625343261846
195 197 3.2364974262180204
196 197 2.948815353766239
199 197 4.33510971488613
201 197 3.6419625343261846
202 197 4.33510971488613
159 198 1.5018963708299138
160 198 2.543350245658075
161 198 1.62705951378392
162 198 1.8502030650981298
163 198 -0.16469995544413504
164 198 1.4447379569899652
168 198 2.831032318109856
170 198 2.543350245658075
171 198 2.543350245658075
179 198 1.4447379569899652
180 198 2.543350245658075
187 198 3.6419625343261846
188 198 3.796113214153443
189 198 3.3906481060452784
198 198 3.054175869424066
200 198 3.6419625343261846
162 199 2.948815353766239
163 199 3.0133538749038102
166 199 3.082346746390762
181 199 3.2364974262180204
189 199 3.2364974262180204
190 199 4.33510971488613
201 199 3.6419625343261846
202 199 4.33510971488613
168 200 3.2364974262180204
187 200 3.929644606777966
188 200 4.33510971488613
189 200 3.929644606777966
198 200 3.2364974262180204
162 201 2.7664937969722847
163 201 3.2364974262180204
164 201 2.543350245658075
166 201 2.794664673938981
169 201 2.948815353766239
172 201 2.948815353766239
176 201 3.6419625343261846
177 201 3.6419625343261846
181 201 2.948815353766239
182 201 3.6419625343261846
190 201 3.6419625343261846
202 201 3.6419625343261846
203 201 2.543350245658075
162 202 2.543350245658075
163 202 3.418818983011975
166 202 3.082346746390762
169 202 3.6419625343261846
181 202 3.2364974262180204
203 202 3.929644606777966
142 203 3.929644606777966
143 203 3.0133538749038107
149 203 3.929644606777966
150 203 3.929644606777966
162 203 1.4447379569899652
163 203 2.831032318109856
164 203 2.831032318109856
166 203 2.9000251895968074
172 203 2.543350245658075
173 203 3.929644606777966
175 203 3.929644606777966
176 203 3.2364974262180204
177 203 3.2364974262180204
181 203 3.3906481060452784
182 203 3.2364974262180204
203 203 2.1378851375499104
5 204 2.3891995658308165
8 204 0.17622663152645804
43 204 1.7701603574245932
49 204 1.5625209926463486
204 204 3.3542804618744038
205 204 1.4824782849728124
208 204 3.8651060856403943
213 204 4.33510971488613
242 204 1.1570558845381844
243 204 2.3891995658308165
246 204 3.6419625343261846
247 204 2.4098188530335523
0 205 1.2440672615278139
1 205 2.0214747857054993
2 205 1.993303908738803
3 205 1.3646952493164288
5 205 2.2221454811676504
8 205 0.6070095476189123
9 205 2.280985981190584
11 205 2.175625465532758
12 205 2.329776145360016
13 205 1.0770131768646478
43 205 0.12150173183721144
49 205 -1.4078934729233523
204 205 1.993303908738803
205 205 2.2377572466397635
208 205 2.329776145360016
209 205 2.175625465532758
210 205 1.5878388006306388
213 205 2.4633075379845386
214 205 -0.5324247355694525
242 205 -1.0024283648151882
243 205 0.5173973889292254
246 205 1.7701603574245932
247 205 -0.0215991118034617
250 205 1.6717202846113408
252 205 2.0578424298763744
253 205 2.175625465532758
255 205 2.8687726460927028
257 205 1.7701603574245932
259 205 0.789331104412867
261 205 1.7701603574245932
263 205 2.2221454811676504
0 206 1.9372144420877595
1 206 1.2365200558924312
2 206 2.083817916279635
3 206 2.083817916279635
4 206 1.3906707357196897
5 206 1.747345679658422
8 206 2.468229615189967
9 206 1.1029886632679087
10 206 1.3906707357196897
11 206 3.0001086481537897
13 206 2.6434337042150573
174 206 3.4055737562619544
205 206 0.07848434675352059
206 206 2.54057631877535
209 206 0.4098414827079634
210 206 2.237968596106893
211 206 2.1791280960839594
212 206 1.3906707357196897
214 206 1.7271429723409024
215 206 1.9014963594856804
260 206 2.083817916279635
6 207 4.33510971488613
134 207 3.2364974262180204
144 207 2.948815353766239
147 207 2.7256718024520294
217 207 3.2364974262180204
220 207 1.5625209926463486
226 207 3.929644606777966
235 207 2.948815353766239
236 207 4.33510971488613
249 207 2.948815353766239
258 207 2.543350245658075
5 208 2.3891995658308165
43 208 2.175625465532758
49 208 1.8502030650981298
50 208 2.948815353766239
204 208 3.3542804618744038
205 208 0.38386599630470253
208 208 2.948815353766239
213 208 3.6419625343261846
242 208 1.3112065643654427
243 208 2.3891995658308165
246 208 4.047427642434349
247 208 2.543350245658075
0 209 1.7295750773095149
1 209 1.4083703128190905
3 209 1.8502030650981298
9 209 0.8693738120864033
12 209 3.171958905080449
49 209 1.0235244919136617
205 209 1.4399186705540163
209 209 2.994624889797534
210 209 2.543350245658075
214 209 2.948815353766239
241 209 3.759745569982568
242 209 0.896772786274518
244 209 3.066598389422623
247 209 0.6870522552924488
252 209 2.7664937969722847
257 209 3.3542804618744038
0 210 2.6303616226477047
1 210 1.9837344577226523
3 210 2.831032318109856
4 210 3.2364974262180204
8 210 1.1570558845381844
9 210 1.4447379569899652
12 210 3.2364974262180204
174 210 2.543350245658075
205 210 2.0578424298763744
206 210 1.3906707357196897
209 210 2.4098188530335523
210 210 2.1378851375499104
211 210 0.7107687819097649
214 210 1.62705951378392
215 210 2.831032318109856
257 210 3.929644606777966
260 210 3.2364974262180204
0 211 1.8093810705778746
1 211 2.166056014516607
2 211 1.1162338900179292
3 211 1.8093810705778746
4 211 2.5025282511378197
5 211 1.8093810705778748
8 211 1.9812313275045337
9 211 0.9339123332239745
10 211 2.5025282511378197
13 211 2.214846178686039
43 211 -1.4487154674436076
174 211 1.1162338900179292
204 211 3.0972353588845127
205 211 1.6423269859147083
206 211 1.6981554354676502
208 211 2.9079933592459843
209 211 -0.27006047110196146
210 211 0.7107687819097649
211 211 2.451234956750269
212 211 2.214846178686039
213 211 2.7256718024520294
214 211 1.7040205549200482
215 211 1.6270595137839199
243 211 -0.1365290784774388
260 211 1.8093810705778746
0 212 2.6303616226477047
3 212 3.2364974262180204
10 212 4.33510971488613
205 212 1.0770131768646478
211 212 3.3134584673541485
214 212 2.7256718024520294
5 213 2.3891995658308165
43 213 2.4633075379845386
49 213 1.8502030650981298
50 213 3.6419625343261846
208 213 3.6419625343261846
242 213 1.4447379569899652
243 213 2.3891995658308165
246 213 3.6419625343261846
247 213 2.948815353766239
0 214 1.9372144420877595
3 214 2.3202066943438653
4 214 2.7256718024520294
8 214 1.051695368880358
10 214 2.7256718024520294
49 214 0.9339123332239747
174 214 2.0325246218920845
204 214 1.339377441332139
205 214 0.5661875530986573
206 214 1.1675271844054798
211 214 2.451234956750269
212 214 2.7256718024520294
214 214 1.8093810705778748
215 214 2.3202066943438653
241 214 3.418818983011975
242 214 1.3934446626024148
244 214 2.7256718024520294
247 214 0.9339123332239747
252 214 2.3202066943438653
260 214 2.7256718024520294
0 215 2.2248965145395405
3 215 2.1378851375499104
4 215 3.929644606777966
8 215 2.7664937969722847
10 215 3.2364974262180204
206 215 2.4892830243877992
211 215 2.5025282511378197
212 215 3.2364974262180204
214 215 2.3202066943438653
215 215 2.1378851375499104
260 215 3.929644606777966
216 216 2.948815353766239
217 216 3.929644606777966
221 216 1.6960523852708713
223 216 3.6419625343261846
228 216 3.929644606777966
231 216 3.2364974262180204
232 216 4.33510971488613
235 216 2.2556681732062938
239 216 2.948815353766239
217 217 2.6975009254853335
219 217 3.2364974262180204
220 217 0.4639087039782391
221 217 2.6768816382825977
223 217 3.2364974262180204
225 217 2.948815353766239
227 217 3.2364974262180204
228 217 2.543350245658075
229 217 1.8502030650981298
231 217 3.2364974262180204
232 217 3.2364974262180204
233 217 2.948815353766239
234 217 1.4447379569899652
235 217 2.4098188530335523
236 217 3.2364974262180204
237 217 2.1378851375499104
239 217 3.1029660335934977
220 218 2.948815353766239
221 218 2.3891995658308165
222 218 4.33510971488613
226 218 3.2364974262180204
234 218 3.929644606777966
235 218 2.948815353766239
216 219 4.33510971488613
217 219 3.2364974262180204
220 219 1.5625209926463486
221 219 1.290587277162707
225 219 2.948815353766239
228 219 3.2364974262180204
231 219 3.2364974262180204
232 219 4.33510971488613
235 219 3.3542804618744038
239 219 2.948815353766239
53 220 1.9420106143512526
55 220 1.5625209926463486
57 220 2.815283961141717
58 220 2.4788117245205035
59 220 1.9679861007545132
216 220 1.5625209926463486
217 220 1.5625209926463486
218 220 1.5625209926463486
219 220 1.5625209926463486
220 220 2.681752568517194
221 220 2.4098188530335523
222 220 1.5625209926463486
223 220 2.4788117245205035
225 220 1.5625209926463486
226 220 1.1570558845381844
228 220 2.2556681732062938
229 220 2.6611332813144584
230 220 2.948815353766239
231 220 2.0733466164123393
232 220 1.5625209926463486
233 220 2.6611332813144584
234 220 2.6611332813144584
235 220 2.0480288084280494
236 220 1.5625209926463486
237 220 0.4639087039782391
238 220 3.171958905080449
239 220 1.274838920194568
240 220 3.171958905080449
52 221 1.9837344577226523
53 221 2.0929337496876443
54 221 2.9000251895968074
55 221 2.2714165301744336
56 221 3.2364974262180204
57 221 2.900025189596807
58 221 1.6960523852708713
59 221 2.6768816382825977
60 221 2.3891995658308165
61 221 2.900025189596807
125 221 0.19197498849459743
216 221 1.290587277162707
217 221 0.5974400966027616
218 221 1.290587277162707
220 221 2.2068780090368616
221 221 2.3731992244843756
222 221 1.290587277162707
223 221 1.0029052047109261
224 221 3.2364974262180204
225 221 -0.09570708395718366
226 221 0.19197498849459743
227 221 2.900025189596807
228 221 1.8014129009286977
229 221 3.082346746390762
230 221 2.3891995658308165
231 221 1.290587277162707
232 221 1.290587277162707
233 221 2.6768816382825977
234 221 2.206878009036862
235 221 1.290587277162707
237 221 2.831032318109856
238 221 3.082346746390762
239 221 0.5974400966027616
240 221 2.900025189596807
220 222 2.948815353766239
221 222 2.3891995658308165
226 222 3.2364974262180204
228 222 3.2364974262180204
234 222 3.929644606777966
235 222 2.948815353766239
220 223 2.4788117245205035
221 223 3.123168740911017
223 223 2.2556681732062938
227 223 3.6419625343261846
229 223 3.3542804618744038
230 223 2.948815353766239
231 223 2.948815353766239
233 223 3.6419625343261846
235 223 0.8693738120864033
237 223 2.948815353766239
238 223 2.948815353766239
239 223 2.2556681732062938
240 223 2.948815353766239
52 224 4.33510971488613
53 224 2.4633075379845386
54 224 4.33510971488613
55 224 3.2364974262180204
56 224 4.33510971488613
59 224 3.6419625343261846
60 224 4.33510971488613
61 224 4.33510971488613
221 224 1.9837344577226523
216 225 4.33510971488613
217 225 2.948815353766239
219 225 4.047427642434349
220 225 1.274838920194568
221 225 1.290587277162707
223 225 2.2556681732062938
225 225 3.3542804618744038
228 225 2.948815353766239
231 225 3.2364974262180204
232 225 2.948815353766239
234 225 1.8502030650981298
235 225 2.948815353766239
237 225 2.948815353766239
239 225 3.3542804618744038
217 226 2.831032318109856
219 226 3.929644606777966
220 226 2.2556681732062938
221 226 1.5782693496144882
225 226 3.6419625343261846
226 226 2.1378851375499104
228 226 2.1378851375499104
234 226 3.3906481060452784
235 226 3.2364974262180204
236 226 3.929644606777966
237 226 2.831032318109856
239 226 2.543350245658075
53 227 2.175625465532758
54 227 3.929644606777966
56 227 4.33510971488613
59 227 2.948815353766239
61 227 4.33510971488613
221 227 2.6768816382825977
224 227 4.33510971488613
227 227 2.948815353766239
229 227 3.6419625343261846
237 227 3.929644606777966
217 228 3.054175869424066
220 228 2.2556681732062938
221 228 2.756924345956134
223 228 3.6419625343261846
227 228 3.2364974262180204
228 228 2.1378851375499104
230 228 3.2364974262180204
231 228 3.2364974262180204
232 228 3.2364974262180204
233 228 3.2364974262180204
234 228 1.4447379569899652
235 228 1.1570558845381844
239 228 2.543350245658075
53 229 2.6864510892987483
54 229 3.6419625343261846
55 229 2.543350245658075
56 229 3.6419625343261846
57 229 3.6419625343261846
59 229 3.6419625343261846
60 229 3.6419625343261846
61 229 3.6419625343261846
220 229 1.9679861007545132
221 229 1.9837344577226523
224 229 3.6419625343261846
237 229 3.2364974262180204
238 229 3.6419625343261846
240 229 3.6419625343261846
220 230 3.171958905080449
221 230 2.900025189596807
223 230 2.948815353766239
229 230 3.6419625343261846
231 230 3.2364974262180204
233 230 3.6419625343261846
240 230 4.33510971488613
216 231 3.2364974262180204
217 231 2.831032318109856
220 231 2.0733466164123393
221 231 2.756924345956134
223 231 2.543350245658075
224 231 3.2364974262180204
225 231 1.8502030650981298
227 231 3.2364974262180204
228 231 2.831032318109856
229 231 3.2364974262180204
232 231 3.2364974262180204
233 231 3.2364974262180204
235 231 1.8502030650981298
237 231 2.831032318109856
239 231 2.543350245658075
240 231 3.2364974262180204
217 232 3.2364974262180204
221 232 2.900025189596807
223 232 3.6419625343261846
227 232 4.047427642434349
228 232 3.2364974262180204
231 232 3.2364974262180204
232 232 2.948815353766239
233 232 3.6419625343261846
239 232 2.948815353766239
53 233 1.7701603574245932
54 233 3.2364974262180204
55 233 2.543350245658075
56 233 3.6419625343261846
57 233 3.6419625343261846
59 233 2.948815353766239
220 233 1.9679861007545132
221 233 2.6768816382825977
224 233 3.6419625343261846
227 233 3.6419625343261846
229 233 3.6419625343261846
237 233 3.2364974262180204
238 233 3.6419625343261846
240 233 3.6419625343261846
216 234 2.543350245658075
217 234 0.7515907764300199
219 234 2.543350245658075
220 234 3.066598389422623
221 234 2.0637771653961887
223 234 3.3542804618744038
225 234 1.8502030650981298
228 234 2.831032318109856
230 234 3.929644606777966
231 234 3.054175869424066
234 234 3.054175869424066
235 234 2.6611332813144584
237 234 1.4447379569899652
239 234 1.8502030650981298
216 235 3.171958905080449
217 235 2.6611332813144584
219 235 2.948815353766239
220 235 2.316292795022729
221 235 2.0443590795390874
223 235 2.815283961141717
225 235 3.171958905080449
228 235 3.2364974262180204
230 235 2.948815353766239
231 235 3.1029660335934977
232 235 3.3542804618744038
233 235 1.5625209926463486
234 235 2.7664937969722847
235 235 2.5741219043248287
237 235 1.8502030650981298
239 235 2.6611332813144584
219 236 4.33510971488613
220 236 1.5625209926463486
221 236 1.290587277162707
225 236 4.047427642434349
231 236 3.2364974262180204
234 236 2.543350245658075
235 236 3.6419625343261846
237 236 3.2364974262180204
239 236 3.6419625343261846
52 237 2.543350245658075
53 237 2.0578424298763744
54 237 3.929644606777966
55 237 2.831032318109856
56 237 3.929644606777966
59 237 3.2364974262180204
60 237 3.929644606777966
61 237 3.929644606777966
216 237 3.2364974262180204
217 237 2.1378851375499104
219 237 3.2364974262180204
220 237 0.4639087039782391
221 237 1.8014129009286977
224 237 3.929644606777966
225 237 1.8502030650981298
228 237 2.1378851375499104
231 237 2.1378851375499104
232 237 2.543350245658075
235 237 2.2556681732062938
237 237 2.1378851375499104
239 237 1.8502030650981298
53 238 3.561919826652648
55 238 3.2364974262180204
57 238 4.33510971488613
58 238 4.33510971488613
59 238 3.6419625343261846
220 238 1.5625209926463486
221 238 1.290587277162707
216 239 3.6419625343261846
217 239 2.948815353766239
218 239 2.948815353766239
219 239 2.948815353766239
220 239 1.7856645439605583
221 239 2.469242273504353
222 239 2.948815353766239
223 239 2.2556681732062938
224 239 2.948815353766239
225 239 2.2556681732062938
226 239 1.8502030650981298
227 239 2.948815353766239
228 239 2.948815353766239
229 239 2.2556681732062938
231 239 1.8502030650981298
232 239 2.948815353766239
233 239 2.2556681732062938
234 239 1.8502030650981298
235 239 2.815283961141717
237 239 2.948815353766239
239 239 1.5625209926463486
53 240 3.1564547185444836
55 240 3.2364974262180204
57 240 4.33510971488613
59 240 3.6419625343261846
220 240 2.6611332813144584
221 240 1.9837344577226523
238 240 4.33510971488613
49 241 2.0733466164123393
242 241 2.4788117245205035
244 241 3.8651060856403943
247 241 2.0733466164123393
0 242 0.4637235359377136
1 242 -0.18290362898733872
3 242 -0.2518965004742903
5 242 -0.4060471803015485
7 242 1.7630065200679743
8 242 -0.4217955372696878
9 242 0.37671215894808385
10 242 1.2521808963019838
36 242 2.293634771130145
37 242 2.23301014931371
39 242 1.3575414119598102
40 242 1.406331576129242
43 242 1.6490622607187566
48 242 2.0994787566891873
49 242 1.945328076861929
50 242 1.945328076861929
51 242 0.8467157881938193
134 242 1.452851591764135
135 242 0.7726078160400977
144 242 -0.1341134648179069
147 242 0.9420259679981442
205 242 -0.3319392081478266
206 242 -1.692258082864457
211 242 0.02573523612398921
212 242 1.2521808963019838
214 242 0.3358901644278287
215 242 1.1343978606456004
218 242 0.15356860763387398
220 242 -1.925872934045962
221 242 -2.8909538300895488
222 242 0.15356860763387398
239 242 -0.5395785729260714
241 242 0.15356860763387398
242 242 1.8091476760658296
243 242 2.0143209483488804
244 242 1.5398629687537646
245 242 2.0631111125183126
246 242 0.8467157881938193
247 242 1.8117966842374067
248 242 1.2521808963019838
249 242 0.3767121589480837
256 242 1.7630065200679743
258 242 1.452851591764135
261 242 1.5398629687537646
262 242 0.6235722368796096
0 243 0.6844514735923914
8 243 0.30975802415098075
36 243 2.3891995658308165
37 243 2.794664673938981
40 243 2.3891995658308165
43 243 0.9228624970373898
48 243 2.3891995658308165
49 243 2.4692422735043533
50 243 1.6960523852708713
206 243 0.13790776722432155
211 243 0.962083210190671
212 243 2.3891995658308165
214 243 1.4729088339566616
215 243 1.9837344577226523
242 243 1.7760950929444081
243 243 1.829583777895394
244 243 1.6960523852708713
245 243 2.255668173206294
246 243 2.3891995658308165
247 243 2.1015174933790357
48 244 3.091916197406913
49 244 2.6864510892987483
242 244 2.280985981190584
243 244 2.5323004094714903
247 244 2.3987690168469675
0 245 0.5509200809678688
1 245 0.30975802415098075
5 245 0.30975802415098075
7 245 2.948815353766239
8 245 0.17622663152645804
9 245 0.8693738120864033
36 245 2.2556681732062938
37 245 1.5625209926463486
39 245 1.8502030650981298
43 245 1.4824782849728124
49 245 1.1570558845381844
50 245 1.5625209926463486
51 245 2.2556681732062938
134 245 2.543350245658075
135 245 2.255668173206294
144 245 1.5625209926463486
147 245 2.0325246218920845
205 245 0.09618392385292175
206 245 -0.6887708059601463
211 245 0.4230867094579839
212 245 2.2556681732062938
214 245 0.6462302607721937
215 245 1.1570558845381844
218 245 2.2556681732062938
220 245 0.17622663152645804
221 245 -0.09570708395718366
239 245 1.5625209926463486
242 245 1.1978778790584397
243 245 1.0029052047109261
244 245 1.5625209926463486
245 245 0.8693738120864033
247 245 1.716671672473607
248 245 2.2556681732062938
249 245 1.9679861007545132
256 245 2.2556681732062938
258 245 2.4098188530335523
261 245 2.2556681732062938
262 245 1.339377441332139
37 246 2.948815353766239
43 246 2.6864510892987483
48 246 2.948815353766239
49 246 2.2556681732062938
50 246 2.948815353766239
242 246 2.004353744925388
243 246 1.6960523852708713
246 246 2.948815353766239
247 246 2.2556681732062938
7 247 2.5888126197348322
37 247 1.2025182586149417
39 247 1.4902003310667227
40 247 1.895665439174887
43 247 2.1033048039531317
48 247 2.5888126197348322
49 247 1.7133438823809324
50 247 2.5888126197348322
134 247 2.183347511626668
135 247 1.895665439174887
144 247 1.2025182586149417
147 247 1.9909756189792118
220 247 -0.8769232830648943
242 247 1.8385070253349385
243 247 1.3360496512394644
245 247 1.607983366723106
246 247 2.3011305472830514
247 247 1.4902003310667227
248 247 1.895665439174887
249 247 1.2025182586149417
258 247 2.3011305472830514
262 247 1.6725218878606773
6 248 3.6419625343261846
7 248 3.6419625343261846
134 248 3.2364974262180204
135 248 3.305490297704972
144 248 3.6419625343261846
147 248 2.0325246218920845
207 248 3.6419625343261846
218 248 3.6419625343261846
220 248 1.5625209926463486
221 248 0.5974400966027616
222 248 3.6419625343261846
226 248 3.2364974262180204
234 248 1.8502030650981298
239 248 2.2556681732062938
249 248 2.948815353766239
258 248 2.543350245658075
262 248 2.0325246218920845
6 249 3.6419625343261846
134 249 2.543350245658075
135 249 2.794664673938981
144 249 3.3542804618744038
147 249 2.4379897300002487
207 249 2.948815353766239
217 249 1.8502030650981298
218 249 2.948815353766239
220 249 1.7856645439605583
221 249 1.290587277162707
222 249 2.948815353766239
225 249 2.6611332813144584
226 249 2.948815353766239
234 249 1.8502030650981298
235 249 2.2556681732062938
236 249 2.948815353766239
239 249 1.5625209926463486
248 249 2.948815353766239
249 249 2.2556681732062938
258 249 1.8502030650981298
262 249 2.7256718024520294
39 250 2.6611332813144584
43 250 1.8879433930809766
49 250 0.8693738120864033
51 250 2.948815353766239
242 250 0.37689732698860934
245 250 1.0925173634006131
247 250 0.17622663152645804
250 250 3.1466410970961594
251 250 2.948815353766239
252 250 2.543350245658075
253 250 3.171958905080449
254 250 3.5084311417016623
255 250 2.6611332813144584
259 250 3.171958905080449
263 250 3.082346746390762
250 251 3.7025871561426196
251 251 2.948815353766239
253 251 3.6419625343261846
254 251 4.33510971488613
259 251 2.948815353766239
263 251 3.082346746390762
49 252 0.7740636322820785
241 252 3.258970282070079
242 252 1.2848892560480691
244 252 2.5658231015101336
247 252 0.7740636322820785
250 252 2.971288209618298
251 252 3.9521174626300244
252 252 2.160357993401969
254 252 2.5658231015101336
259 252 3.664435390178243
263 252 3.1048196022428205
39 253 3.2364974262180204
43 253 2.175625465532758
49 253 1.1570558845381844
51 253 3.6419625343261846
242 253 0.7515907764300199
245 253 1.5625209926463486
247 253 1.1570558845381844
250 253 2.6611332813144584
251 253 3.6419625343261846
252 253 3.2364974262180204
259 253 3.3542804618744038
263 253 3.082346746390762
39 254 3.6419625343261846
43 254 2.4633075379845386
49 254 1.8502030650981298
51 254 3.6419625343261846
242 254 0.7515907764300199
245 254 1.5625209926463486
247 254 1.1570558845381844
250 254 2.948815353766239
253 254 3.6419625343261846
254 254 2.948815353766239
263 254 2.794664673938981
250 255 2.948815353766239
251 255 3.6419625343261846
252 255 3.929644606777966
253 255 3.6419625343261846
259 255 4.047427642434349
263 255 3.7754939269507073
0 256 1.9372144420877595
1 256 3.082346746390762
5 256 2.3891995658308165
8 256 1.5625209926463486
9 256 2.543350245658075
11 256 3.6419625343261846
205 256 2.8687726460927028
261 256 4.33510971488613
0 257 2.6303616226477047
1 257 2.3891995658308165
3 257 3.2364974262180204
9 257 1.8502030650981298
12 257 3.6419625343261846
205 257 2.4633075379845386
209 257 3.171958905080449
6 258 2.543350245658075
7 258 2.543350245658075
134 258 2.1378851375499104
135 258 2.995335369401132
144 258 2.7664937969722847
147 258 3.376259368593179
207 258 2.543350245658075
217 258 1.4447379569899652
218 258 2.543350245658075
220 258 0.4639087039782391
221 258 -0.5011721920653479
222 258 2.543350245658075
225 258 1.1570558845381844
226 258 2.543350245658075
234 258 0.7515907764300199
235 258 1.5625209926463486
236 258 2.543350245658075
239 258 1.1570558845381844
248 258 2.543350245658075
249 258 3.1029660335934977
258 258 2.6975009254853335
262 258 3.4988616906855112
43 259 1.0770131768646478
242 259 -0.6347035846898708
250 259 3.472063497530787
251 259 4.047427642434349
252 259 1.8502030650981298
253 259 2.948815353766239
254 259 4.201578322261607
259 259 3.3542804618744038
263 259 2.9488153537662396
0 260 1.9372144420877595
2 260 3.6419625343261846
5 260 2.3891995658308165
8 260 2.6611332813144584
9 260 1.8502030650981298
13 260 3.6419625343261846
206 260 2.4892830243877992
211 260 2.5025282511378197
1 261 2.3891995658308165
2 261 3.6419625343261846
5 261 2.3891995658308165
8 261 1.5625209926463486
9 261 2.948815353766239
11 261 3.6419625343261846
205 261 3.0229233259199613
6 262 3.418818983011975
134 262 2.3202066943438653
135 262 3.264668303184717
144 262 3.418818983011975
147 262 3.313458467354149
207 262 3.8242840911201395
220 262 -0.0469169197877516
226 262 2.3202066943438653
248 262 3.131136910560194
249 262 3.536602018668358
258 262 2.7256718024520294
262 262 3.313458467354149
39 263 2.3891995658308165
43 263 1.4336881208033803
49 263 0.5974400966027618
51 263 3.082346746390762
242 263 -0.2780286407511382
245 263 1.0029052047109261
247 263 -0.09570708395718354
250 263 3.22752875623526
251 263 3.7754939269507073
252 263 2.9000251895968074
253 263 2.794664673938981
254 263 2.794664673938981
255 263 2.3891995658308165
259 263 3.7754939269507073
263 263 2.928196066563504
