31 0 0.09810534477665435
33 0 4.922411060681417
1 1 3.823798772013307
13 1 4.516945952573252
1 2 2.2143608595792066
2 2 2.940297862962143
3 2 2.7251864833451975
31 2 -1.5113325676574458
3 3 3.823798772013307
11 3 4.229263880121471
14 3 4.922411060681417
6 4 4.922411060681417
15 4 4.229263880121471
31 5 0.09810534477665435
39 5 2.0320393027852517
6 6 3.536116699561526
15 6 4.922411060681417
25 6 4.229263880121471
41 7 2.725186483345197
52 7 4.922411060681417
55 7 4.922411060681417
7 8 4.922411060681417
52 8 4.922411060681417
55 8 4.922411060681417
7 9 4.922411060681417
8 9 4.922411060681417
55 9 4.922411060681417
0 10 4.922411060681417
12 10 4.922411060681417
33 10 4.922411060681417
11 11 3.536116699561526
21 11 4.922411060681417
30 11 4.229263880121471
0 12 4.922411060681417
31 12 -0.595041835783291
33 12 4.922411060681417
13 13 3.823798772013307
22 13 4.740089503887462
32 13 3.823798772013307
11 14 4.922411060681417
21 14 4.229263880121471
15 15 3.536116699561526
24 15 4.922411060681417
25 15 4.922411060681417
34 15 4.229263880121471
7 16 4.922411060681417
8 16 4.922411060681417
9 16 4.922411060681417
8 17 4.229263880121471
9 17 4.922411060681417
16 17 4.922411060681417
17 17 3.536116699561526
18 18 3.9415818076696905
19 18 3.7184382563554808
18 19 3.0252910757955354
19 19 3.495294705041271
28 19 3.0252910757955354
29 19 2.2143608595792066
0 20 4.922411060681417
10 20 4.922411060681417
12 20 4.922411060681417
21 21 3.536116699561526
30 21 4.922411060681417
38 21 4.634728988229636
22 22 3.536116699561526
32 22 4.922411060681417
40 22 4.922411060681417
51 22 3.536116699561526
5 23 4.922411060681417
31 23 -0.595041835783291
39 23 2.0320393027852517
34 24 4.922411060681417
44 24 4.922411060681417
45 24 4.922411060681417
24 25 4.922411060681417
34 25 4.922411060681417
45 25 4.922411060681417
16 26 4.229263880121471
17 26 4.922411060681417
26 26 3.536116699561526
10 27 4.922411060681417
12 27 4.229263880121471
20 27 4.922411060681417
27 27 3.536116699561526
18 28 3.248434627109745
19 28 3.0252910757955354
28 28 3.248434627109745
29 28 2.4375044108934163
28 29 3.1306515914533617
29 29 3.236012107111188
31 29 -1.0005069438914553
38 30 4.922411060681417
50 30 4.922411060681417
1 31 -0.595041835783291
2 31 -0.6640347072702424
3 31 -1.6936541244514005
29 31 -1.0005069438914553
31 31 0.44570307056427005
39 31 -0.595041835783291
40 32 4.922411060681417
51 32 4.922411060681417
31 33 0.5035704528848186
44 34 4.922411060681417
45 34 4.922411060681417
54 34 4.922411060681417
17 35 4.229263880121471
26 35 4.922411060681417
27 36 4.922411060681417
37 36 4.922411060681417
20 37 4.922411060681417
27 37 4.922411060681417
38 38 3.536116699561526
49 38 4.922411060681417
50 38 4.922411060681417
58 38 4.229263880121471
31 39 -0.5950418357832912
39 39 2.5428649265512426
41 39 1.6265741946770875
51 40 4.922411060681417
59 40 4.922411060681417
31 41 -1.6936541244514007
39 41 0.5279619060089779
41 41 3.300550628248759
42 41 3.4183336639051425
4 42 4.516945952573252
6 42 3.1306515914533617
42 42 3.823798772013307
46 42 4.922411060681417
5 43 4.922411060681417
23 43 4.922411060681417
39 43 2.0320393027852517
54 44 4.922411060681417
60 44 4.922411060681417
61 44 4.922411060681417
44 45 4.922411060681417
54 45 4.922411060681417
61 45 4.922411060681417
4 46 4.922411060681417
6 46 4.922411060681417
26 47 4.922411060681417
35 47 4.922411060681417
27 48 4.229263880121471
36 48 4.922411060681417
37 48 4.922411060681417
57 49 3.823798772013307
58 49 4.922411060681417
49 50 4.922411060681417
57 50 3.1306515914533617
58 50 4.922411060681417
51 51 3.536116699561526
59 51 4.922411060681417
68 51 3.7184382563554808
39 52 2.0320393027852517
41 52 3.4183336639051425
5 53 4.922411060681417
23 53 4.922411060681417
43 53 4.922411060681417
60 54 4.922411060681417
61 54 4.922411060681417
65 54 4.922411060681417
41 55 3.4183336639051425
52 55 4.922411060681417
26 56 4.229263880121471
35 56 4.922411060681417
47 56 4.922411060681417
36 57 3.823798772013307
37 57 3.1306515914533617
48 57 4.229263880121471
57 57 3.823798772013307
57 58 4.229263880121471
68 59 4.411585436915426
65 60 4.922411060681417
69 60 4.922411060681417
70 60 3.823798772013307
60 61 4.922411060681417
65 61 4.922411060681417
69 61 4.922411060681417
23 62 4.922411060681417
43 62 4.922411060681417
53 62 4.922411060681417
35 63 4.922411060681417
47 63 4.922411060681417
56 63 4.922411060681417
62 64 4.229263880121471
64 64 3.536116699561526
66 64 4.922411060681417
69 65 4.922411060681417
70 65 4.516945952573252
43 66 4.229263880121471
53 66 4.922411060681417
62 66 4.922411060681417
66 66 3.536116699561526
47 67 4.922411060681417
56 67 4.922411060681417
63 67 4.922411060681417
64 68 4.229263880121471
66 68 2.6198259676873707
68 68 3.900759813149435
70 69 4.922411060681417
70 70 3.823798772013307
71 70 4.740089503887462
72 70 3.823798772013307
71 71 3.536116699561526
72 71 4.922411060681417
73 71 4.634728988229636
67 72 4.922411060681417
73 72 4.922411060681417
56 73 4.229263880121471
63 73 4.922411060681417
67 73 4.922411060681417
73 73 3.536116699561526
