0 0 0.32636317533392334
3 0 -2.4717773583462077
6 0 0.418594399549957
8 0 -0.10465374421459095
9 0 -2.4476798067671472
13 0 0.418594399549957
14 0 0.013129291441792581
17 0 0.013129291441792581
18 0 -2.289455801552253
19 0 -3.5703896470143177
0 1 0.4185943995499568
0 2 0.4185943995499568
0 3 0.013129291441792581
1 3 2.9531726591351948
0 4 0.013129291441792581
2 4 3.3586377672433594
0 5 -0.2745527810099885
2 5 3.0709556947915786
7 5 3.3586377672433594
8 5 1.16141318990714
9 5 -0.3549342994609484
1 6 0.7559480817989755
3 6 0.7559480817989755
8 6 2.4299245153706472
9 6 1.4731928139379815
14 6 2.5477075510270306
18 6 0.9382696385929302
19 6 -0.3426642068691341
8 7 2.5477075510270306
9 7 1.7245072422188874
0 8 -2.8772424664543723
1 8 0.7559480817989755
3 8 0.7559480817989755
9 8 2.0121893146706684
0 9 -2.7841520433883598
1 9 1.5421856854249332
2 9 -0.3549342994609484
3 9 1.9476507935330973
4 9 1.7245072422188874
9 9 1.4609227213461673
10 9 0.3382128810989969
11 9 1.7245072422188874
15 9 2.1299723503270522
18 9 1.213681618452897
19 9 -0.7603994075691126
9 10 2.129972350327052
9 11 1.7245072422188874
10 11 4.051784947803305
9 12 1.0313600616589422
10 12 3.3586377672433594
16 12 4.051784947803305
18 12 2.4423470353692043
19 12 1.16141318990714
17 13 4.74493212836325
19 13 2.5477075510270306
18 14 3.1354942159291497
19 14 2.5477075510270306
0 15 -2.289455801552253
2 15 1.7491998548092589
4 15 3.1354942159291497
9 15 -0.578077850775158
10 15 2.4423470353692043
11 15 3.1354942159291497
18 15 2.624668592163159
19 15 2.03688192726104
18 16 3.1354942159291497
19 16 2.5477075510270306
19 17 2.9531726591351948
19 18 2.9531726591351948
0 19 -2.4717773583462077
2 19 2.26002547857525
5 19 2.9531726591351948
7 19 2.5477075510270306
8 19 -0.3426642068691341
9 19 -1.8590116962372223
10 19 1.8545603704670852
12 19 2.9531726591351948
16 19 2.5477075510270306
18 19 0.2451224580329849
19 19 1.8545603704670852
