0 0 0.23270768801989658
2 0 -2.401840051089387
5 0 -0.09925495809534127
7 0 0.3062101500128232
9 0 -0.32239850940955106
10 0 -1.9710571349969326
11 0 0.3062101500128232
0 1 0.3062101500128232
0 2 0.3062101500128232
0 3 -0.09925495809534127
1 3 3.3586377672433594
0 4 -1.197867246763451
1 4 2.9531726591351948
3 4 2.9531726591351948
8 4 2.9531726591351948
9 4 1.3437347467010947
10 4 0.38822330167365826
0 5 -0.09925495809534127
2 5 3.1354942159291497
0 6 -0.09925495809534127
2 6 3.1354942159291497
9 7 2.4423470353692043
10 7 2.179982770901713
0 8 -1.4855493192152318
1 8 2.665490586683414
3 8 3.3586377672433594
4 8 2.26002547857525
9 8 1.7491998548092589
10 8 0.7936884097818225
4 9 1.3437347467010947
8 9 1.7491998548092589
10 9 2.4423470353692043
0 10 -3.357351496116823
1 10 1.4868355903417678
3 10 1.4868355903417678
4 10 2.3341334507289715
8 10 1.8923006984499324
9 10 -0.12260232209233239
10 10 1.4067928826682317
12 10 2.5854478790098776
13 10 2.179982770901713
14 10 0.38822330167365826
0 11 -0.7924021386552865
2 11 3.1354942159291497
5 11 4.74493212836325
13 12 3.3586377672433594
14 12 2.9531726591351948
14 13 3.3586377672433594
0 14 -1.8910144273233962
2 14 2.730029107820985
6 14 3.3586377672433594
14 14 2.26002547857525
