2 0 5.393627546352362
3 0 5.393627546352362
0 1 5.393627546352362
1 1 4.007333185232471
3 1 5.10594547390058
6 2 5.393627546352362
2 3 5.393627546352362
3 3 4.007333185232471
6 3 4.700480365792417
21 4 5.393627546352362
112 4 5.393627546352362
5 5 4.412798293340635
63 5 4.412798293340635
65 5 5.10594547390058
5 6 4.700480365792417
6 6 4.295015257684252
7 7 4.37197629882038
17 7 4.189654742026425
18 7 4.882801922586371
7 8 4.882801922586371
10 9 5.393627546352362
85 9 4.700480365792417
87 9 5.393627546352362
85 10 4.700480365792417
87 10 5.393627546352362
93 10 1.8382794848629478
12 11 5.393627546352362
13 11 5.393627546352362
16 11 5.393627546352362
13 12 5.393627546352362
14 12 5.393627546352362
15 12 5.393627546352362
14 13 5.393627546352362
15 13 5.393627546352362
110 13 5.393627546352362
15 14 5.393627546352362
110 14 5.393627546352362
111 14 4.700480365792417
110 15 5.393627546352362
111 15 5.393627546352362
12 16 5.393627546352362
13 16 5.393627546352362
14 16 5.393627546352362
17 17 4.007333185232471
26 17 5.10594547390058
27 17 5.393627546352362
17 18 5.393627546352362
27 18 5.393627546352362
9 19 5.393627546352362
10 19 5.393627546352362
87 19 5.393627546352362
9 20 5.393627546352362
10 20 5.393627546352362
19 20 5.393627546352362
21 21 4.007333185232471
23 21 4.412798293340635
25 21 5.393627546352362
22 22 4.007333185232471
45 22 5.10594547390058
50 22 5.393627546352362
22 23 4.412798293340635
23 23 4.230476736546681
24 23 5.10594547390058
25 23 4.007333185232471
22 24 5.393627546352362
50 24 5.393627546352362
23 25 5.10594547390058
26 26 4.007333185232471
29 26 5.393627546352362
35 26 4.700480365792417
26 27 5.393627546352362
29 27 4.700480365792417
9 28 4.700480365792417
19 28 5.393627546352362
20 28 5.393627546352362
28 28 4.007333185232471
29 29 4.007333185232471
33 29 4.700480365792417
35 29 5.393627546352362
36 29 5.393627546352362
28 30 5.393627546352362
31 30 5.393627546352362
20 31 5.393627546352362
28 31 5.393627546352362
30 32 5.393627546352362
37 32 5.393627546352362
38 32 5.393627546352362
32 33 5.393627546352362
34 33 5.393627546352362
37 33 5.393627546352362
32 34 5.393627546352362
37 34 5.393627546352362
38 34 5.393627546352362
33 35 5.393627546352362
34 35 5.393627546352362
36 35 5.393627546352362
32 36 5.393627546352362
33 36 5.393627546352362
34 36 5.393627546352362
30 37 5.393627546352362
31 37 5.393627546352362
38 37 5.393627546352362
28 38 4.700480365792417
30 38 5.393627546352362
31 38 5.393627546352362
39 39 4.007333185232471
41 39 4.700480365792417
52 39 5.10594547390058
39 40 5.393627546352362
41 40 4.700480365792417
39 41 4.700480365792417
41 41 4.007333185232471
51 41 4.700480365792417
52 41 4.700480365792417
40 42 5.393627546352362
41 42 4.700480365792417
43 42 5.393627546352362
39 43 4.700480365792417
40 43 5.393627546352362
41 43 4.700480365792417
40 44 5.393627546352362
42 44 5.393627546352362
43 44 5.393627546352362
45 45 4.007333185232471
46 45 5.393627546352362
91 45 5.393627546352362
92 45 -1.1517221139820584
91 46 5.393627546352362
92 46 0.23457224713783234
4 47 5.393627546352362
21 47 4.700480365792417
112 47 5.393627546352362
4 48 4.477336814478206
47 48 4.882801922586371
48 48 4.37197629882038
112 48 3.784189633918261
48 49 4.700480365792417
49 49 4.007333185232471
45 50 5.393627546352362
46 50 5.393627546352362
53 51 5.393627546352362
76 51 5.393627546352362
77 51 5.393627546352362
51 52 5.393627546352362
52 52 4.007333185232471
53 52 5.393627546352362
76 52 4.700480365792417
76 53 5.393627546352362
77 53 5.393627546352362
82 53 4.700480365792417
54 54 4.209857449343945
55 54 3.958543021063039
58 54 2.3491051086289385
54 55 3.447717397297048
55 55 3.196402969016142
58 55 3.8895501495760874
78 55 3.6018680771243066
44 56 5.393627546352362
57 56 5.393627546352362
42 57 5.393627546352362
43 57 4.700480365792417
44 57 5.393627546352362
57 57 4.007333185232471
54 58 3.447717397297048
55 58 3.8895501495760874
58 58 3.196402969016142
78 58 3.196402969016142
84 58 3.6018680771243066
55 59 4.295015257684252
58 59 4.988162438244197
56 60 5.393627546352362
57 60 5.393627546352362
7 61 4.189654742026425
8 61 5.393627546352362
61 61 4.007333185232471
0 62 3.0910424533583156
1 62 4.007333185232471
62 62 3.966511190712216
63 63 4.007333185232471
64 63 4.700480365792417
92 63 -0.053109825313948526
62 64 3.4965075614664802
92 64 -0.053109825313948526
63 65 5.393627546352362
64 65 4.700480365792417
66 66 4.295015257684252
69 66 4.988162438244197
90 67 4.295015257684252
92 67 -0.458574933422113
94 67 1.3505762785178113
67 68 5.393627546352362
90 68 4.295015257684252
94 68 1.3505762785178113
69 69 4.295015257684252
71 69 5.393627546352362
73 69 4.988162438244197
74 69 4.295015257684252
67 70 5.393627546352362
68 70 5.393627546352362
94 70 1.3505762785178113
73 71 5.393627546352362
74 71 5.393627546352362
75 71 3.447717397297048
67 72 4.700480365792417
68 72 5.393627546352362
70 72 5.393627546352362
72 72 4.007333185232471
74 73 5.393627546352362
75 73 4.140864577856994
75 74 4.546329685965158
70 75 3.447717397297048
72 75 4.364008129171203
75 75 4.209857449343945
77 76 5.393627546352362
82 76 5.393627546352362
82 77 5.393627546352362
90 77 4.295015257684252
58 78 3.6018680771243066
59 78 4.700480365792417
78 78 3.7560187569515646
84 78 3.6018680771243066
92 78 -1.1517221139820584
78 79 3.784189633918261
79 79 4.37197629882038
80 80 4.412798293340635
81 80 4.412798293340635
81 81 4.412798293340635
83 81 4.700480365792417
82 82 4.007333185232471
90 82 4.988162438244197
92 82 -1.1517221139820584
56 83 4.988162438244197
57 83 3.6018680771243066
60 83 5.393627546352362
83 83 4.295015257684252
79 84 4.189654742026425
92 84 -0.053109825313948526
92 85 0.23457224713783234
93 85 1.8382794848629478
80 86 4.412798293340635
86 86 4.412798293340635
85 87 4.700480365792417
92 87 -0.458574933422113
93 87 1.8382794848629478
88 88 4.295015257684252
98 88 3.196402969016142
99 88 5.211305989558407
8 89 3.0910424533583156
61 89 4.007333185232471
89 89 3.966511190712216
90 90 3.196402969016142
92 90 0.5222543195896133
92 91 0.6400373552459968
64 92 -1.1459584092653081
79 92 -0.9636368524713533
84 92 -0.04734612059719831
86 92 -1.8391055898252535
88 92 0.24033595185458245
92 92 0.5290950303340014
93 92 -0.42464035173866643
94 92 -0.41832505263419345
89 93 1.2718840099421465
92 93 -0.2628303562960177
93 93 2.304899016124443
94 93 -2.260341634126413
48 94 -0.258861633916289
49 94 2.2668670103919664
62 94 0.14660347419187544
64 94 1.3505762785178113
86 94 1.573719829832021
90 94 0.25196398984970164
92 94 -0.9462781397672494
93 94 -1.1061594943034925
94 94 1.9803538451451674
95 94 2.3314055315295374
96 94 0.657429097957866
66 95 3.196402969016142
92 95 -1.5571872220902225
93 95 0.7396671961948382
94 95 0.25196398984970164
95 95 3.196402969016142
96 95 4.988162438244197
66 96 5.211305989558407
96 96 4.007333185232471
85 97 4.700480365792417
92 97 -0.458574933422113
93 97 1.8382794848629478
98 98 4.295015257684252
102 98 4.988162438244197
98 99 5.211305989558407
99 99 4.007333185232471
85 100 4.700480365792417
93 100 1.8382794848629478
97 100 5.393627546352362
85 101 4.700480365792417
97 101 5.393627546352362
100 101 5.393627546352362
102 102 4.295015257684252
103 102 5.393627546352362
105 102 4.700480365792417
105 103 5.393627546352362
109 103 5.393627546352362
97 104 4.700480365792417
100 104 5.393627546352362
101 104 5.393627546352362
104 104 4.007333185232471
11 105 4.700480365792417
105 105 4.007333185232471
108 105 5.393627546352362
109 105 5.393627546352362
101 106 5.393627546352362
104 106 5.393627546352362
104 107 5.393627546352362
106 107 5.393627546352362
11 108 5.393627546352362
12 108 5.393627546352362
16 108 5.393627546352362
11 109 5.393627546352362
16 109 5.393627546352362
108 109 5.393627546352362
107 110 5.393627546352362
111 110 5.393627546352362
104 111 4.007333185232471
106 111 5.393627546352362
107 111 5.393627546352362
111 111 4.007333185232471
21 112 5.393627546352362
23 112 4.007333185232471
