0 0 4.782618778040171
4 0 6.168913139160062
40 0 4.782618778040171
1 1 4.579677934043481
2 1 4.733828613870739
8 1 1.4504142678649676
2 2 4.5313043497592655
8 2 3.214002860126326
9 2 3.971688561823843
11 2 4.782618778040171
30 2 -2.333369439520421
3 3 4.782618778040171
9 3 4.377153669932007
12 3 6.168913139160062
40 4 5.475765958600117
3 5 6.168913139160062
5 5 4.782618778040171
12 5 4.782618778040171
7 6 6.168913139160062
81 6 6.168913139160062
85 6 6.168913139160062
79 7 6.168913139160062
81 7 6.168913139160062
85 7 6.168913139160062
8 8 3.7592299106096494
9 8 3.6840064893720617
10 8 3.396324416920281
11 8 3.8017895250284455
29 8 -0.42608642981817796
30 8 -2.621051511972202
8 9 2.2977121282521713
29 9 -0.004872964741874548
30 9 0.15153721026757924
0 10 4.887979293697998
1 10 3.8175378819965844
4 10 3.971688561823843
10 10 4.482514185589833
8 11 3.8017895250284455
10 11 4.377153669932007
9 12 5.070300850491952
12 12 4.782618778040171
30 12 -0.13614486218420188
17 13 6.168913139160062
20 13 6.168913139160062
35 14 3.7411649032120105
14 15 6.168913139160062
35 15 3.335699795103846
19 16 6.168913139160062
23 16 4.5594752267259615
17 17 4.782618778040171
20 17 6.168913139160062
21 17 6.168913139160062
24 17 4.782618778040171
14 18 6.168913139160062
15 18 6.168913139160062
35 18 2.6425526145439004
19 19 4.782618778040171
23 19 5.475765958600117
21 20 6.168913139160062
24 20 6.168913139160062
24 21 6.168913139160062
25 21 5.475765958600117
14 22 5.475765958600117
15 22 6.168913139160062
18 22 6.168913139160062
22 22 4.782618778040171
18 23 4.5594752267259615
22 23 5.475765958600117
23 23 5.147261891628081
24 24 4.782618778040171
25 24 5.475765958600117
26 24 5.188083886148336
6 25 5.475765958600117
7 25 5.475765958600117
26 25 5.188083886148336
85 25 5.475765958600117
6 26 5.475765958600117
7 26 4.782618778040171
25 26 5.188083886148336
26 26 5.188083886148336
27 27 5.070300850491952
28 27 5.986591582366107
42 27 3.460862938057852
28 28 4.782618778040171
42 28 5.475765958600117
8 29 0.33605362222871876
29 29 1.300499395989921
30 29 -1.4120911661352271
35 29 0.009725834679278221
36 29 -2.5438468358001507
27 30 -0.541609970292366
29 30 -1.3754570329554467
30 30 0.4833002727548942
31 30 -0.03078434652637538
35 30 -4.067970494908527
36 30 -0.6528356054025906
27 31 3.971688561823843
31 31 4.259370634275624
32 31 4.887979293697998
33 31 3.2785413812638975
54 31 5.070300850491952
55 31 4.377153669932007
32 32 4.782618778040171
33 32 6.168913139160062
34 32 4.782618778040171
33 33 4.782618778040171
34 33 6.168913139160062
48 33 4.377153669932007
34 34 4.782618778040171
48 34 5.763448031051897
49 34 4.089471597480226
29 35 -0.3531796590100903
30 35 -2.681676133788637
35 35 3.048017722652065
36 35 1.4898731046055151
38 35 2.8656961658581106
39 35 2.6425526145439004
52 35 2.1830202851654605
56 35 3.335699795103846
13 36 4.323086448661732
16 36 3.9176213405535667
17 36 3.629939268101786
19 36 2.5313269794336763
30 36 -2.387436660790697
35 36 1.6440237844327736
36 36 3.6812325624893365
39 36 3.9176213405535667
53 36 3.0703234801663633
35 37 1.5439403258757909
37 37 5.070300850491952
38 37 4.600297221246216
29 38 -1.6788493983135462
35 38 2.6425526145439004
37 38 4.782618778040171
38 38 4.089471597480226
56 38 4.089471597480226
16 39 6.168913139160062
19 39 6.168913139160062
1 40 4.0406814333107945
2 40 2.585394200703952
40 40 5.070300850491952
41 41 5.070300850491952
57 41 6.168913139160062
58 41 5.070300850491952
59 41 5.763448031051897
41 42 5.252622407285907
42 42 5.147261891628081
43 43 4.782618778040171
48 43 4.377153669932007
49 43 5.475765958600117
29 44 0.5829137001602446
30 44 -1.052435594058357
44 44 4.741796783519916
30 45 0.37468076158178887
45 45 4.782618778040171
30 46 -1.6402222589604758
45 46 5.986591582366107
46 46 5.070300850491952
46 47 5.475765958600117
47 47 5.188083886148336
43 48 4.377153669932007
48 48 3.971688561823843
49 48 5.070300850491952
62 48 4.377153669932007
63 48 5.070300850491952
64 48 5.070300850491952
43 49 5.475765958600117
48 49 4.377153669932007
49 49 4.49493670558839
63 49 4.782618778040171
64 49 5.475765958600117
3 50 5.475765958600117
5 50 6.168913139160062
66 51 6.168913139160062
29 52 -1.8506996552402053
30 52 -1.540138800403493
36 52 1.3786474694952908
44 52 2.7136485362276312
51 52 4.323086448661732
52 52 3.6812325624893365
66 52 3.2244741599936217
67 52 3.2244741599936217
53 53 4.985143042151646
67 53 3.124390701436639
68 53 5.321615278772859
69 53 2.836708628984858
47 54 4.782618778040171
55 54 6.168913139160062
47 55 5.698909509914326
55 55 4.782618778040171
35 56 3.335699795103846
38 56 4.089471597480226
58 57 6.168913139160062
59 57 6.168913139160062
60 57 4.377153669932007
60 58 4.377153669932007
70 58 6.168913139160062
71 58 6.168913139160062
58 59 6.168913139160062
60 59 4.377153669932007
70 59 6.168913139160062
44 60 4.5594752267259615
60 60 4.782618778040171
70 60 4.377153669932007
71 60 4.377153669932007
75 60 4.377153669932007
60 61 5.293444401806163
61 61 4.782618778040171
60 62 3.6840064893720617
61 62 6.168913139160062
62 62 4.782618778040171
61 63 5.475765958600117
62 63 6.168913139160062
62 64 6.168913139160062
63 64 6.168913139160062
5 65 5.881231066708281
50 65 6.168913139160062
65 65 4.782618778040171
52 66 3.2244741599936217
66 66 5.070300850491952
67 66 4.377153669932007
30 67 -1.6402222589604758
52 67 3.7352997837596122
67 67 3.6840064893720617
69 67 3.6840064893720617
74 67 4.377153669932007
67 68 4.377153669932007
69 68 5.475765958600117
30 69 -0.8292920427441471
35 69 1.25625825342401
52 69 1.838179798873731
67 69 2.9908593088121163
69 69 3.396324416920281
73 69 3.866328046166016
74 69 5.475765958600117
76 69 3.6840064893720617
71 70 6.168913139160062
75 70 6.168913139160062
78 70 6.168913139160062
75 71 6.168913139160062
78 71 6.168913139160062
82 71 5.475765958600117
50 72 5.475765958600117
65 72 6.168913139160062
72 72 4.782618778040171
30 73 -2.1510478827264663
35 73 1.0331147021098004
52 73 1.6150362475595212
67 73 3.460862938057852
69 73 4.5594752267259615
73 73 4.336331675411752
76 73 4.154010118617797
73 74 4.5594752267259615
76 74 5.763448031051897
78 75 6.168913139160062
82 75 6.168913139160062
35 76 1.5439403258757909
69 76 3.6840064893720617
73 76 5.252622407285907
76 76 3.971688561823843
65 77 5.475765958600117
72 77 6.168913139160062
82 78 6.168913139160062
84 78 5.475765958600117
72 79 6.168913139160062
77 79 6.168913139160062
69 80 4.089471597480226
73 80 4.5594752267259615
76 80 5.070300850491952
80 80 4.782618778040171
72 81 5.475765958600117
77 81 6.168913139160062
79 81 6.168913139160062
82 82 4.782618778040171
83 82 4.782618778040171
84 82 6.168913139160062
76 83 4.377153669932007
80 83 6.168913139160062
83 83 4.782618778040171
80 84 4.782618778040171
83 84 6.168913139160062
84 84 4.782618778040171
77 85 6.168913139160062
79 85 6.168913139160062
81 85 6.168913139160062
