2 0 4.922411060681417
7 0 4.922411060681417
0 1 4.922411060681417
1 1 3.536116699561526
2 1 4.634728988229636
2 2 3.536116699561526
7 2 4.922411060681417
8 2 4.922411060681417
20 2 4.229263880121471
76 3 0.16882086957505205
82 3 4.922411060681417
5 4 4.922411060681417
6 4 4.922411060681417
78 4 4.922411060681417
6 5 4.922411060681417
77 5 4.229263880121471
78 5 4.922411060681417
77 6 4.922411060681417
78 6 4.922411060681417
8 7 4.922411060681417
20 7 4.922411060681417
22 7 4.922411060681417
20 8 4.922411060681417
21 8 4.229263880121471
22 8 4.922411060681417
4 9 4.922411060681417
5 9 4.922411060681417
6 9 4.922411060681417
4 10 4.922411060681417
5 10 4.922411060681417
9 10 4.922411060681417
12 11 4.922411060681417
31 11 4.922411060681417
12 12 3.536116699561526
30 12 4.634728988229636
31 12 4.922411060681417
11 13 4.922411060681417
12 13 4.922411060681417
15 14 4.229263880121471
40 14 4.922411060681417
83 14 4.922411060681417
14 15 4.229263880121471
15 15 3.536116699561526
40 15 4.922411060681417
74 15 2.283353731066158
83 15 4.229263880121471
16 16 3.9415818076696905
17 16 4.634728988229636
32 16 3.536116699561526
33 16 4.229263880121471
32 17 4.922411060681417
33 17 4.922411060681417
53 17 4.229263880121471
11 18 4.922411060681417
12 18 4.229263880121471
13 18 4.922411060681417
3 19 4.922411060681417
76 19 -0.5243263109848932
82 19 4.922411060681417
21 20 4.922411060681417
22 20 4.922411060681417
21 21 3.536116699561526
38 21 4.229263880121471
39 21 4.922411060681417
21 22 4.922411060681417
39 22 4.229263880121471
24 23 4.229263880121471
25 23 4.922411060681417
26 23 4.922411060681417
4 24 4.229263880121471
9 24 4.922411060681417
10 24 4.922411060681417
24 24 3.536116699561526
10 25 4.922411060681417
24 25 4.922411060681417
24 26 4.922411060681417
25 26 4.922411060681417
27 27 3.9415818076696905
36 27 4.229263880121471
14 28 4.922411060681417
15 28 4.634728988229636
28 28 3.536116699561526
15 29 3.536116699561526
28 29 4.922411060681417
29 29 3.536116699561526
30 30 3.536116699561526
44 30 4.229263880121471
45 30 4.922411060681417
51 30 4.922411060681417
30 31 4.922411060681417
51 31 4.922411060681417
52 32 4.922411060681417
53 32 4.922411060681417
32 33 4.922411060681417
53 33 4.922411060681417
27 34 4.634728988229636
67 35 3.823798772013307
68 35 4.922411060681417
35 36 4.922411060681417
36 36 3.823798772013307
67 36 2.0320393027852517
68 36 4.516945952573252
3 37 4.922411060681417
19 37 4.922411060681417
82 37 4.922411060681417
54 38 4.922411060681417
55 38 4.922411060681417
57 38 4.922411060681417
38 39 4.922411060681417
39 39 3.536116699561526
55 39 4.229263880121471
57 39 4.922411060681417
74 40 3.6696480921860486
83 40 4.922411060681417
23 41 4.922411060681417
26 41 4.922411060681417
42 41 4.922411060681417
23 42 4.922411060681417
25 42 4.922411060681417
26 42 4.922411060681417
43 43 3.536116699561526
46 43 4.922411060681417
47 43 4.922411060681417
48 43 4.229263880121471
43 44 4.922411060681417
46 44 4.922411060681417
43 45 4.922411060681417
44 45 4.922411060681417
47 46 4.922411060681417
48 46 4.922411060681417
49 46 4.922411060681417
48 47 4.922411060681417
49 47 4.922411060681417
50 47 4.922411060681417
29 48 4.229263880121471
49 48 4.922411060681417
50 48 4.922411060681417
29 49 4.922411060681417
50 49 4.922411060681417
28 50 4.229263880121471
29 50 4.922411060681417
43 51 4.229263880121471
44 51 4.922411060681417
45 51 4.922411060681417
59 52 4.634728988229636
52 53 4.922411060681417
53 53 3.536116699561526
59 53 3.9415818076696905
60 54 4.229263880121471
63 54 4.922411060681417
54 55 4.922411060681417
60 55 3.536116699561526
63 55 4.922411060681417
3 56 4.229263880121471
19 56 4.922411060681417
37 56 4.922411060681417
56 56 3.536116699561526
54 57 4.922411060681417
55 57 4.922411060681417
63 57 4.922411060681417
23 58 4.229263880121471
41 58 4.922411060681417
42 58 4.922411060681417
58 58 3.536116699561526
59 59 3.9415818076696905
61 59 4.634728988229636
62 59 3.9415818076696905
60 60 3.9415818076696905
69 60 4.229263880121471
62 61 4.922411060681417
70 61 4.229263880121471
56 62 3.536116699561526
62 62 3.536116699561526
70 62 4.922411060681417
60 63 4.634728988229636
16 64 4.229263880121471
64 64 3.823798772013307
27 65 3.9415818076696905
34 65 4.922411060681417
65 65 3.536116699561526
66 66 3.9415818076696905
67 66 3.536116699561526
34 67 3.1306515914533617
65 67 4.046942323327516
67 67 3.1306515914533617
74 67 2.976500911626103
67 68 4.229263880121471
69 69 3.823798772013307
71 69 4.740089503887462
81 69 3.823798772013307
37 70 4.229263880121471
56 70 4.922411060681417
70 70 3.536116699561526
58 71 4.634728988229636
71 71 3.536116699561526
81 71 4.922411060681417
18 72 2.4375044108934163
64 72 2.0320393027852517
72 72 3.248434627109745
73 72 3.3537951427675714
76 72 -3.0092329607728936
11 73 4.229263880121471
13 73 4.922411060681417
18 73 4.922411060681417
73 73 3.536116699561526
74 74 2.6400286750048902
76 74 0.30235226219957445
66 75 3.1306515914533617
75 75 3.0929112634705147
76 75 -2.0284037077611674
89 75 2.907508040139152
64 76 -0.23664423853311248
72 76 -0.8120083834366743
74 76 -1.0839420989203161
75 76 -0.0824935587058541
76 76 0.5196598518513039
79 76 0.16882086957505205
76 77 0.39196442088926176
77 77 3.536116699561526
76 78 -0.5243263109848932
77 78 4.922411060681417
79 79 3.823798772013307
80 79 4.229263880121471
80 80 3.9415818076696905
86 80 3.9415818076696905
87 80 2.4375044108934163
41 81 4.922411060681417
58 81 4.922411060681417
76 82 0.5742859776832163
74 83 3.6696480921860486
76 83 -0.5243263109848932
74 84 2.976500911626103
76 84 0.16882086957505205
76 85 -0.11886120287672894
84 85 4.922411060681417
85 85 3.536116699561526
84 86 4.229263880121471
85 86 4.229263880121471
87 86 3.1306515914533617
85 87 3.1306515914533617
86 87 3.1306515914533617
87 87 3.5724843437324005
1 88 4.922411060681417
90 88 4.922411060681417
1 89 2.6198259676873707
88 89 4.411585436915426
89 89 3.900759813149435
90 89 4.0061203288072615
0 90 4.922411060681417
1 90 4.922411060681417
