0 0 0.35354009062464675
3 0 0.38521694727821687
4 0 -0.020248160829947535
5 0 -2.737777105886701
0 1 0.3852169472782167
0 2 -0.020248160829947535
1 2 3.447717397297048
4 3 3.447717397297048
5 3 2.116482813360185
5 4 2.521947921468349
5 5 1.9189518379027015
6 5 -0.6561059088795962
7 5 1.7110177052520206
9 5 2.2706334931874435
10 5 0.17057266430487172
11 5 1.4746289271877902
12 5 -0.46373401623214
5 6 1.9829514207356624
7 6 2.908720896564361
8 6 0.8292793548845252
9 6 1.9924301646902063
11 6 1.0628942060660302
12 6 -0.8754687373538999
5 7 0.32472334413212994
6 7 2.2155737160044158
8 7 1.8101086078962514
9 7 1.5869650565820417
10 7 3.042252289188884
11 7 2.0437234590777567
12 7 0.10536051565782635
5 8 1.1356535603484585
6 8 2.7751895039398384
8 8 0.42381424677636087
9 8 1.2992829841302609
10 8 2.572248659943148
11 8 1.910192066453234
12 8 0.10536051565782635
5 9 -1.2847145683019703
6 9 1.2992829841302609
7 9 2.6855773452501515
8 9 0.8938178760220964
10 9 1.4328143767547836
11 9 2.3801956956989696
12 9 1.540445040947149
6 10 2.0614230361771577
8 10 1.6559579280689933
11 10 2.449188567185921
12 10 1.5606477482646683
5 11 -0.42249105769809103
6 11 1.7560413866259756
8 11 1.3505762785178113
12 11 2.0881752216485907
0 12 -2.9571399343610048
1 12 1.8971199848858813
2 12 2.302585092994046
5 12 -2.0731719286662402
6 12 1.0704414117014134
8 12 1.9379419794061366
9 12 -0.8109302162163285
10 12 1.5606477482646683
11 12 -0.13102826240640403
12 12 1.668278412457034
