0 0 0.07052049632786254
5 0 -0.20726050514120659
7 0 -0.8358691645635808
8 0 -2.627628633791636
0 1 0.08042156731057422
5 2 4.007333185232471
7 2 3.784189633918261
8 2 2.6855773452501515
0 3 -0.3250435407975902
1 3 4.295015257684252
2 4 4.700480365792417
5 4 3.3141860046725258
6 4 4.700480365792417
7 4 3.784189633918261
8 4 1.9924301646902063
7 5 3.784189633918261
8 5 3.378724525810097
7 6 3.784189633918261
8 6 3.378724525810097
8 7 3.784189633918261
0 8 -3.0330937418998003
1 8 2.9732594177019323
3 8 3.378724525810097
8 8 2.6855773452501515
11 8 3.784189633918261
12 8 3.378724525810097
13 8 1.5869650565820417
0 9 -1.0181907213575354
1 9 4.295015257684252
3 9 4.295015257684252
1 10 4.295015257684252
3 10 4.295015257684252
9 10 5.393627546352362
12 11 4.295015257684252
13 11 3.8895501495760874
13 12 4.295015257684252
2 13 3.8895501495760874
3 13 2.0977906803480324
4 13 4.295015257684252
5 13 1.8101086078962514
6 13 3.8895501495760874
7 13 1.5869650565820417
9 13 3.8895501495760874
10 13 4.295015257684252
13 13 3.196402969016142
