0 0 1.4112320069521818
3 0 0.47182346596272146
7 0 1.1202347526812755
8 0 -0.5890484947225412
10 0 0.23293155768037266
11 0 -1.9880818816198618
12 0 -2.777689328367369
13 0 0.589606501619105
14 0 -2.243606842437111
16 0 0.8127500529333147
17 0 0.07878087785311438
18 0 -1.9361221426891504
20 0 0.589606501619105
21 0 -2.3548324775473355
22 0 -4.735028173246305
0 1 1.1014134109478215
1 1 -0.8773608855059378
3 1 0.7540559336469378
4 1 -0.9199204999247338
7 1 1.5649861498632665
8 1 -0.3068160270383248
10 1 0.3610133455373305
12 1 -1.109162499563262
13 1 1.5649861498632665
14 1 -0.5750800136330042
15 1 -0.8176416508043155
16 1 1.9704512579714308
17 1 1.7473077066572211
20 1 1.5649861498632665
21 1 -0.6863056487432287
0 2 0.978811088855489
7 2 1.704748092238425
10 2 1.704748092238425
18 2 1.4816045409242156
0 3 -0.5252663079207851
1 3 1.159521041755102
3 3 1.692325572239868
7 3 0.20067069546215105
8 3 2.7108951532344414
10 3 1.8101086078962514
11 3 -0.07443259478276978
18 3 0.6706743247078867
0 4 0.5733459807473246
1 4 2.024518479241707
3 4 1.1169614273363062
7 4 0.8292793548845252
8 4 1.4423838277709342
10 4 0.6061358035703155
11 4 -1.4607269559026603
13 4 1.5224265354444706
16 4 1.5224265354444706
17 4 1.7047480922384253
18 4 -1.0033021088637848
20 4 1.5224265354444706
21 4 -0.7288652631620246
0 5 0.16788087263916016
1 5 1.8526682223150475
7 5 1.992430164690206
8 5 1.730065900222715
10 5 1.2992829841302609
11 5 -0.07443259478276978
0 6 0.16788087263916016
2 6 4.295015257684252
4 6 1.1169614273363062
7 6 1.2992829841302609
9 6 4.295015257684252
10 6 1.992430164690206
0 7 -2.4223862928066664
1 7 -0.7375989431307791
3 7 2.280112237141987
4 7 -0.7801585575495751
6 7 1.2992829841302609
8 7 1.6247053845648887
10 7 1.9671123567059163
11 7 0.22567199766756826
12 7 -0.2762533766281581
14 7 0.950976289862045
15 7 -0.6778797084291569
17 7 2.174751721484161
18 7 0.9707789171582248
21 7 0.14660347419187544
22 7 -2.9267394020670396
0 8 -1.991603376714212
1 8 -0.3068160270383248
3 8 1.730065900222715
4 8 0.3437715391028244
8 8 0.9568760119892332
10 8 2.230841188135204
11 8 0.6564549137600224
14 8 0.6886120253945539
17 8 1.2192402764567245
18 8 0.9960967251425147
21 8 0.5773863902843296
22 8 -2.495956485974585
1 9 2.258133330423212
4 9 2.2155737160044158
10 9 2.3978952727983702
1 10 0.3610133455373305
4 10 0.6061358035703155
5 10 1.992430164690206
6 10 1.2992829841302609
8 10 -0.1670540846631662
9 10 2.3978952727983702
10 10 -0.5978370007556204
11 10 1.2065012506792945
12 10 -0.2762533766281581
14 10 1.3564413979702095
16 10 1.0116009116784797
18 10 1.4816045409242156
21 10 0.5520685823000396
22 10 -2.9267394020670396
0 11 -1.3111952219316965
1 11 1.0667393083041359
2 11 1.02417969388534
3 11 -1.1730448834508795
4 11 1.3724863881535556
6 11 1.02417969388534
7 11 -0.5852582185487606
8 11 0.0686682488579035
10 11 -1.9715525796686513
11 11 1.0735724492149163
12 11 -1.2445038474330243
14 11 0.2704078915089597
15 11 -2.0515952873421877
17 11 -0.5852582185487606
18 11 1.2392910735022855
19 11 -0.47989770289093414
21 11 0.718798044334158
22 11 -2.221013439300234
1 12 0.9702790421165738
4 12 1.556328087120152
6 12 0.9277194276977776
7 12 -0.9694005571881034
8 12 0.1545295394642961
10 12 -0.9694005571881034
11 12 1.3704559306031738
12 12 -1.3409641136205865
14 12 -0.8068816276903286
15 12 -1.0494432648616399
16 12 0.6400373552459968
18 12 1.0046804688339062
21 12 0.4681870983193376
22 12 -3.2983029584995225
11 13 1.7173268744452852
12 13 2.0263317163658874
0 14 -1.566720182748946
1 14 0.5235322750351055
4 14 0.7686547330680904
5 14 2.848096274747926
8 14 -0.004535155165391374
10 14 -0.43531807125784566
11 14 0.6758729996171241
12 14 1.591013645108042
14 14 0.4203480387998747
18 14 0.4401506660960544
19 14 1.7494839860798166
21 14 0.7145875117978148
22 14 -2.7642204725692645
1 15 -0.8329091229351039
4 15 0.9162907318741551
8 15 -0.262364264467491
11 15 0.928869514081015
12 15 1.8797282421740122
14 15 0.8556661100577203
15 15 -0.7731898882334817
18 15 0.1823215567939546
19 15 1.8971199848858813
21 15 0.4567584024957149
22 15 -2.328902401311419
11 16 0.33103251332539463
12 16 1.7386496439141066
13 16 4.007333185232471
15 16 0.9315582040049435
20 16 4.007333185232471
22 16 -0.6241543090729939
11 17 -0.5852582185487606
12 17 1.5155060925998969
14 17 1.6441234704219903
15 17 1.401561833250679
18 17 0.5653138090500605
21 17 1.9383629434199303
22 17 -0.4418327522790392
0 18 -2.6455298441208757
1 18 -0.9607424944449887
2 18 2.174751721484161
5 18 1.7692866133759964
6 18 2.174751721484161
7 18 -0.8209805520698302
8 18 -0.3901976359773759
9 18 2.174751721484161
10 18 -0.8209805520698302
11 18 -0.5852582185487604
12 18 0.7533660405530002
14 18 1.7394336502263152
15 18 0.1975890289247431
18 18 -1.0441241033840396
19 18 1.076139432816051
21 18 1.795262099779257
22 18 -0.2054439742148087
1 19 0.06090875308699252
4 19 0.0183491386681964
5 19 2.0977906803480324
11 19 -0.47989770289093414
12 19 0.9277194276977776
14 19 2.154949094187981
15 19 0.12062798778861472
19 19 1.692325572239868
21 19 1.6382583509695923
22 19 -0.33647223662121306
11 20 0.33103251332539463
12 20 1.333184535805942
15 20 1.6247053845648887
22 20 0.4744579795951157
11 21 -1.9202592852811007
12 21 0.1805050258675566
14 21 -0.384024776870295
15 21 1.3193237350137068
18 21 -0.7696872576822796
19 21 1.3505762785178113
21 21 -0.49525041198051944
22 21 0.8134333464344473
4 22 -2.423997896701008
11 22 -1.9106438265816585
12 22 -0.08751125203128086
14 22 -2.079157410409278
15 22 0.7917962616297848
19 22 -0.19040567519391374
21 22 -2.1903830455195026
22 22 1.0034746267629446
