0 0 0.0902924952476519
5 0 0.11669666944416265
6 0 -0.28876843866400176
7 0 -2.0805279078920567
0 1 0.11669666944416265
0 2 0.11669666944416265
0 3 -0.28876843866400176
1 3 4.051784947803305
0 4 -0.28876843866400176
2 4 4.051784947803305
6 5 3.3586377672433594
7 5 2.9531726591351948
7 6 3.3586377672433594
0 7 -2.773675088452002
1 7 2.9531726591351948
3 7 3.3586377672433594
7 7 2.26002547857525
8 7 3.3586377672433594
9 7 2.9531726591351948
10 7 1.16141318990714
9 8 4.051784947803305
10 8 3.64631983969514
10 9 4.051784947803305
0 10 -2.0805279078920567
2 10 3.64631983969514
4 10 4.051784947803305
10 10 2.9531726591351948
